TractFIPS,TotalPopulation,TotalPop_18plus,TotalPop_under18
1001020100,1775,1370,405
1001020200,2055,1584,471
1001020300,3216,2485,731
1001020400,4246,3344,902
1001020501,4322,3369,953
1001020502,3284,2382,902
1001020503,3616,2769,847
1001020600,3729,2768,961
1001020700,3409,2580,829
1001020801,3143,2377,766
1001020803,4635,3475,1160
1001020804,6064,4291,1773
1001020805,3122,2341,781
1001020901,3268,2399,869
1001020902,3091,2369,722
1001021000,2645,2047,598
1001021100,3185,2573,612
1003010100,3745,2991,754
1003010200,3000,2307,693
1003010300,8380,6594,1786
1003010400,5722,4419,1303
1003010500,4850,3957,893
1003010600,3234,2356,878
1003010704,5307,4083,1224
1003010706,4038,3157,881
1003010707,4994,3866,1128
1003010708,11585,8323,3262
1003010709,11650,8381,3269
1003010710,6156,4731,1425
1003010711,4230,3380,850
1003010800,7807,6208,1599
1003010903,6599,5121,1478
1003010904,7747,6014,1733
1003010906,4754,3625,1129
1003010907,4081,3169,912
1003010908,5979,4330,1649
1003011000,5459,4265,1194
1003011102,5684,4189,1495
1003011103,3523,2695,828
1003011104,7875,6163,1712
1003011201,4895,3980,915
1003011202,6773,5511,1262
1003011300,5170,4229,941
1003011409,5915,4487,1428
1003011410,7483,6074,1409
1003011411,5666,4593,1073
1003011412,4041,3276,765
1003011413,3982,3282,700
1003011414,3461,2904,557
1003011415,2019,1849,170
1003011416,1714,1525,189
1003011417,2525,2029,496
1003011418,1773,1542,231
1003011419,5154,4481,673
1003011501,7216,5866,1350
1003011503,7482,5907,1575
1003011504,6431,5310,1121
1003011601,7517,5895,1622
1003011603,3298,2842,456
1003011604,2853,2565,288
1005950100,3126,2489,637
1005950200,3363,2926,437
1005950300,1370,1125,245
1005950400,3998,3445,553
1005950500,3105,2539,566
1005950600,1858,1416,442
1005950700,1590,1218,372
1005950800,2175,1677,498
1005950900,4638,3299,1339
1007010001,2634,2026,608
1007010005,4204,3174,1030
1007010006,1728,1292,436
1007010007,2376,1859,517
1007010008,2770,2167,603
1007010009,2475,1895,580
1007010010,2853,2259,594
1007010011,3253,2861,392
1009050103,1749,1327,422
1009050104,2036,1601,435
1009050105,5525,4260,1265
1009050106,3023,2328,695
1009050107,2975,2289,686
1009050200,3879,2936,943
1009050301,2880,2221,659
1009050302,2509,1919,590
1009050400,4550,3530,1020
1009050501,4272,3181,1091
1009050502,3196,2444,752
1009050601,4166,3187,979
1009050603,4007,2973,1034
1009050604,5323,4178,1145
1009050701,5834,4539,1295
1009050702,3210,2490,720
1011952100,1272,993,279
1011952201,2423,1820,603
1011952202,4341,3640,701
1011952500,2321,1903,418
1013952700,2515,1933,582
1013952800,1411,1095,316
1013952900,1959,1544,415
1013953000,1230,956,274
1013953100,2526,1916,610
1013953200,3987,3131,856
1013953300,1712,1403,309
1013953400,2392,1911,481
1013953500,1319,1014,305
1015000200,2929,2297,632
1015000300,2314,1853,461
1015000400,2423,1922,501
1015000500,1097,874,223
1015000600,1780,1405,375
1015000700,2952,2183,769
1015000800,1752,1579,173
1015000900,3417,2891,526
1015001000,5718,4678,1040
1015001101,1772,1420,352
1015001102,1442,1051,391
1015001103,3663,2773,890
1015001201,3361,2618,743
1015001202,4304,3201,1103
1015001300,2006,1594,412
1015001400,3160,2539,621
1015001501,3421,2645,776
1015001502,1724,1363,361
1015001600,3513,2729,784
1015001700,6023,4782,1241
1015001801,2440,1891,549
1015001802,4371,3324,1047
1015002001,2739,2097,642
1015002002,4763,3587,1176
1015002101,5300,5093,207
1015002102,3243,2571,672
1015002104,3914,3111,803
1015002105,2887,2244,643
1015002200,3625,2891,734
1015002300,3717,2867,850
1015002400,4402,3476,926
1015002502,4553,3571,982
1015002503,3861,3020,841
1015002504,3181,2452,729
1015002600,4664,3691,973
1017953800,3156,2701,455
1017953900,3292,2598,694
1017954001,2230,1869,361
1017954002,3908,3216,692
1017954200,3309,2615,694
1017954300,5637,4551,1086
1017954600,3844,2948,896
1017954700,4489,3483,1006
1017954800,4907,3810,1097
1019955701,3365,2739,626
1019955702,3702,2989,713
1019955801,2084,1698,386
1019955802,3087,2447,640
1019955900,4171,3223,948
1019956000,4053,3398,655
1019956101,1931,1544,387
1019956102,2578,2131,447
1021060101,5136,3967,1169
1021060103,3310,2453,857
1021060104,3348,2611,737
1021060200,2751,2166,585
1021060300,3910,3035,875
1021060401,5749,4344,1405
1021060403,3818,2832,986
1021060404,5517,4165,1352
1021060500,2995,2337,658
1021060600,3294,2486,808
1021060701,2552,1921,631
1021060702,2634,2068,566
1023956700,2783,2268,515
1023956800,4175,3353,822
1023956900,3628,2873,755
1023957000,2079,1674,405
1025957500,1531,1256,275
1025957601,934,692,242
1025957603,2111,1708,403
1025957604,2688,2060,628
1025957700,1087,862,225
1025957800,4865,3837,1028
1025957901,3274,2613,661
1025957902,3794,3012,782
1025958003,2803,2209,594
1027958900,5629,4402,1227
1027959000,3205,2571,634
1027959100,2940,2343,597
1027959200,2462,1983,479
1029959500,2547,1983,564
1029959600,4206,3290,916
1029959700,3523,2728,795
1029959800,4780,3619,1161
1031010100,2143,1645,498
1031010200,1853,1465,388
1031010300,5151,3993,1158
1031010400,1914,1550,364
1031010500,4412,3531,881
1031010600,1522,1204,318
1031010700,2200,1757,443
1031010800,3196,2568,628
1031010900,2159,1625,534
1031011000,3748,2724,1024
1031011100,2077,1561,516
1031011203,5259,3887,1372
1031011204,4116,3023,1093
1031011205,4206,2982,1224
1031011206,4877,3882,995
1031011300,4632,3377,1255
1033020100,3599,2796,803
1033020200,1883,1515,368
1033020300,2273,1734,539
1033020400,1504,1213,291
1033020500,5150,4074,1076
1033020600,4769,3763,1006
1033020703,6796,5309,1487
1033020704,4727,3653,1074
1033020705,1388,1111,277
1033020706,5857,4462,1395
1033020801,4182,3406,776
1033020802,3422,2723,699
1033020901,4287,3338,949
1033020902,3712,3053,659
1033021000,3678,2928,750
1035960200,1472,1170,302
1035960300,1579,1297,282
1035960400,2936,2420,516
1035960500,1591,1259,332
1035960600,4019,3131,888
1037961000,3697,3002,695
1037961100,3625,2985,640
1037961200,3065,2616,449
1039961600,4467,3523,944
1039961700,3749,2928,821
1039961800,3114,2438,676
1039961900,2192,1681,511
1039962000,3911,3094,817
1039962100,1798,1376,422
1039962300,3315,2575,740
1039962400,3440,2706,734
1039962500,1550,1243,307
1039962600,1373,1039,334
1039962700,1690,1245,445
1039962800,1693,1329,364
1039962900,1830,1431,399
1039963000,3448,2779,669
1041963400,1850,1441,409
1041963500,1962,1544,418
1041963600,2829,2207,622
1041963700,3621,2857,764
1041963800,1561,1205,356
1041963900,1371,1106,265
1043964100,5974,4646,1328
1043964201,3663,2825,838
1043964202,4140,3218,922
1043964300,5372,4166,1206
1043964400,4562,3423,1139
1043964500,4629,3514,1115
1043964600,4046,3161,885
1043964700,5369,3983,1386
1043964800,4638,3563,1075
1043964901,3371,2631,740
1043964902,4064,3135,929
1043965001,2652,2002,650
1043965002,4751,3762,989
1043965100,4255,3238,1017
1043965200,2395,1821,574
1043965300,4944,3856,1088
1043965401,3171,2647,524
1043965402,4556,3512,1044
1043965501,1484,1190,294
1043965502,4423,3537,886
1043965600,2455,2034,421
1043965700,2952,2376,576
1045020000,4474,2988,1486
1045020100,3911,3100,811
1045020200,2186,1715,471
1045020300,2375,1864,511
1045020400,2423,2042,381
1045020500,1934,1474,460
1045020700,3358,2504,854
1045020801,3163,2448,715
1045020802,4328,3464,864
1045021101,4770,3698,1072
1045021102,4153,3237,916
1045021200,2391,1918,473
1045021300,4231,3354,877
1045021400,5629,4242,1387
1047956101,3889,3064,825
1047956102,2639,2069,570
1047956201,2103,1715,388
1047956202,2251,1748,503
1047956300,3616,2708,908
1047956400,2645,1932,713
1047956500,2883,2105,778
1047956600,2787,2102,685
1047956701,1899,1494,405
1047956702,1471,1114,357
1047956800,2709,2034,675
1047956900,2303,1848,455
1047957000,1080,863,217
1047957100,1157,940,217
1047957200,1592,1252,340
1047957301,2284,1686,598
1047957302,1154,939,215
1049960101,1847,1483,364
1049960102,3709,2921,788
1049960200,3518,2737,781
1049960301,956,709,247
1049960302,1343,1092,251
1049960303,4567,3509,1058
1049960401,1289,1040,249
1049960402,5587,4207,1380
1049960500,5125,4013,1112
1049960601,1547,1156,391
1049960602,4855,3603,1252
1049960701,2320,1716,604
1049960702,1294,1006,288
1049960703,5153,3401,1752
1049960800,4595,3309,1286
1049960900,3995,3113,882
1049961000,3950,3037,913
1049961100,3336,2445,891
1049961200,2425,1813,612
1049961300,5981,4263,1718
1049961400,4216,3347,869
1051030101,3711,2798,913
1051030102,2353,1701,652
1051030103,5534,5105,429
1051030200,4970,4042,928
1051030300,2766,2417,349
1051030401,3332,2546,786
1051030402,4757,3737,1020
1051030500,5272,4055,1217
1051030600,7432,6006,1426
1051030701,8391,6333,2058
1051030702,4073,3252,821
1051030801,2255,1766,489
1051030802,4317,3279,1038
1051030901,6862,5171,1691
1051030902,4120,3093,1027
1051031001,4017,2984,1033
1051031002,3610,2717,893
1051031100,4267,3310,957
1051031200,1781,1374,407
1051031300,4157,3319,838
1053969801,1453,1122,331
1053969802,4099,3119,980
1053969900,4399,3372,1027
1053970100,4600,3615,985
1053970200,1578,1279,299
1053970300,3748,2841,907
1053970400,4511,3754,757
1053970500,4976,3813,1163
1053970600,3707,2830,877
1053970700,3686,2830,856
1055000200,3080,2419,661
1055000300,2350,1700,650
1055000400,3947,3166,781
1055000500,1810,1364,446
1055000600,1813,1399,414
1055000700,1134,814,320
1055000800,910,699,211
1055000900,2506,1919,587
1055001000,1208,899,309
1055001100,5108,4090,1018
1055001200,3101,2604,497
1055001300,2346,1768,578
1055001600,3271,2678,593
1055001700,1504,1234,270
1055010100,2033,1647,386
1055010201,2702,2030,672
1055010202,2563,2006,557
1055010300,2849,2306,543
1055010401,3452,2634,818
1055010402,6148,4861,1287
1055010503,4360,3402,958
1055010504,4746,3783,963
1055010505,2817,2275,542
1055010506,2344,1851,493
1055010601,5600,4490,1110
1055010602,4004,3135,869
1055010700,3589,2887,702
1055010800,2791,2240,551
1055010900,1789,1404,385
1055011001,4660,3635,1025
1055011002,4797,3697,1100
1055011100,5401,4112,1289
1055011200,2703,1973,730
1057020000,1501,1190,311
1057020100,3499,2728,771
1057020200,4117,3340,777
1057020300,3625,2795,830
1057020400,3579,2738,841
1059972900,3971,3021,950
1059973000,6028,4156,1872
1059973100,2499,1963,536
1059973200,4243,3012,1231
1059973300,3282,2425,857
1059973400,2682,2085,597
1059973500,2213,1735,478
1059973600,1744,1334,410
1059973701,1418,1096,322
1059973702,957,737,220
1059973703,3076,2367,709
1061050100,4890,3756,1134
1061050200,2091,1654,437
1061050300,5173,4065,1108
1061050400,6004,4711,1293
1061050500,4499,3537,962
1061050600,4002,3097,905
1063060000,1366,1131,235
1063060101,2068,1494,574
1063060102,2097,1732,365
1063060200,2199,1713,486
1065040000,3624,2777,847
1065040100,1627,1292,335
1065040200,1396,1117,279
1065040300,1946,1546,400
1065040401,3153,2442,711
1065040402,1559,1172,387
1065040500,1480,1137,343
1067030100,1675,1367,308
1067030200,2532,2018,514
1067030300,2994,2567,427
1067030400,1796,1427,369
1067030500,6630,5064,1566
1067030600,1519,1198,321
1069040100,5916,4399,1517
1069040203,3289,2548,741
1069040204,5884,4727,1157
1069040205,5732,4500,1232
1069040206,4597,3670,927
1069040301,3883,2986,897
1069040302,3916,2989,927
1069040400,2562,2013,549
1069040500,3566,2866,700
1069040600,1985,1533,452
1069040700,2638,1956,682
1069040801,4852,3697,1155
1069040802,4480,3278,1202
1069040900,5532,4308,1224
1069041000,5071,3762,1309
1069041100,3674,2857,817
1069041200,2294,1728,566
1069041400,3311,2481,830
1069041500,4184,3136,1048
1069041600,5438,4197,1241
1069041700,1343,1061,282
1069041800,2050,1663,387
1069041901,2783,2176,607
1069041902,4635,3661,974
1069042000,5197,4169,1028
1069042100,8390,6285,2105
1071950101,2882,2304,578
1071950102,3194,2534,660
1071950200,3360,2670,690
1071950301,2628,2065,563
1071950302,3089,2348,741
1071950400,1987,1608,379
1071950500,3416,2692,724
1071950601,3109,2523,586
1071950602,2451,1883,568
1071950700,4654,3769,885
1071950800,4135,3267,868
1071950901,1692,1369,323
1071950902,4462,3587,875
1071951000,4349,3418,931
1071951101,4295,3426,869
1071951102,2876,2305,571
1073000100,2809,2004,805
1073000300,1757,1390,367
1073000400,2912,2214,698
1073000500,3037,2094,943
1073000700,2252,1510,742
1073000800,3306,2728,578
1073001100,4420,3414,1006
1073001200,2496,2053,443
1073001400,1791,1473,318
1073001500,2452,2007,445
1073001600,2661,2227,434
1073001902,1522,1195,327
1073002000,3478,2808,670
1073002100,2986,2297,689
1073002200,2391,1807,584
1073002303,2998,2009,989
1073002305,3050,2561,489
1073002306,3489,3090,399
1073002401,2693,2456,237
1073002402,1246,677,569
1073002701,1454,1375,79
1073002702,2034,1737,297
1073002900,1838,1483,355
1073003001,3200,2799,401
1073003002,2568,1941,627
1073003100,3051,2426,625
1073003200,1125,846,279
1073003300,754,594,160
1073003400,1955,1554,401
1073003500,2206,1661,545
1073003600,4359,3518,841
1073003700,4423,3502,921
1073003802,4607,3626,981
1073003803,3547,2849,698
1073003900,976,756,220
1073004000,2984,2451,533
1073004200,1741,1471,270
1073004501,3159,3126,33
1073004502,3423,3002,421
1073004701,3482,3302,180
1073004702,3136,2797,339
1073004800,2011,1889,122
1073004901,1211,1166,45
1073004902,3555,3266,289
1073005000,3374,2994,380
1073005101,1081,798,283
1073005103,2575,2119,456
1073005104,2435,2045,390
1073005200,3365,2633,732
1073005302,3484,2847,637
1073005500,1943,1342,601
1073005600,5053,4461,592
1073005701,1990,1571,419
1073005702,3079,2464,615
1073005800,2803,2481,322
1073005903,5149,4013,1136
1073005905,5577,3973,1604
1073005907,2060,1646,414
1073005908,3644,2620,1024
1073005909,2514,1928,586
1073005910,5109,4002,1107
1073010001,5681,4294,1387
1073010002,5155,3874,1281
1073010100,1381,1082,299
1073010200,2285,1788,497
1073010301,2448,1926,522
1073010302,3870,2676,1194
1073010401,3556,2764,792
1073010402,1982,1534,448
1073010500,1581,1193,388
1073010603,2277,1851,426
1073010604,4595,3557,1038
1073010605,936,674,262
1073010701,1817,1351,466
1073010702,4898,3547,1351
1073010703,2552,1872,680
1073010704,5279,4568,711
1073010705,4125,2796,1329
1073010706,4893,4011,882
1073010801,7112,5478,1634
1073010802,3633,2594,1039
1073010803,6514,5262,1252
1073010804,3312,2451,861
1073010806,6486,4908,1578
1073010807,1450,1191,259
1073010900,4719,3410,1309
1073011002,1974,1516,458
1073011003,2194,1694,500
1073011004,3643,2796,847
1073011108,5172,4047,1125
1073011109,4273,3296,977
1073011110,5813,4437,1376
1073011112,3987,2988,999
1073011113,4006,3091,915
1073011114,8019,5707,2312
1073011115,5736,4348,1388
1073011116,2819,2229,590
1073011117,6020,4560,1460
1073011205,2172,1722,450
1073011206,5413,4344,1069
1073011207,5103,3684,1419
1073011208,4559,3363,1196
1073011209,3236,2189,1047
1073011210,3710,2614,1096
1073011301,3562,2769,793
1073011303,3913,2889,1024
1073011304,3748,2784,964
1073011401,2517,1984,533
1073011402,4178,3173,1005
1073011500,6035,4699,1336
1073011600,3863,2987,876
1073011704,4343,3447,896
1073011706,2304,1750,554
1073011707,3825,3089,736
1073011708,6297,4849,1448
1073011709,4956,3745,1211
1073011710,3721,2985,736
1073011803,4902,3352,1550
1073011804,2987,2206,781
1073011805,3552,2574,978
1073011806,3651,2604,1047
1073011901,2926,2223,703
1073011904,2044,1665,379
1073012001,4249,3483,766
1073012003,2246,1743,503
1073012004,5670,4438,1232
1073012103,4277,3432,845
1073012104,2806,2193,613
1073012200,4022,3507,515
1073012302,3918,3083,835
1073012304,2527,1968,559
1073012306,3581,2897,684
1073012307,3900,3019,881
1073012401,3660,2984,676
1073012402,3089,2303,786
1073012403,3414,2640,774
1073012500,4160,3301,859
1073012602,3106,2417,689
1073012701,4081,3258,823
1073012703,7347,5341,2006
1073012704,2505,1974,531
1073012802,3109,2439,670
1073012804,3747,2898,849
1073012805,2255,2071,184
1073012905,4767,3466,1301
1073012907,5151,4108,1043
1073012908,4352,3470,882
1073012910,4703,4077,626
1073012911,6757,5070,1687
1073012913,4421,3409,1012
1073012914,2206,1969,237
1073012916,3948,2994,954
1073012917,3066,2304,762
1073012918,2472,1961,511
1073012919,2841,2192,649
1073012920,3239,2469,770
1073012921,3572,2631,941
1073013002,1811,1312,499
1073013100,3870,2964,906
1073013200,2189,1648,541
1073013300,3074,2376,698
1073013400,4420,3444,976
1073013601,2918,2254,664
1073013801,1907,1490,417
1073013901,1565,1268,297
1073013902,2269,1813,456
1073014001,3864,3066,798
1073014002,3510,2877,633
1073014104,3820,2966,854
1073014105,5057,4036,1021
1073014106,3002,2370,632
1073014107,2093,1671,422
1073014205,3213,2606,607
1073014206,5256,4119,1137
1073014207,6349,4948,1401
1073014208,6433,4964,1469
1073014209,4612,3553,1059
1073014301,3014,2325,689
1073014303,6557,4885,1672
1073014304,4504,3770,734
1073014404,5918,4597,1321
1073014405,4226,3189,1037
1073014406,6219,4713,1506
1073014408,4235,3470,765
1073014409,3341,2729,612
1073014410,5568,4396,1172
1073014412,4329,3207,1122
1073014414,7006,5504,1502
1073014415,3918,2909,1009
1075030000,4412,3470,942
1075030101,3340,2644,696
1075030102,2211,1667,544
1075030200,4009,3238,771
1077010100,2278,2093,185
1077010200,1829,1554,275
1077010300,1250,878,372
1077010400,3429,2961,468
1077010600,2672,2194,478
1077010700,1582,1121,461
1077010800,3670,2768,902
1077010901,3695,3073,622
1077010902,3814,3019,795
1077011000,4483,3560,923
1077011101,5618,4464,1154
1077011102,4518,3694,824
1077011200,4089,3260,829
1077011300,2190,1711,479
1077011401,3358,2629,729
1077011402,2948,2282,666
1077011502,5501,4363,1138
1077011503,3013,2528,485
1077011504,4347,3607,740
1077011602,4798,3754,1044
1077011603,4773,3777,996
1077011605,2713,2188,525
1077011606,4214,3221,993
1077011700,4467,3566,901
1077011801,4576,3621,955
1077011802,3739,3022,717
1079979100,1523,1258,265
1079979201,1874,1527,347
1079979202,2251,1783,468
1079979300,4550,3503,1047
1079979400,4399,3507,892
1079979501,2647,2043,604
1079979502,3245,2521,724
1079979600,5409,4170,1239
1079979700,1990,1563,427
1079979800,3345,2592,753
1079979900,1840,1411,429
1081040201,3760,3265,495
1081040202,3084,2459,625
1081040300,2576,2188,388
1081040401,3532,3010,522
1081040402,2055,1591,464
1081040403,1965,1598,367
1081040501,6514,4859,1655
1081040502,4536,3614,922
1081040602,8254,5751,2503
1081040603,1379,1075,304
1081040605,1754,1608,146
1081040606,2855,2596,259
1081040607,1307,1095,212
1081040700,5173,5107,66
1081040801,2743,2590,153
1081040802,2132,2018,114
1081040901,4226,3436,790
1081040903,1961,1722,239
1081040904,5637,4579,1058
1081041001,7376,5194,2182
1081041002,4218,3382,836
1081041101,2070,1724,346
1081041102,4000,3105,895
1081041103,2280,1678,602
1081041104,3084,2492,592
1081041200,4986,3928,1058
1081041300,3353,2628,725
1081041400,3388,2521,867
1081041600,3573,2650,923
1081041701,3293,2462,831
1081041702,2869,2104,765
1081041703,5114,3852,1262
1081041801,2618,1971,647
1081041802,2764,1986,778
1081041803,2649,2098,551
1081041901,2299,1848,451
1081041902,3513,2646,867
1081041903,3585,2723,862
1081042002,8883,6884,1999
1081042003,3507,2607,900
1081042005,4218,3137,1081
1081042006,1827,1426,401
1081042007,3123,2271,852
1081042008,5961,4171,1790
1081042009,1642,1249,393
1081042101,3993,3040,953
1081042103,2366,1773,593
1081042104,6246,4733,1513
1083020101,4452,3479,973
1083020103,3115,2408,707
1083020104,4037,3119,918
1083020201,5043,3875,1168
1083020202,5219,4035,1184
1083020300,3800,3004,796
1083020402,5798,4459,1339
1083020403,3234,2536,698
1083020404,3047,2444,603
1083020500,3057,2503,554
1083020600,4392,3261,1131
1083020700,2582,1975,607
1083020803,6099,4687,1412
1083020804,5428,4295,1133
1083020805,5310,4604,706
1083020806,3944,3074,870
1083020900,4293,3412,881
1083021000,2386,1881,505
1083021101,3408,2702,706
1083021102,3899,2978,921
1083021201,8733,6068,2665
1083021202,6460,4746,1714
1083021203,5834,4173,1661
1085780800,3359,2769,590
1085781000,2710,2210,500
1085781100,1535,1207,328
1085781200,2707,2097,610
1087231400,1342,1113,229
1087231500,3054,2435,619
1087231601,1132,933,199
1087231602,1602,1260,342
1087231603,1112,916,196
1087231700,2191,2119,72
1087231800,1089,843,246
1087231900,1657,1317,340
1087232000,1583,1297,286
1087232100,1553,1329,224
1087232200,1884,1533,351
1087232300,1333,1131,202
1089000203,5584,4830,754
1089000301,3965,2918,1047
1089000302,3580,2672,908
1089000403,4779,3757,1022
1089000501,1909,1443,466
1089000502,2291,1776,515
1089000503,1767,1356,411
1089000601,1531,1198,333
1089000602,2129,1672,457
1089000701,3167,2343,824
1089000702,2765,2272,493
1089000901,4522,3865,657
1089000902,2023,1786,237
1089001000,2978,2627,351
1089001200,2887,1896,991
1089001301,3574,2912,662
1089001302,1968,1609,359
1089001401,2347,1967,380
1089001403,2653,2266,387
1089001404,3077,2627,450
1089001500,5895,5299,596
1089001700,1920,1521,399
1089001801,3802,2943,859
1089001901,3489,2824,665
1089001902,2278,1980,298
1089001903,2419,1936,483
1089002000,2225,1830,395
1089002100,3182,2291,891
1089002200,2161,1729,432
1089002300,5509,4097,1412
1089002400,5064,3826,1238
1089002501,3210,2543,667
1089002502,3339,2605,734
1089002600,4035,3405,630
1089002701,2730,2292,438
1089002721,4042,3344,698
1089002722,3129,2539,590
1089002801,5142,4362,780
1089002803,5257,3970,1287
1089002804,2720,2294,426
1089002911,4489,3579,910
1089002912,2448,1949,499
1089002922,4210,3343,867
1089002923,3578,2818,760
1089002924,3075,2485,590
1089003000,2837,2210,627
1089003100,3699,3299,400
1089010101,4975,3929,1046
1089010102,5486,4036,1450
1089010200,6041,4648,1393
1089010302,4389,3370,1019
1089010303,3571,2737,834
1089010304,5751,4410,1341
1089010403,3096,2312,784
1089010404,3034,2390,644
1089010405,3673,2866,807
1089010406,2987,2307,680
1089010502,4002,2948,1054
1089010503,6342,4691,1651
1089010504,7570,5734,1836
1089010612,7139,5713,1426
1089010623,7376,5559,1817
1089010625,4834,4015,819
1089010626,3584,3098,486
1089010627,4502,4014,488
1089010628,3341,2551,790
1089010629,5136,3897,1239
1089010630,3195,2626,569
1089010631,4782,3730,1052
1089010703,4658,3420,1238
1089010704,6164,4717,1447
1089010705,3248,2471,777
1089010706,4794,3839,955
1089010801,5691,4411,1280
1089010802,5526,4312,1214
1089010902,3081,2456,625
1089010903,6582,4782,1800
1089010904,4628,3245,1383
1089010905,8213,6234,1979
1089011012,6040,4666,1374
1089011013,4960,3788,1172
1089011021,5297,4077,1220
1089011023,6113,4540,1573
1089011024,4809,3374,1435
1089011025,6838,4925,1913
1089011026,3835,2695,1140
1089011027,3105,2492,613
1089011028,4073,3142,931
1089011100,865,666,199
1089011201,5559,4542,1017
1089011202,4837,4132,705
1089011203,5480,4063,1417
1089011301,4017,3064,953
1089011302,5111,3915,1196
1089011400,4443,3489,954
1091972901,1619,1244,375
1091972902,3344,2412,932
1091973001,1338,1037,301
1091973002,2829,2316,513
1091973100,1717,1406,311
1091973200,2396,1832,564
1091973300,1918,1555,363
1091973400,4162,3251,911
1093964001,3198,2492,706
1093964002,1423,1167,256
1093964100,2609,2047,562
1093964200,1370,1094,276
1093964300,4502,3458,1044
1093964401,3713,2997,716
1093964402,1905,1528,377
1093964500,1954,1585,369
1093964600,3065,2428,637
1093964701,2457,1913,544
1093964702,3145,2555,590
1095030101,1489,1109,380
1095030102,1397,1122,275
1095030203,4013,3060,953
1095030204,1823,1478,345
1095030205,1250,997,253
1095030206,3732,3110,622
1095030301,2175,1780,395
1095030302,4363,3520,843
1095030401,4817,3702,1115
1095030402,3502,2711,791
1095030501,2782,2146,636
1095030502,4868,3867,1001
1095030601,2927,2271,656
1095030602,4015,3044,971
1095030701,3689,2820,869
1095030702,3993,3200,793
1095030801,5137,3663,1474
1095030803,2377,1750,627
1095030804,5732,3816,1916
1095030902,4887,3529,1358
1095030903,5980,4171,1809
1095030904,5765,4218,1547
1095031001,3471,2567,904
1095031002,2635,1897,738
1095031100,5066,3689,1377
1095031200,5727,4293,1434
1097000200,1247,1188,59
1097000401,1177,857,320
1097000402,872,476,396
1097000500,1487,1204,283
1097000600,1512,1223,289
1097000701,1783,1421,362
1097000702,2038,1645,393
1097000801,2824,2189,635
1097000802,1288,983,305
1097000901,1543,1209,334
1097000902,1914,1599,315
1097000903,1454,1184,270
1097001001,1513,1251,262
1097001002,1777,1449,328
1097001100,2141,1704,437
1097001200,2447,2237,210
1097001302,2402,1822,580
1097001400,1890,1456,434
1097001501,1142,831,311
1097001502,1040,643,397
1097001800,2340,1747,593
1097001901,2012,1503,509
1097001902,3190,2346,844
1097002000,1801,1406,395
1097002100,3778,2623,1155
1097002200,2478,1770,708
1097002301,1897,1381,516
1097002302,1584,1211,373
1097002400,3269,2559,710
1097002501,3448,2812,636
1097002502,2542,2140,402
1097002600,2400,1918,482
1097002700,2251,1609,642
1097002800,4562,3440,1122
1097002900,4106,3045,1061
1097003000,3515,2776,739
1097003100,4357,3476,881
1097003202,2820,2117,703
1097003203,3656,2759,897
1097003205,2856,1918,938
1097003206,1052,847,205
1097003207,2989,2349,640
1097003301,2871,2286,585
1097003302,4987,4002,985
1097003402,3776,2711,1065
1097003404,2767,1891,876
1097003405,1941,1515,426
1097003406,2944,2129,815
1097003408,3915,2956,959
1097003409,3016,2332,684
1097003410,4576,3519,1057
1097003501,3660,2781,879
1097003502,2715,2107,608
1097003602,1253,931,322
1097003606,3907,3282,625
1097003607,3662,2821,841
1097003608,1279,982,297
1097003703,3894,3108,786
1097003704,4577,3731,846
1097003705,4343,3535,808
1097003706,3179,2637,542
1097003707,4393,3507,886
1097003708,4370,3497,873
1097003710,4217,3397,820
1097003711,2727,2202,525
1097003712,3760,3079,681
1097003800,1477,1178,299
1097003901,1924,1569,355
1097003902,809,660,149
1097004000,2100,1521,579
1097004100,638,508,130
1097004800,979,659,320
1097004900,2985,2195,790
1097005000,1661,1218,443
1097005100,1476,1040,436
1097005200,1618,1209,409
1097005300,2259,1656,603
1097005400,4733,3590,1143
1097005500,3005,2201,804
1097005601,3068,2427,641
1097005602,4593,3513,1080
1097005701,4439,3363,1076
1097005702,3211,2488,723
1097005800,4554,3549,1005
1097005900,4645,3495,1150
1097006000,5016,3699,1317
1097006102,2985,2411,574
1097006103,4800,3695,1105
1097006104,4467,3435,1032
1097006106,2940,2348,592
1097006107,4253,3320,933
1097006201,3960,2918,1042
1097006202,1918,1426,492
1097006303,3574,2692,882
1097006304,4462,3274,1188
1097006305,3088,2354,734
1097006306,4737,3554,1183
1097006307,3253,2501,752
1097006402,4870,3598,1272
1097006403,1789,1334,455
1097006407,6959,5266,1693
1097006408,4098,3154,944
1097006409,7317,5512,1805
1097006410,3663,2804,859
1097006411,5045,3854,1191
1097006412,4923,3575,1348
1097006413,4110,3080,1030
1097006501,5349,4102,1247
1097006503,3726,2710,1016
1097006504,4215,3213,1002
1097006505,5262,3960,1302
1097006600,5294,4056,1238
1097006702,3772,2915,857
1097006703,2668,2064,604
1097006704,4216,3139,1077
1097006802,3112,2408,704
1097006803,3104,2437,667
1097006804,5433,4202,1231
1097006902,4131,3119,1012
1097006903,3367,2442,925
1097006904,4296,3240,1056
1097007000,4621,3767,854
1097007101,4575,3454,1121
1097007102,3201,2449,752
1097007103,3377,2793,584
1097007201,2855,2202,653
1097007203,1778,1591,187
1097007204,1531,1302,229
1097007300,4030,3046,984
1097007400,2878,2246,632
1097007500,1346,1041,305
1097007600,1972,1489,483
1097007700,1154,916,238
1097980000,2022,2020,2
1099075600,926,770,156
1099075700,1428,1147,281
1099075800,1085,895,190
1099075901,3170,2506,664
1099075902,2669,2073,596
1099076000,3093,2417,676
1099076101,1589,1232,357
1099076102,4114,3126,988
1099076200,1698,1396,302
1101000100,982,842,140
1101000200,1440,1345,95
1101000300,1261,964,297
1101000400,4267,3120,1147
1101000500,2902,2177,725
1101000600,1763,1203,560
1101000700,997,790,207
1101000900,2133,1741,392
1101001000,1200,841,359
1101001100,2684,2038,646
1101001200,1455,1046,409
1101001300,2094,1691,403
1101001400,3555,3127,428
1101001500,4112,3566,546
1101001600,3830,2803,1027
1101001700,5469,4113,1356
1101001800,3375,2627,748
1101001900,3110,2452,658
1101002000,4750,3558,1192
1101002100,3886,2861,1025
1101002201,3754,2870,884
1101002202,884,695,189
1101002300,2501,2061,440
1101002400,1758,1398,360
1101002500,2315,1689,626
1101002600,5458,4480,978
1101002700,4349,3558,791
1101002800,4948,3793,1155
1101002901,3313,2452,861
1101002902,3875,2929,946
1101003000,1904,1499,405
1101003100,3436,2668,768
1101003200,5741,4465,1276
1101003301,3470,2776,694
1101003303,2652,2079,573
1101003304,3723,2957,766
1101005101,3604,2842,762
1101005102,4239,3234,1005
1101005301,1154,830,324
1101005302,2198,1554,644
1101005402,5486,3949,1537
1101005403,3905,3000,905
1101005407,4335,3645,690
1101005409,2325,1873,452
1101005410,5070,4031,1039
1101005411,3092,2540,552
1101005412,6381,5280,1101
1101005413,3973,3374,599
1101005414,3945,3020,925
1101005501,3426,2928,498
1101005502,3195,2224,971
1101005503,6176,4467,1709
1101005504,1829,1285,544
1101005604,3541,2899,642
1101005605,3712,2920,792
1101005606,4770,3527,1243
1101005607,5640,3977,1663
1101005608,1633,1216,417
1101005609,5034,3903,1131
1101005610,1400,1017,383
1101005611,3644,2922,722
1101005612,2131,1522,609
1101005613,4832,3285,1547
1101005614,2808,1841,967
1101005700,1417,1216,201
1101005800,1918,1609,309
1101005902,3212,2442,770
1101005903,1943,1609,334
1101005904,2369,1932,437
1101006000,3209,2589,620
1101006100,2062,1651,411
1103000100,4185,3091,1094
1103000200,3696,2913,783
1103000300,2910,2251,659
1103000400,4027,3520,507
1103000600,3266,2530,736
1103000700,3992,2814,1178
1103000800,3282,2398,884
1103000900,5853,4362,1491
1103001000,3409,2487,922
1103005101,5146,3999,1147
1103005103,854,667,187
1103005105,2195,1833,362
1103005106,6587,5231,1356
1103005107,4495,3565,930
1103005108,3847,3062,785
1103005109,4989,3675,1314
1103005201,2142,1635,507
1103005202,4471,3441,1030
1103005302,4149,3143,1006
1103005303,3893,3016,877
1103005304,6079,4573,1506
1103005305,4632,3488,1144
1103005306,3788,3065,723
1103005404,6162,4742,1420
1103005405,5170,4098,1072
1103005500,5745,4540,1205
1103005601,3289,2571,718
1103005602,2426,1879,547
1103005701,2809,2203,606
1103005703,2821,2212,609
1103005704,3112,2481,631
1105686800,736,632,104
1105687001,1123,920,203
1105687002,3563,2853,710
1105687100,3089,2335,754
1107050000,4428,3435,993
1107050100,3172,2546,626
1107050200,1847,1564,283
1107050300,4886,4183,703
1107050401,2007,1561,446
1107050402,2783,2158,625
1109188600,2183,1729,454
1109188700,1718,1337,381
1109188800,2404,1897,507
1109188900,4266,3342,924
1109189001,3055,2443,612
1109189002,864,750,114
1109189003,3946,3085,861
1109189101,4248,3999,249
1109189102,3352,2758,594
1109189200,2785,2161,624
1109189300,4188,3308,880
1111000100,3772,2939,833
1111000200,3439,2726,713
1111000300,4090,3361,729
1111000400,4286,3256,1030
1111000500,4467,3470,997
1111000600,1913,1512,401
1113030200,1766,1230,536
1113030300,3198,2435,763
1113030402,3252,2503,749
1113030403,3601,2814,787
1113030404,2810,2176,634
1113030500,2367,1808,559
1113030601,3717,2709,1008
1113030602,4525,3168,1357
1113030700,3619,2639,980
1113030800,2981,2227,754
1113030903,4598,3454,1144
1113030904,2991,2109,882
1113030905,3795,2605,1190
1113030906,3566,2792,774
1113030907,3135,2504,631
1113031000,3857,3106,751
1113031100,1539,1294,245
1113031200,3866,3108,758
1115040104,5400,4232,1168
1115040105,4465,3522,943
1115040107,5901,4430,1471
1115040108,5225,3802,1423
1115040109,2819,2150,669
1115040110,4967,3695,1272
1115040206,2772,2196,576
1115040207,3381,2608,773
1115040208,2589,1932,657
1115040209,3312,2551,761
1115040210,3585,2884,701
1115040211,3072,2266,806
1115040212,2529,2118,411
1115040213,3249,2723,526
1115040301,2876,2254,622
1115040302,2771,2186,585
1115040401,5078,3967,1111
1115040402,3923,3013,910
1115040503,4780,3659,1121
1115040504,5436,3961,1475
1115040505,2154,1673,481
1115040506,5659,4156,1503
1115040507,3303,2732,571
1115040508,1857,1382,475
1117030102,3983,3135,848
1117030103,1066,870,196
1117030211,3097,2336,761
1117030212,3607,3080,527
1117030215,5095,3778,1317
1117030216,8070,6311,1759
1117030218,4808,3495,1313
1117030219,5059,3660,1399
1117030220,5827,4742,1085
1117030221,5378,4278,1100
1117030304,6311,4923,1388
1117030305,3935,2964,971
1117030306,3866,2871,995
1117030314,3266,2709,557
1117030315,5610,4305,1305
1117030316,5096,3912,1184
1117030317,4111,3012,1099
1117030319,2480,1946,534
1117030320,5500,4033,1467
1117030330,5557,4344,1213
1117030331,4509,3299,1210
1117030336,9126,6198,2928
1117030337,2053,1449,604
1117030340,5681,4169,1512
1117030341,2484,1844,640
1117030345,3616,2858,758
1117030346,3847,3104,743
1117030347,4736,4025,711
1117030348,4763,3625,1138
1117030349,1226,1027,199
1117030350,3004,2271,733
1117030351,3043,2185,858
1117030352,6077,4783,1294
1117030405,1265,976,289
1117030406,3735,2917,818
1117030407,2126,1974,152
1117030408,3165,2433,732
1117030502,3249,2387,862
1117030503,4186,3019,1167
1117030504,3748,2688,1060
1117030607,6175,4580,1595
1117030610,4143,2976,1167
1117030611,3206,2467,739
1117030612,2210,1679,531
1117030613,6935,5150,1785
1117030614,4203,3081,1122
1117030615,6484,4913,1571
1117030616,2810,2173,637
1117030701,5077,4029,1048
1117030703,3735,2879,856
1117030704,3875,3215,660
1117030800,4235,3347,888
1117030900,2557,2048,509
1119011301,3331,2836,495
1119011302,2478,1968,510
1119011400,1478,1165,313
1119011500,4054,3141,913
1119011600,1004,804,200
1121010101,5481,4217,1264
1121010102,5221,4038,1183
1121010201,3996,3063,933
1121010202,4311,3382,929
1121010301,3133,2444,689
1121010302,4779,4012,767
1121010400,2775,2230,545
1121010500,2713,2027,686
1121010600,3115,2148,967
1121010700,2966,2757,209
1121010900,3225,2526,699
1121011000,2909,2348,561
1121011100,4532,3671,861
1121011200,2590,2245,345
1121011301,2875,2229,646
1121011302,3052,2393,659
1121011400,2668,2149,519
1121011501,2660,2113,547
1121011502,3036,2409,627
1121011600,4903,3757,1146
1121011700,4106,3234,872
1121011800,2107,1717,390
1121011900,2711,2137,574
1121012000,2285,1778,507
1123961900,2342,1836,506
1123962000,3988,3006,982
1123962100,3936,3015,921
1123962200,4628,3606,1022
1123962301,2613,2105,508
1123962302,3677,2939,738
1123962400,4620,3679,941
1123962501,4285,3646,639
1123962502,3574,3226,348
1123962600,1661,1337,324
1123962701,1950,1523,427
1123962702,4037,3094,943
1125010101,3905,2890,1015
1125010102,3865,3086,779
1125010104,3716,2811,905
1125010105,3736,2827,909
1125010201,5227,3717,1510
1125010203,3033,2397,636
1125010204,5136,4145,991
1125010205,6938,5019,1919
1125010206,5129,3992,1137
1125010302,4386,3111,1275
1125010303,3776,2949,827
1125010304,4469,3469,1000
1125010305,4079,3129,950
1125010403,4326,3491,835
1125010404,2657,2039,618
1125010405,4677,3340,1337
1125010406,4571,3428,1143
1125010407,3504,2775,729
1125010500,2198,1708,490
1125010601,5706,4349,1357
1125010603,6089,4641,1448
1125010604,6817,5172,1645
1125010703,3602,2656,946
1125010704,4966,3763,1203
1125010705,4318,3107,1211
1125010706,4326,3340,986
1125010707,4295,3246,1049
1125010802,4626,3634,992
1125010803,2790,2001,789
1125010804,2581,2028,553
1125011200,9076,8960,116
1125011401,3773,3572,201
1125011402,3200,3082,118
1125011600,3341,3010,331
1125011701,2597,1957,640
1125011703,4526,3305,1221
1125011800,2575,2012,563
1125011901,2833,2356,477
1125011902,2953,2492,461
1125012001,1712,1598,114
1125012002,2736,2529,207
1125012101,3564,3054,510
1125012102,2535,2239,296
1125012304,3379,2622,757
1125012305,4616,3502,1114
1125012306,5432,4297,1135
1125012307,1382,1147,235
1125012403,4692,3647,1045
1125012404,3908,3147,761
1125012406,2580,2009,571
1125012407,1306,1045,261
1125012408,2388,1764,624
1125012501,1535,1242,293
1125012503,4719,3587,1132
1125012504,3558,2497,1061
1125012505,3951,3007,944
1125012600,2427,2170,257
1125012700,4227,3426,801
1125012800,2071,1489,582
1127020100,3624,2841,783
1127020200,4372,3449,923
1127020301,3982,3103,879
1127020302,3259,2593,666
1127020400,2231,1722,509
1127020600,2460,1900,560
1127020700,3139,2442,697
1127020801,2478,1914,564
1127020802,3178,2573,605
1127020900,4989,3914,1075
1127021000,3447,2706,741
1127021100,3186,2578,608
1127021200,3100,2485,615
1127021300,3531,2835,696
1127021400,3599,2865,734
1127021500,2919,2350,569
1127021600,1668,1359,309
1127021700,4490,3507,983
1127021800,3444,2715,729
1127021900,2246,1816,430
1129043900,2548,2037,511
1129044000,3744,2918,826
1129044100,3036,2403,633
1129044200,3610,2817,793
1129044300,2450,1906,544
1131034700,1283,969,314
1131034801,2155,1632,523
1131034802,2591,2090,501
1131035100,3083,2360,723
1131035200,1488,1209,279
1133965501,2219,1812,407
1133965502,2728,2302,426
1133965503,2633,2135,498
1133965601,2077,1679,398
1133965602,3128,2463,665
1133965700,4693,3623,1070
1133965800,4057,3160,897
1133965900,2005,1592,413
2013000100,3420,3120,300
2016000100,978,811,167
2016000200,4254,3768,486
2020000101,5650,4211,1439
2020000102,5215,3978,1237
2020000201,4318,3153,1165
2020000202,6384,4756,1628
2020000204,3582,2819,763
2020000205,7421,5147,2274
2020000206,3413,2453,960
2020000500,2124,1680,444
2020000601,4328,3090,1238
2020000602,2716,1866,850
2020000701,6986,5159,1827
2020000702,5435,3949,1486
2020000703,5555,4058,1497
2020000801,6814,4953,1861
2020000802,4759,3651,1108
2020000901,5090,3746,1344
2020000902,3158,2448,710
2020001000,3942,3426,516
2020001100,1657,1545,112
2020001200,3749,3259,490
2020001300,3227,2552,675
2020001401,2928,2492,436
2020001402,2168,1712,456
2020001500,5165,4214,951
2020001601,3824,3096,728
2020001602,4191,3305,886
2020001701,6824,5248,1576
2020001702,4940,3908,1032
2020001731,6119,4552,1567
2020001732,6111,4592,1519
2020001801,4372,3544,828
2020001802,5379,4243,1136
2020001900,3873,3167,706
2020002000,3315,2627,688
2020002100,3686,3042,644
2020002201,4742,3680,1062
2020002202,2931,2373,558
2020002301,7653,5866,1787
2020002302,4641,3546,1095
2020002304,6312,4696,1616
2020002305,2647,1941,706
2020002400,3039,2473,566
2020002501,4928,3866,1062
2020002502,4947,3947,1000
2020002601,5035,3833,1202
2020002602,5746,4355,1391
2020002603,6434,4899,1535
2020002711,6817,5162,1655
2020002712,9027,6775,2252
2020002713,4903,3732,1171
2020002714,4593,3479,1114
2020002811,6519,5004,1515
2020002812,8359,6140,2219
2020002813,4796,3759,1037
2020002821,5080,3660,1420
2020002822,4135,3243,892
2020002823,5720,4348,1372
2020002900,2503,2024,479
2020980100,4592,3441,1151
2020980200,6725,5027,1698
2050000100,10885,6732,4153
2050000200,6325,4418,1907
2050000300,1456,980,476
2060000100,844,658,186
2063000200,2632,2069,563
2063000300,4470,3387,1083
2066000100,2617,2031,586
2068000100,1619,1291,328
2070000100,2505,1629,876
2070000200,2352,1690,662
2090000100,1563,1352,211
2090000200,3244,2600,644
2090000300,4709,3594,1115
2090000400,4582,3485,1097
2090000500,2467,1979,488
2090000600,3753,2879,874
2090000700,4094,3144,950
2090000800,5010,3822,1188
2090000900,6002,4599,1403
2090001000,1348,1064,284
2090001200,6743,5027,1716
2090001300,5630,4503,1127
2090001401,2776,2046,730
2090001402,4658,3386,1272
2090001501,4442,3247,1195
2090001502,5097,3702,1395
2090001600,4716,3413,1303
2090001700,1345,1022,323
2090001901,5700,4599,1101
2090001902,5255,4159,1096
2090980000,9798,7227,2571
2090980100,2723,1899,824
2100000100,2080,1702,378
2105000400,2365,1845,520
2110000100,5212,4212,1000
2110000200,7064,5376,1688
2110000300,5983,4503,1480
2110000400,5148,3944,1204
2110000500,3283,2903,380
2110000600,5565,4429,1136
2122000100,214,167,47
2122000200,5692,4409,1283
2122000300,975,834,141
2122000400,7022,5608,1414
2122000500,6560,5011,1549
2122000600,7424,5437,1987
2122000701,5876,4709,1167
2122000702,4814,3625,1189
2122000800,4003,3269,734
2122000900,2494,1993,501
2122001000,4370,3470,900
2122001100,3459,2692,767
2122001200,957,694,263
2122001300,4939,4069,870
2130000101,2894,2238,656
2130000102,484,400,84
2130000200,4414,3413,1001
2130000300,3782,2999,783
2130000400,2374,1805,569
2150000100,1611,1272,339
2150000200,6833,5065,1768
2150000300,2032,1587,445
2150000400,952,810,142
2150000500,1673,1140,533
2158000100,8368,4947,3421
2164000100,1476,1025,451
2170000101,700,599,101
2170000102,2607,2170,437
2170000200,1741,1339,402
2170000300,7636,5451,2185
2170000401,1975,1483,492
2170000402,2193,1842,351
2170000501,2007,1589,418
2170000502,2276,1781,495
2170000601,5880,4055,1825
2170000603,7887,5403,2484
2170000604,7470,5625,1845
2170000701,3830,2825,1005
2170000703,4671,3320,1351
2170000705,4279,3039,1240
2170000706,5702,4007,1695
2170000800,5621,4093,1528
2170000900,3020,2280,740
2170001001,4391,3136,1255
2170001003,4128,3005,1123
2170001004,5182,3823,1359
2170001100,7354,4975,2379
2170001201,5621,4229,1392
2170001202,5025,3536,1489
2170001300,5885,4476,1409
2180000100,6140,3944,2196
2180000200,3906,2807,1099
2185000100,4934,3385,1549
2185000200,3367,2080,1287
2185000300,2730,2714,16
2188000100,4691,2861,1830
2188000200,3102,2125,977
2195000200,3398,2685,713
2198000100,2069,1606,463
2198000200,2051,1591,460
2198000300,71,60,11
2198940100,1562,1126,436
2220000100,3230,2524,706
2220000200,5228,4190,1038
2230000100,1240,993,247
2240000100,2113,1608,505
2240000400,4695,3615,1080
2275000300,2127,1707,420
2282000100,662,534,128
2290000100,1086,798,288
2290000200,1478,1139,339
2290000300,1708,1203,505
2290000400,1071,778,293
4001942600,1549,1128,421
4001942700,4491,3445,1046
4001944000,5348,3875,1473
4001944100,5495,4007,1488
4001944201,4021,2742,1279
4001944202,3608,2584,1024
4001944301,3789,2651,1138
4001944302,2685,1928,757
4001944901,3369,2463,906
4001944902,4201,3204,997
4001945001,4133,3090,1043
4001945002,3589,2761,828
4001945100,2132,1585,547
4001970201,2569,2023,546
4001970202,2610,2268,342
4001970300,3216,2396,820
4001970501,4449,3131,1318
4001970502,4767,3824,943
4003000101,1071,848,223
4003000102,745,645,100
4003000201,3098,2401,697
4003000202,3382,2487,895
4003000203,2540,2196,344
4003000301,4029,3324,705
4003000303,3400,2739,661
4003000304,2328,1853,475
4003000305,2681,2198,483
4003000400,2084,1834,250
4003000501,1924,1605,319
4003000502,921,789,132
4003000503,2063,2056,7
4003000600,2600,2047,553
4003000700,4833,3276,1557
4003000800,5130,3595,1535
4003000901,3305,2340,965
4003000902,2684,1918,766
4003001000,1464,1368,96
4003001100,3103,2540,563
4003001200,2753,2212,541
4003001301,2333,1931,402
4003001302,2788,2276,512
4003001401,3437,2620,817
4003001402,1802,1285,517
4003001501,3329,2612,717
4003001502,3633,2787,846
4003001601,5280,3975,1305
4003001602,3038,2411,627
4003001701,4355,3490,865
4003001702,3658,2879,779
4003001703,5039,3957,1082
4003001801,5649,4716,933
4003001802,3372,2746,626
4003001900,7114,5643,1471
4003002001,5453,4302,1151
4003002002,4295,3484,811
4003002100,4734,3945,789
4005000100,3873,2960,913
4005000200,4097,3390,707
4005000301,3957,2906,1051
4005000302,2819,2186,633
4005000400,5343,3941,1402
4005000500,5007,3705,1302
4005000601,2010,1690,320
4005000602,3395,2744,651
4005000700,4143,3183,960
4005000800,6313,5545,768
4005000901,5033,3644,1389
4005000902,3539,2741,798
4005001000,10422,10298,124
4005001101,5229,4264,965
4005001103,5208,4242,966
4005001104,4937,4329,608
4005001201,2738,2386,352
4005001301,5375,4197,1178
4005001302,5547,4371,1176
4005001500,3528,3063,465
4005001601,1787,1705,82
4005001602,1223,1163,60
4005001700,3347,2569,778
4005002000,1918,1536,382
4005002101,3870,2840,1030
4005002102,3562,2521,1041
4005002201,4081,3131,950
4005002202,2928,2379,549
4005002301,3947,3345,602
4005002302,3234,2734,500
4005942201,3678,2679,999
4005942202,3696,2489,1207
4005944900,3888,2742,1146
4005945000,4006,2937,1069
4005945100,3342,2508,834
4005945200,4056,2909,1147
4007000100,2908,2660,248
4007000200,2132,1855,277
4007000301,5775,4914,861
4007000302,3042,2602,440
4007000400,5307,4559,748
4007000500,5706,4788,918
4007000600,1569,1358,211
4007000700,1695,1532,163
4007000800,1099,936,163
4007000900,2502,1888,614
4007001000,4605,3549,1056
4007001100,3660,2916,744
4007001200,4872,3815,1057
4007001300,1044,825,219
4007940200,1825,1197,628
4007940400,5531,3612,1919
4009940500,4720,2931,1789
4009961100,4849,3327,1522
4009961201,3918,2667,1251
4009961202,4102,2937,1165
4009961300,3083,2360,723
4009961400,5293,3780,1513
4009961500,4702,3373,1329
4009961600,2563,2314,249
4009961700,5303,4026,1277
4011960100,2951,2211,740
4011960200,4084,2698,1386
4011960300,2528,1934,594
4012020101,935,763,172
4012020102,1028,929,99
4012020201,1773,1590,183
4012020202,581,532,49
4012020501,1419,1299,120
4012020503,1043,942,101
4012020504,820,775,45
4012020505,939,899,40
4012020602,983,853,130
4012940200,3414,2472,942
4012940300,3622,2451,1171
4013010102,5592,5254,338
4013010103,3779,3223,556
4013010104,2989,2974,15
4013030401,4882,4536,346
4013030402,3913,3532,381
4013040502,4820,4042,778
4013040506,5809,5775,34
4013040507,6362,6338,24
4013040512,1732,1723,9
4013040513,3071,3049,22
4013040514,3315,3308,7
4013040515,4189,3597,592
4013040516,7427,6727,700
4013040522,4230,4219,11
4013040523,3333,3310,23
4013040524,1662,1648,14
4013040525,3037,3026,11
4013040526,2431,2405,26
4013040527,4434,3815,619
4013040528,6026,5998,28
4013040529,3603,3573,30
4013040530,3729,2982,747
4013040531,3757,3412,345
4013040532,6632,4268,2364
4013040533,2500,1708,792
4013040534,3431,3415,16
4013040535,5823,4456,1367
4013040536,6248,4221,2027
4013040537,2223,1776,447
4013040538,4385,3343,1042
4013040539,6356,4942,1414
4013040540,5684,4200,1484
4013040541,4309,3374,935
4013050603,4592,3425,1167
4013050604,3871,2852,1019
4013050609,6343,4777,1566
4013050611,7114,4652,2462
4013050612,9560,6592,2968
4013050613,5523,3775,1748
4013050614,5040,3418,1622
4013050615,5624,3956,1668
4013050616,3676,2472,1204
4013050617,5312,3567,1745
4013050618,6427,4358,2069
4013050619,7507,5930,1577
4013050620,7835,5296,2539
4013050621,8644,5801,2843
4013050701,7711,5323,2388
4013050702,6555,4636,1919
4013060801,5282,3904,1378
4013060802,3306,2244,1062
4013060901,5053,3401,1652
4013060902,3514,2494,1020
4013060903,5505,3644,1861
4013060904,3915,2556,1359
4013061010,6267,4825,1442
4013061011,7598,5322,2276
4013061013,6049,4216,1833
4013061014,6517,4912,1605
4013061015,6037,4540,1497
4013061017,3288,3274,14
4013061018,5301,5272,29
4013061020,3865,2853,1012
4013061021,2024,1354,670
4013061024,2391,1691,700
4013061026,5922,4270,1652
4013061027,5496,4166,1330
4013061028,3182,2301,881
4013061029,5174,4096,1078
4013061031,6566,4717,1849
4013061032,6108,4359,1749
4013061033,6360,4712,1648
4013061034,7464,5167,2297
4013061035,7099,5416,1683
4013061036,5176,3609,1567
4013061037,6238,4281,1957
4013061038,4992,3399,1593
4013061039,6004,4124,1880
4013061040,4567,3283,1284
4013061041,4734,3196,1538
4013061042,2384,1880,504
4013061043,2827,1936,891
4013061044,9294,6516,2778
4013061045,7940,5941,1999
4013061046,5844,4271,1573
4013061047,3885,2736,1149
4013061048,4079,3192,887
4013061049,5826,4222,1604
4013061050,6465,4538,1927
4013061051,4010,2857,1153
4013061052,7060,5127,1933
4013061053,7287,5169,2118
4013061054,8264,6826,1438
4013061055,6157,4389,1768
4013061056,3074,2181,893
4013061057,4309,3021,1288
4013061058,3567,2456,1111
4013061059,4843,3443,1400
4013061060,3575,2378,1197
4013061061,3568,2377,1191
4013061062,6953,4998,1955
4013061063,1743,1200,543
4013061064,2964,2188,776
4013061100,2659,1973,686
4013061200,6746,4741,2005
4013061300,2050,1516,534
4013061401,2167,1424,743
4013061402,6154,4059,2095
4013071503,4959,4925,34
4013071504,3721,3703,18
4013071505,6537,6303,234
4013071506,4183,4161,22
4013071509,5603,4536,1067
4013071510,4402,3380,1022
4013071511,3890,3059,831
4013071512,6246,4787,1459
4013071513,1758,1384,374
4013071514,3896,3071,825
4013071515,3704,3154,550
4013071516,4561,3998,563
4013071517,3961,3017,944
4013071600,4192,3302,890
4013071701,3009,2093,916
4013071702,3555,3528,27
4013071801,5090,4953,137
4013071802,3575,3538,37
4013071903,6435,5031,1404
4013071906,6331,4706,1625
4013071909,4178,3394,784
4013071910,7132,5419,1713
4013071911,3246,2386,860
4013071912,2695,1988,707
4013071913,5423,3814,1609
4013071914,3245,2342,903
4013071915,3617,2779,838
4013082002,6542,4704,1838
4013082007,4398,3111,1287
4013082008,5378,3656,1722
4013082009,5183,3474,1709
4013082010,4342,2981,1361
4013082012,7092,4851,2241
4013082016,3275,2401,874
4013082017,5160,3450,1710
4013082018,5151,3534,1617
4013082019,2485,1875,610
4013082020,4027,3137,890
4013082021,2365,1700,665
4013082022,4739,3461,1278
4013082023,5888,4298,1590
4013082024,5154,3825,1329
4013082025,3006,2143,863
4013082026,6384,4546,1838
4013082027,5051,3428,1623
4013082028,4641,3243,1398
4013082204,7339,4725,2614
4013082205,5947,3921,2026
4013082206,4900,3132,1768
4013082207,3436,2312,1124
4013082208,3890,2599,1291
4013082209,2864,1948,916
4013082210,5348,3604,1744
4013082211,7701,5036,2665
4013082212,5836,3908,1928
4013082213,6642,4277,2365
4013083000,7216,4972,2244
4013092305,4286,3196,1090
4013092306,6363,5032,1331
4013092307,6486,5037,1449
4013092308,7108,5475,1633
4013092309,5566,4394,1172
4013092311,3313,2396,917
4013092312,6380,5065,1315
4013092401,4635,3423,1212
4013092402,3679,2813,866
4013092500,5616,4247,1369
4013092600,3209,2317,892
4013092705,4609,3254,1355
4013092708,2000,1495,505
4013092709,5044,3759,1285
4013092710,5199,3949,1250
4013092711,3537,2523,1014
4013092712,5499,3847,1652
4013092713,5080,3700,1380
4013092715,4674,3238,1436
4013092716,4206,2949,1257
4013092717,5393,3474,1919
4013092718,4016,2657,1359
4013092719,4950,3630,1320
4013092720,5829,4575,1254
4013092721,3593,2598,995
4013092723,4397,3424,973
4013092724,4473,3508,965
4013092801,5374,3585,1789
4013092802,5636,3733,1903
4013092900,3027,2056,971
4013093001,6328,4216,2112
4013093002,4510,2993,1517
4013093101,4984,3437,1547
4013093104,5537,3611,1926
4013093105,5816,4164,1652
4013093106,4459,3035,1424
4013093200,4211,2930,1281
4013103205,2799,2129,670
4013103206,2433,1922,511
4013103207,2389,1852,537
4013103208,3995,3539,456
4013103209,5312,4277,1035
4013103210,6470,5496,974
4013103211,4342,3503,839
4013103212,4030,3253,777
4013103214,3759,3001,758
4013103215,3027,2436,591
4013103216,4992,3955,1037
4013103217,6244,4919,1325
4013103219,3361,2851,510
4013103220,2951,2453,498
4013103302,6376,4963,1413
4013103303,3646,3076,570
4013103304,5174,3567,1607
4013103305,3536,2483,1053
4013103306,4537,3058,1479
4013103400,4617,3702,915
4013103501,3128,2524,604
4013103502,6138,5016,1122
4013103604,4544,3554,990
4013103605,6128,4945,1183
4013103606,4396,3635,761
4013103607,4427,3646,781
4013103608,4435,3235,1200
4013103609,5820,4565,1255
4013103611,5240,4464,776
4013103612,4995,3923,1072
4013103614,3077,2494,583
4013103615,5170,3626,1544
4013103701,4895,4115,780
4013103702,3151,2690,461
4013103900,6350,4772,1578
4013104000,7434,5555,1879
4013104100,7141,5375,1766
4013104202,5361,4143,1218
4013104203,6615,5057,1558
4013104204,3535,2675,860
4013104205,5715,4500,1215
4013104206,4240,3268,972
4013104207,4380,3593,787
4013104212,6357,4939,1418
4013104214,2167,1759,408
4013104215,4371,3493,878
4013104216,4976,3899,1077
4013104217,5604,4561,1043
4013104218,4293,3219,1074
4013104219,3738,3156,582
4013104221,6125,4742,1383
4013104222,6058,4588,1470
4013104223,1798,1475,323
4013104224,6118,4846,1272
4013104225,3760,3004,756
4013104226,4873,3784,1089
4013104227,2350,1761,589
4013104301,3805,2879,926
4013104302,3963,3245,718
4013104401,5144,4049,1095
4013104402,2637,2080,557
4013104501,3972,2886,1086
4013104502,5491,3613,1878
4013104600,4065,3229,836
4013104701,2741,2341,400
4013104702,4520,3514,1006
4013104801,3747,3062,685
4013104802,5921,4918,1003
4013104900,4284,3413,871
4013105002,2608,2159,449
4013105003,4544,3528,1016
4013105004,3026,2524,502
4013105101,4557,3678,879
4013105102,4851,4271,580
4013105103,2905,2471,434
4013105200,5939,4874,1065
4013105300,5224,4123,1101
4013105400,3887,2934,953
4013105501,2587,1916,671
4013105502,1915,1481,434
4013105503,3835,3094,741
4013105601,4262,3062,1200
4013105602,6810,4665,2145
4013105701,3605,2679,926
4013105702,4290,3102,1188
4013105800,7245,5203,2042
4013105900,5991,4507,1484
4013106001,1843,1328,515
4013106002,3039,2299,740
4013106003,3628,2556,1072
4013106100,5788,4599,1189
4013106200,3498,2649,849
4013106300,5393,4423,970
4013106400,2996,2411,585
4013106501,3346,2643,703
4013106502,3652,3005,647
4013106600,3916,3142,774
4013106701,4556,3430,1126
4013106702,1277,1003,274
4013106703,2234,1822,412
4013106801,4785,3272,1513
4013106802,3569,2791,778
4013106900,7793,5515,2278
4013107001,4391,3199,1192
4013107002,4151,2930,1221
4013107101,4505,3073,1432
4013107102,5963,3998,1965
4013107201,8139,7783,356
4013107202,5180,3608,1572
4013107300,6769,4778,1991
4013107401,2726,2182,544
4013107402,1496,1067,429
4013107403,2007,1420,587
4013107404,883,659,224
4013107500,3653,3033,620
4013107601,3332,2868,464
4013107602,2650,2229,421
4013107700,4498,3722,776
4013107800,2598,2456,142
4013107900,3682,3018,664
4013108000,3477,2453,1024
4013108100,2329,1890,439
4013108200,3307,2650,657
4013108301,3661,2998,663
4013108302,3196,2725,471
4013108400,6054,5205,849
4013108501,2575,2219,356
4013108502,3612,3224,388
4013108601,2443,1967,476
4013108602,6215,5315,900
4013108802,2073,1881,192
4013108901,2524,2103,421
4013108902,5098,4012,1086
4013109001,4379,2962,1417
4013109002,4165,2919,1246
4013109003,5677,3717,1960
4013109101,3425,2425,1000
4013109102,5645,3891,1754
4013109200,4338,3078,1260
4013109300,4767,3273,1494
4013109401,4422,2966,1456
4013109402,4049,2901,1148
4013109500,5432,3773,1659
4013109601,5240,3450,1790
4013109602,6567,4228,2339
4013109603,4780,3305,1475
4013109604,4188,2761,1427
4013109702,5288,3483,1805
4013109703,2973,1978,995
4013109704,2401,1566,835
4013109705,1889,1292,597
4013109706,2486,1620,866
4013109707,5280,3449,1831
4013109801,4344,2768,1576
4013109802,4913,3356,1557
4013109900,7653,5085,2568
4013110001,4620,3084,1536
4013110002,4467,3013,1454
4013110100,6730,4502,2228
4013110400,5239,4336,903
4013110501,4685,4207,478
4013110502,3203,2943,260
4013110600,5003,4161,842
4013110701,2447,1998,449
4013110702,4052,3166,886
4013110801,4699,3698,1001
4013110802,2257,1922,335
4013110901,3281,2714,567
4013110902,4203,3362,841
4013111000,4749,3711,1038
4013111100,4660,3507,1153
4013111201,5701,4541,1160
4013111202,2150,1618,532
4013111203,1614,1301,313
4013111204,2454,2098,356
4013111300,5590,4391,1199
4013111401,4405,3246,1159
4013111402,3956,3005,951
4013111501,2077,1438,639
4013111502,6317,4586,1731
4013111601,2956,2263,693
4013111602,4569,3313,1256
4013111700,5203,4339,864
4013111800,4964,4461,503
4013111900,2370,1981,389
4013112100,3729,2552,1177
4013112201,4363,2988,1375
4013112202,4375,3264,1111
4013112301,5197,3754,1443
4013112302,7063,4728,2335
4013112401,5581,3833,1748
4013112402,5167,3495,1672
4013112502,5294,3446,1848
4013112504,3909,2539,1370
4013112507,2554,1591,963
4013112508,2862,1836,1026
4013112510,4681,3144,1537
4013112512,566,358,208
4013112514,5044,3440,1604
4013112515,4680,3071,1609
4013112516,4305,2809,1496
4013112517,5477,3665,1812
4013112518,4287,2936,1351
4013112519,4773,3115,1658
4013112520,4265,2846,1419
4013112521,3373,2333,1040
4013112522,4485,3013,1472
4013112523,4666,3228,1438
4013112524,4925,3290,1635
4013112601,3084,2077,1007
4013112602,7359,4703,2656
4013112700,6933,4654,2279
4013112900,4660,3747,913
4013113000,3531,3308,223
4013113100,4996,4704,292
4013113201,2314,1666,648
4013113202,1706,1325,381
4013113204,2695,2145,550
4013113301,3915,2641,1274
4013113502,2881,1815,1066
4013113503,4543,3176,1367
4013113601,3912,2838,1074
4013113602,3988,2648,1340
4013113701,6353,4696,1657
4013113702,2082,1362,720
4013113800,3059,2313,746
4013113900,1527,1068,459
4013114000,2306,2068,238
4013114100,3294,3210,84
4013114200,1075,791,284
4013114301,1189,1106,83
4013114302,2965,1886,1079
4013114401,1778,1257,521
4013114402,2095,1511,584
4013114500,4071,2790,1281
4013114600,1988,1333,655
4013114704,1761,1352,409
4013114705,4360,4285,75
4013114800,3459,2360,1099
4013114900,2771,1940,831
4013115200,3227,2070,1157
4013115300,2821,2033,788
4013115400,1995,1405,590
4013115500,3894,2711,1183
4013115600,4481,3100,1381
4013115700,6779,4691,2088
4013115801,4054,2770,1284
4013115802,3674,2486,1188
4013115900,5860,4026,1834
4013116000,6765,4944,1821
4013116100,4902,3290,1612
4013116202,5126,3693,1433
4013116203,6261,4884,1377
4013116204,3728,2755,973
4013116205,4394,3425,969
4013116300,6155,4635,1520
4013116400,5666,4062,1604
4013116500,4953,3584,1369
4013116605,7187,4817,2370
4013116606,6682,4483,2199
4013116607,4338,2861,1477
4013116610,6912,4748,2164
4013116611,3929,2875,1054
4013116612,7130,5049,2081
4013116614,3766,2650,1116
4013116615,4546,2958,1588
4013116616,4942,3570,1372
4013116617,3391,2485,906
4013116618,5073,3373,1700
4013116619,4567,3247,1320
4013116620,8015,5338,2677
4013116621,5456,3662,1794
4013116703,5194,3948,1246
4013116707,2730,2315,415
4013116708,5370,4800,570
4013116709,2543,2066,477
4013116710,4728,3745,983
4013116711,2052,1542,510
4013116712,7907,6177,1730
4013116713,5996,4620,1376
4013116714,3382,2569,813
4013116715,1984,1658,326
4013116717,3404,2640,764
4013116718,2795,2248,547
4013116719,6689,5200,1489
4013116720,3892,3038,854
4013116721,3588,2828,760
4013116725,5035,4034,1001
4013116727,4095,3218,877
4013116728,4792,3672,1120
4013116729,4008,3132,876
4013116730,1974,1494,480
4013116731,3629,2691,938
4013116732,4376,3211,1165
4013116734,1748,1366,382
4013116735,3923,2705,1218
4013116736,3154,2274,880
4013116737,3428,2733,695
4013116738,6273,5057,1216
4013116800,2559,1965,594
4013116900,2493,1779,714
4013117000,6234,4544,1690
4013117100,2986,2642,344
4013117200,949,662,287
4013117300,1924,1104,820
4013216806,3106,2661,445
4013216807,5140,4230,910
4013216809,4890,3963,927
4013216810,1567,1445,122
4013216813,4443,3855,588
4013216816,6861,5631,1230
4013216819,6020,5449,571
4013216820,4356,3838,518
4013216821,5952,5435,517
4013216822,4448,4047,401
4013216826,4727,4176,551
4013216829,5320,5021,299
4013216830,3238,2784,454
4013216831,2896,2354,542
4013216832,2447,2276,171
4013216833,4808,3894,914
4013216834,2345,2021,324
4013216835,2782,2592,190
4013216836,3690,2900,790
4013216837,5344,4548,796
4013216838,4907,3909,998
4013216839,4176,3283,893
4013216840,4775,3867,908
4013216841,4355,3645,710
4013216842,3461,2636,825
4013216843,3592,3356,236
4013216844,4228,3888,340
4013216845,3449,2928,521
4013216849,6263,5242,1021
4013216850,4190,3558,632
4013216851,4593,3927,666
4013216852,3001,2668,333
4013216853,4870,4171,699
4013216854,4356,3033,1323
4013216855,3890,3111,779
4013216856,2819,2519,300
4013216857,4673,4235,438
4013216859,6531,5439,1092
4013216860,2246,1849,397
4013216861,4279,3314,965
4013216901,3544,3269,275
4013216902,3843,3158,685
4013217001,4305,3993,312
4013217002,5307,4459,848
4013217101,2627,2222,405
4013217102,2746,2354,392
4013217201,2451,2338,113
4013217203,3376,3195,181
4013217204,2987,2643,344
4013217300,4781,4376,405
4013217400,3301,2928,373
4013217501,3093,2467,626
4013217502,3629,3323,306
4013217600,5036,4566,470
4013217700,4750,4012,738
4013217800,6047,5218,829
4013217900,3682,3235,447
4013218000,5613,4754,859
4013218100,1973,1630,343
4013218200,6897,5922,975
4013218300,4616,4140,476
4013318400,5840,4963,877
4013318501,3317,2766,551
4013318700,5937,5716,221
4013318800,7468,6606,862
4013318900,6427,5519,908
4013319001,2731,2698,33
4013319002,4058,3816,242
4013319101,4634,4342,292
4013319103,5390,4962,428
4013319104,7240,6513,727
4013319201,7038,5595,1443
4013319202,3680,3290,390
4013319300,2425,2103,322
4013319401,6404,5370,1034
4013319402,4085,3327,758
4013319403,4709,3814,895
4013319404,3750,3368,382
4013319500,6177,5204,973
4013319600,5632,4682,950
4013319705,3297,2683,614
4013319706,5644,4241,1403
4013319708,4025,3451,574
4013319710,2670,2317,353
4013319801,3513,2762,751
4013319802,3321,2797,524
4013319902,2762,2264,498
4013319903,5675,4736,939
4013319904,4928,4057,871
4013319905,4827,3943,884
4013319906,3349,2756,593
4013319907,2155,1744,411
4013319908,2258,1822,436
4013319909,2312,1896,416
4013319910,4587,3632,955
4013320001,7287,5880,1407
4013320002,5322,3781,1541
4013320007,6643,5375,1268
4013320100,3591,3274,317
4013420104,5447,4536,911
4013420105,6299,4965,1334
4013420107,6775,5504,1271
4013420108,1596,1333,263
4013420109,5598,4441,1157
4013420110,5799,4655,1144
4013420111,4082,3017,1065
4013420112,3342,2582,760
4013420113,3758,2871,887
4013420114,4009,2978,1031
4013420115,3169,2545,624
4013420116,3004,2602,402
4013420202,5307,4489,818
4013420206,3726,3442,284
4013420207,2768,2387,381
4013420208,5614,4064,1550
4013420209,4220,3671,549
4013420210,5328,4153,1175
4013420211,4380,3560,820
4013420212,2957,2558,399
4013420213,1382,1350,32
4013420214,4363,3840,523
4013420215,3114,2331,783
4013420216,4264,3531,733
4013420301,2250,1656,594
4013420302,4778,3473,1305
4013420303,4314,3120,1194
4013420304,1149,862,287
4013420401,4574,3411,1163
4013420402,4862,3386,1476
4013420503,3428,2569,859
4013420504,3438,2610,828
4013420505,3235,2374,861
4013420506,3636,2712,924
4013420602,4937,3678,1259
4013420603,3972,2855,1117
4013420604,4658,3413,1245
4013420704,5060,3685,1375
4013420705,3693,2755,938
4013420706,5096,3680,1416
4013420707,2397,2179,218
4013420708,3688,3125,563
4013420709,2925,2777,148
4013420710,3354,2703,651
4013420800,5275,3789,1486
4013420901,3676,2506,1170
4013420902,3492,2532,960
4013421001,4125,3206,919
4013421002,3208,2511,697
4013421101,4713,3532,1181
4013421102,5988,4310,1678
4013421201,4837,4211,626
4013421202,3990,3050,940
4013421302,6346,4562,1784
4013421303,5610,4241,1369
4013421304,3343,2654,689
4013421400,2793,2377,416
4013421501,3980,2666,1314
4013421502,3506,2395,1111
4013421601,3460,2397,1063
4013421602,4398,2985,1413
4013421701,4947,3714,1233
4013421702,3822,2936,886
4013421801,2719,1923,796
4013421802,4942,3267,1675
4013421901,4023,2846,1177
4013421902,6188,4108,2080
4013422001,3994,2710,1284
4013422002,3970,2909,1061
4013422102,4408,3406,1002
4013422103,5294,4228,1066
4013422104,6024,4690,1334
4013422105,3165,2455,710
4013422106,5947,4433,1514
4013422107,4292,3307,985
4013422203,5759,4600,1159
4013422209,7386,5783,1603
4013422210,5417,4282,1135
4013422211,2672,2245,427
4013422212,4265,3497,768
4013422213,2527,1977,550
4013422215,2158,1633,525
4013422216,6000,4835,1165
4013422217,3607,2867,740
4013422218,3016,2385,631
4013422219,3059,2493,566
4013422220,2054,1666,388
4013422221,4292,3472,820
4013422222,2185,1730,455
4013422223,3210,2581,629
4013422227,1436,1133,303
4013422301,6454,4628,1826
4013422302,5041,3784,1257
4013422304,2935,2313,622
4013422305,5935,4627,1308
4013422307,4400,3429,971
4013422308,5513,4211,1302
4013422309,5662,4320,1342
4013422401,3850,2992,858
4013422402,4735,3614,1121
4013422403,5245,4085,1160
4013422404,4737,3591,1146
4013422501,6078,4441,1637
4013422502,5925,4400,1525
4013422503,6792,5071,1721
4013422504,4927,3776,1151
4013422506,5094,3837,1257
4013422507,4406,3470,936
4013422508,3680,2772,908
4013422509,5399,4114,1285
4013422510,3474,2498,976
4013422511,3181,2345,836
4013422512,4984,3626,1358
4013422513,4441,3461,980
4013422514,4933,3768,1165
4013422607,4499,4276,223
4013422609,4276,3548,728
4013422610,3139,3025,114
4013422615,6986,5164,1822
4013422617,6141,4548,1593
4013422618,2984,2966,18
4013422620,3261,2305,956
4013422621,4933,3478,1455
4013422622,4229,3174,1055
4013422623,8259,5316,2943
4013422624,2404,2371,33
4013422625,4405,3742,663
4013422626,2719,2533,186
4013422627,3576,2848,728
4013422628,4065,3041,1024
4013422629,3577,2727,850
4013422630,4783,3820,963
4013422632,4098,3409,689
4013422633,3075,2456,619
4013422634,5457,4350,1107
4013422636,3267,2626,641
4013422637,3597,2660,937
4013422638,4260,3103,1157
4013422639,3687,3589,98
4013422640,5077,3981,1096
4013422642,5886,4339,1547
4013422643,5862,4185,1677
4013422647,9208,6137,3071
4013422648,5827,3908,1919
4013422649,6397,4317,2080
4013422650,2900,2386,514
4013422651,5260,3563,1697
4013422652,2781,2744,37
4013422653,4602,3530,1072
4013422654,5858,4050,1808
4013422655,3529,2353,1176
4013422656,5166,3483,1683
4013422657,4482,3099,1383
4013422658,3652,2155,1497
4013422659,1890,1630,260
4013422660,4871,3785,1086
4013522802,1289,934,355
4013522901,5029,3967,1062
4013522903,5123,3541,1582
4013522904,5070,3502,1568
4013523002,5970,4315,1655
4013523005,5041,3940,1101
4013523006,5689,4414,1275
4013523007,3379,2573,806
4013523008,3520,2714,806
4013523102,5752,4067,1685
4013523103,6567,5192,1375
4013523104,6782,5155,1627
4013610001,2404,1852,552
4013610002,6672,5156,1516
4013610100,696,528,168
4013610201,4325,3461,864
4013610202,3795,3383,412
4013610301,3956,2893,1063
4013610302,5438,4048,1390
4013610400,5676,3911,1765
4013610500,7316,5939,1377
4013610600,6367,4724,1643
4013610700,7705,6361,1344
4013610800,6842,4791,2051
4013610901,5541,4108,1433
4013610902,5035,3665,1370
4013610903,3818,2786,1032
4013611000,3187,2303,884
4013611100,3943,2701,1242
4013611200,6566,4744,1822
4013611300,7346,5500,1846
4013611400,6675,5030,1645
4013611500,7896,5373,2523
4013611600,3099,2463,636
4013611700,6545,5163,1382
4013611800,6761,5135,1626
4013611900,3238,2182,1056
4013612000,4400,3339,1061
4013612200,6533,4668,1865
4013612301,4031,3323,708
4013612302,4950,3402,1548
4013612401,4496,3244,1252
4013612402,4190,3078,1112
4013612500,4440,3474,966
4013612600,2397,1915,482
4013612700,2239,1857,382
4013612800,2444,1864,580
4013612900,2618,2007,611
4013613000,6109,4858,1251
4013613100,2893,2663,230
4013613200,3762,3036,726
4013613300,6892,5312,1580
4013613400,3870,3139,731
4013613500,4321,3305,1016
4013613601,4128,3045,1083
4013613602,5831,3910,1921
4013613700,5646,4077,1569
4013613800,4199,3152,1047
4013613900,6253,4586,1667
4013614000,4270,3367,903
4013614100,6700,5154,1546
4013614200,4732,3867,865
4013614300,3023,2558,465
4013614400,4016,3152,864
4013614500,4696,3561,1135
4013614601,3521,2774,747
4013614602,3102,2482,620
4013614700,3094,2434,660
4013614800,4194,3298,896
4013614900,4213,3384,829
4013615001,5840,4127,1713
4013615002,5033,3554,1479
4013615100,4714,3355,1359
4013615201,5839,5221,618
4013615202,3854,3364,490
4013615300,2085,1968,117
4013615400,2756,2739,17
4013615500,2988,2963,25
4013615600,3891,3618,273
4013615700,3073,2472,601
4013615800,5088,4062,1026
4013615900,4328,3505,823
4013616000,2408,2000,408
4013616100,3905,3055,850
4013616200,3353,2639,714
4013616300,2125,1712,413
4013616400,6300,5103,1197
4013616500,3838,3103,735
4013616600,5698,4482,1216
4013616700,5315,4308,1007
4013616800,5865,4589,1276
4013616900,4396,3709,687
4013617002,6177,5052,1125
4013617100,2275,1813,462
4013617200,2521,2006,515
4013617300,3018,2436,582
4013617400,7573,6713,860
4013617500,3977,3697,280
4013617600,6285,5110,1175
4013617700,3473,2767,706
4013617800,2661,2149,512
4013617900,2742,2285,457
4013618000,4476,3530,946
4013618100,4415,3403,1012
4013618200,3928,3041,887
4013618300,3119,2475,644
4013618400,4022,3108,914
4013618500,4026,3108,918
4013618600,4938,3804,1134
4013618700,3005,2256,749
4013618800,5349,4025,1324
4013618900,6858,5483,1375
4013619000,3068,2602,466
4013619100,3893,2893,1000
4013619200,6078,4807,1271
4013619300,4666,3670,996
4013619400,4884,3746,1138
4013619500,5561,4409,1152
4013619602,1906,1522,384
4013619700,3404,2680,724
4013619800,4774,3788,986
4013619900,6066,4700,1366
4013723304,6439,5099,1340
4013723305,2486,1619,867
4013723306,4662,4644,18
4013723307,2146,1706,440
4013723309,3035,2411,624
4013723310,2909,2308,601
4013723311,5781,4444,1337
4013810000,3251,2583,668
4013810100,6352,5046,1306
4013810200,3546,2742,804
4013810300,5954,4607,1347
4013810400,5413,4371,1042
4013810500,5118,4018,1100
4013810600,6794,5271,1523
4013810700,7543,5899,1644
4013810800,4365,3477,888
4013810900,5752,4551,1201
4013811000,2793,2145,648
4013811100,3673,3050,623
4013811200,3511,2962,549
4013811300,3026,2253,773
4013811400,5325,4215,1110
4013811500,2892,2169,723
4013811600,4450,3520,930
4013811700,4646,3601,1045
4013811800,1910,1353,557
4013811900,5838,4564,1274
4013812000,4939,3711,1228
4013812100,7106,5341,1765
4013812200,7700,5653,2047
4013812300,4961,3586,1375
4013812400,7909,5869,2040
4013812500,2232,1547,685
4013812600,6396,5065,1331
4013812700,6773,4975,1798
4013812801,3303,2214,1089
4013812802,6012,4115,1897
4013812900,3363,2480,883
4013813000,6077,4624,1453
4013813100,3708,2555,1153
4013813200,4852,3377,1475
4013813300,6713,4581,2132
4013813400,4825,3500,1325
4013813500,3905,2754,1151
4013813600,4786,3324,1462
4013813700,2510,2494,16
4013813800,2913,2886,27
4013813900,6104,4410,1694
4013814000,2736,2533,203
4013814100,6160,4211,1949
4013814200,2703,2219,484
4013814300,4595,3556,1039
4013814400,5533,4174,1359
4013814500,5232,3820,1412
4013814600,5755,4275,1480
4013814700,4576,3305,1271
4013814801,3629,2397,1232
4013814802,6047,4087,1960
4013814900,3143,2351,792
4013815000,4236,2980,1256
4013815100,5506,3771,1735
4013815201,5551,3662,1889
4013815202,3341,2314,1027
4013815203,3778,2683,1095
4013815300,4031,2819,1212
4013815401,3849,2570,1279
4013815402,6512,4454,2058
4013815501,4502,3191,1311
4013815502,2640,2169,471
4013815601,1246,883,363
4013815602,5736,3826,1910
4013815700,5644,3963,1681
4013815800,6465,4268,2197
4013815901,6438,4209,2229
4013815902,5394,3634,1760
4013816001,4030,2668,1362
4013816002,3964,2518,1446
4013816003,2643,1729,914
4013816004,6839,4464,2375
4013816005,4670,3159,1511
4013816100,7437,4802,2635
4013816200,4059,2608,1451
4013816301,3085,3067,18
4013816302,4315,2922,1393
4013816401,3912,2706,1206
4013816402,4878,3346,1532
4013816501,2220,1609,611
4013816502,2318,1653,665
4013816600,5354,3270,2084
4013816700,2634,1679,955
4013816800,7767,5166,2601
4013816901,5903,3959,1944
4013816902,2514,1655,859
4013816903,3039,2014,1025
4013816904,3310,2310,1000
4013817000,3955,2865,1090
4013817101,3591,2365,1226
4013817102,3286,2274,1012
4013817103,5401,3693,1708
4013817200,7797,5585,2212
4013817300,5561,5546,15
4013817400,3070,3049,21
4013817500,2847,2836,11
4013817600,6885,5103,1782
4013940700,88,61,27
4013941000,3540,2286,1254
4013941200,1152,778,374
4013941300,6334,4390,1944
4013981000,803,787,16
4015940400,1250,768,482
4015940501,2736,2339,397
4015950101,3187,2706,481
4015950102,2463,1299,1164
4015950103,2367,1286,1081
4015950401,1781,1566,215
4015950403,1831,1725,106
4015950404,2308,2082,226
4015950500,1363,1183,180
4015950601,3487,3062,425
4015950602,2818,2438,380
4015950603,3122,2739,383
4015950703,4055,3235,820
4015950705,4117,3310,807
4015950706,3776,2950,826
4015950707,2690,2186,504
4015950708,4345,3725,620
4015951401,4132,3684,448
4015951403,2275,2038,237
4015951404,2181,1953,228
4015951501,4157,3580,577
4015951503,2052,1952,100
4015951504,3819,3374,445
4015951601,3768,3109,659
4015951602,4153,3339,814
4015951701,3013,2390,623
4015951702,2350,1887,463
4015951800,3431,2692,739
4015951900,4204,3415,789
4015952001,1871,1478,393
4015952003,4617,3743,874
4015952004,4172,3476,696
4015952005,1225,1081,144
4015952006,3215,2643,572
4015952007,3970,3387,583
4015952400,3176,2852,324
4015952501,3161,2755,406
4015952502,2533,2248,285
4015952600,3427,2888,539
4015952701,2526,2077,449
4015952702,2816,2354,462
4015952801,3459,2998,461
4015952802,3650,3167,483
4015952901,2166,1794,372
4015952902,3493,2903,590
4015953001,2304,2022,282
4015953002,3466,2883,583
4015953100,3315,2854,461
4015953200,2998,2729,269
4015953301,3215,2742,473
4015953302,3320,2767,553
4015953403,2590,2243,347
4015953404,3175,2620,555
4015953405,3280,2793,487
4015953406,2631,2263,368
4015953602,2718,2288,430
4015953603,4292,3182,1110
4015953604,6675,5237,1438
4015953800,6659,5218,1441
4015953901,4203,3351,852
4015953902,4203,3163,1040
4015954801,2630,2353,277
4015954802,5653,5348,305
4015954900,4048,3387,661
4015955001,2280,1842,438
4015955002,2904,2320,584
4017940008,1258,963,295
4017940010,2642,1851,791
4017940011,3040,2176,864
4017940012,2643,1977,666
4017940013,3790,2797,993
4017940014,2382,1805,577
4017940015,4071,3008,1063
4017940100,4282,2806,1476
4017940301,4597,2865,1732
4017940302,3116,2079,1037
4017942300,2231,1622,609
4017942400,2682,1897,785
4017942500,4808,3260,1548
4017960100,1813,1262,551
4017960200,3498,2688,810
4017960400,3580,2629,951
4017960500,3618,2855,763
4017960600,4453,3214,1239
4017961300,3454,2774,680
4017961701,3414,2664,750
4017961702,3664,3038,626
4017962501,1567,1243,324
4017962502,1286,1044,242
4017963300,5090,3396,1694
4017963400,3478,2636,842
4017963700,1855,1654,201
4017963800,4508,3101,1407
4017964201,1864,1607,257
4017964202,1559,1201,358
4017964801,2724,2262,462
4017964802,1872,1565,307
4017964901,1047,832,215
4017964902,947,830,117
4017965201,2446,1950,496
4017965202,2763,1891,872
4017965301,1525,1254,271
4017965302,3150,2512,638
4019000100,930,893,37
4019000200,4035,3333,702
4019000300,1449,1246,203
4019000401,2486,2259,227
4019000402,1267,1137,130
4019000501,5138,4888,250
4019000502,5876,5719,157
4019000600,4522,4083,439
4019000700,4981,4208,773
4019000800,2053,1764,289
4019001100,2591,2009,582
4019001200,3575,2600,975
4019001302,2089,1773,316
4019001303,2925,2323,602
4019001304,5244,4200,1044
4019001400,5146,4572,574
4019001500,5292,4890,402
4019001600,3608,3172,436
4019001700,2909,2469,440
4019001801,5540,4426,1114
4019001802,2278,2027,251
4019001900,3850,3285,565
4019002000,6640,5228,1412
4019002100,6205,4386,1819
4019002201,3151,2448,703
4019002202,3500,2565,935
4019002300,4613,3507,1106
4019002400,5397,4168,1229
4019002503,4097,3013,1084
4019002504,5518,4022,1496
4019002505,6876,5007,1869
4019002507,3079,2344,735
4019002508,4896,3505,1391
4019002509,4276,3400,876
4019002602,5199,4232,967
4019002603,3210,2327,883
4019002604,3707,2908,799
4019002702,4992,4303,689
4019002703,3484,3067,417
4019002704,2307,1866,441
4019002801,2206,1757,449
4019002802,3885,3274,611
4019002803,2311,1907,404
4019002901,5829,4740,1089
4019002904,3448,3052,396
4019002905,4554,3738,816
4019002906,2266,2055,211
4019003002,4686,4005,681
4019003003,4523,3860,663
4019003004,2053,1738,315
4019003102,3900,3192,708
4019003103,2855,2340,515
4019003104,2741,2229,512
4019003201,3044,2554,490
4019003202,2832,2440,392
4019003302,4130,3271,859
4019003303,4088,3555,533
4019003304,3411,2848,563
4019003400,5537,4516,1021
4019003502,4327,3405,922
4019003503,4342,3245,1097
4019003504,2884,2286,598
4019003505,4475,3395,1080
4019003506,3941,2879,1062
4019003601,4566,3098,1468
4019003702,6997,4927,2070
4019003704,4375,3244,1131
4019003705,5315,3886,1429
4019003706,5426,4092,1334
4019003707,3679,2542,1137
4019003801,3610,2612,998
4019003802,4839,3680,1159
4019003901,1993,1482,511
4019003902,2676,2034,642
4019003903,3144,2287,857
4019004008,4799,3807,992
4019004010,4021,3214,807
4019004026,5600,4586,1014
4019004029,4355,3344,1011
4019004030,1820,1421,399
4019004031,4069,3547,522
4019004032,3704,3157,547
4019004033,4152,3260,892
4019004034,3667,2697,970
4019004035,3582,2945,637
4019004036,3071,2391,680
4019004037,2826,2240,586
4019004038,3040,2296,744
4019004039,2438,2266,172
4019004042,4966,4155,811
4019004043,3989,3286,703
4019004044,3958,3358,600
4019004046,4574,3746,828
4019004047,2901,2439,462
4019004048,4577,3742,835
4019004049,3144,2617,527
4019004050,1901,1594,307
4019004051,5103,4247,856
4019004052,2026,1804,222
4019004053,3084,2597,487
4019004054,1496,1306,190
4019004055,3404,2804,600
4019004056,2274,1808,466
4019004057,4768,3757,1011
4019004058,4393,3578,815
4019004061,5242,4212,1030
4019004062,8543,5560,2983
4019004063,7483,5039,2444
4019004065,3729,2727,1002
4019004066,2972,2152,820
4019004067,2898,2574,324
4019004068,4869,4157,712
4019004069,4060,3287,773
4019004070,3273,2548,725
4019004071,4885,4189,696
4019004072,2461,1992,469
4019004073,6077,4391,1686
4019004074,1885,1392,493
4019004075,2703,2210,493
4019004076,5177,3862,1315
4019004077,3162,2570,592
4019004078,3263,2680,583
4019004079,3058,2555,503
4019004080,3805,3202,603
4019004081,5402,4220,1182
4019004082,4270,3275,995
4019004109,5908,4558,1350
4019004110,3348,2500,848
4019004112,2715,2031,684
4019004114,4834,3448,1386
4019004115,6672,4625,2047
4019004116,2593,1820,773
4019004117,6164,4274,1890
4019004118,5274,3690,1584
4019004122,4056,2635,1421
4019004126,7335,4942,2393
4019004127,5516,4125,1391
4019004128,3689,2726,963
4019004129,4107,3666,441
4019004130,2411,2388,23
4019004131,6779,4750,2029
4019004132,4643,3094,1549
4019004133,2500,2467,33
4019004307,3389,3331,58
4019004310,2405,1865,540
4019004311,4216,3343,873
4019004312,5659,4371,1288
4019004313,4529,3614,915
4019004316,3106,2527,579
4019004317,3160,3082,78
4019004320,2527,2001,526
4019004321,4569,3293,1276
4019004322,6341,4688,1653
4019004323,4056,2617,1439
4019004324,3020,2986,34
4019004325,1914,1858,56
4019004326,4054,2897,1157
4019004327,5257,4201,1056
4019004328,3425,3412,13
4019004330,1806,1781,25
4019004332,1818,1803,15
4019004333,3894,2827,1067
4019004335,8429,5509,2920
4019004336,4208,2760,1448
4019004337,2360,2287,73
4019004338,1411,1402,9
4019004339,6219,4345,1874
4019004340,6585,4580,2005
4019004404,3500,3371,129
4019004407,5925,4387,1538
4019004412,3292,2809,483
4019004413,3159,2630,529
4019004414,3110,2530,580
4019004415,1602,1363,239
4019004418,3429,2913,516
4019004419,5798,4612,1186
4019004422,5711,4834,877
4019004423,4108,3359,749
4019004424,3857,3082,775
4019004425,6305,5059,1246
4019004426,2673,2075,598
4019004428,3187,2818,369
4019004430,3274,2448,826
4019004431,6579,4482,2097
4019004432,3363,3006,357
4019004433,3713,3080,633
4019004434,3208,2581,627
4019004435,3618,2982,636
4019004436,4883,3783,1100
4019004437,3086,2305,781
4019004438,3542,2657,885
4019004439,3208,2540,668
4019004440,4758,3446,1312
4019004505,3961,3165,796
4019004506,5076,3736,1340
4019004508,4331,3601,730
4019004510,4195,3697,498
4019004511,4607,3634,973
4019004512,4198,3311,887
4019004513,3151,2483,668
4019004514,3669,2776,893
4019004515,3866,2992,874
4019004610,6655,5179,1476
4019004613,4017,3234,783
4019004614,3436,2883,553
4019004615,3377,2840,537
4019004616,4496,3787,709
4019004617,3249,2760,489
4019004618,3404,2890,514
4019004619,3413,2939,474
4019004620,1852,1506,346
4019004621,2452,2156,296
4019004622,2996,2438,558
4019004623,6316,5226,1090
4019004624,6024,4718,1306
4019004625,2030,1716,314
4019004626,3574,2919,655
4019004627,2735,2143,592
4019004628,1245,1057,188
4019004630,2162,1650,512
4019004631,3623,2882,741
4019004632,2642,2092,550
4019004633,2989,2398,591
4019004634,1892,1421,471
4019004635,5188,4371,817
4019004636,7100,5610,1490
4019004639,5243,3899,1344
4019004640,6933,5376,1557
4019004641,3847,3140,707
4019004642,4918,4249,669
4019004643,4158,3960,198
4019004644,2579,1959,620
4019004645,5591,4204,1387
4019004646,4688,3560,1128
4019004647,3835,3025,810
4019004648,6691,5256,1435
4019004649,1630,1383,247
4019004650,5778,5017,761
4019004710,4323,3915,408
4019004711,4789,4069,720
4019004712,3393,2892,501
4019004713,4005,3510,495
4019004714,5573,4675,898
4019004715,4647,3829,818
4019004717,2231,1963,268
4019004718,2273,1885,388
4019004720,1387,1258,129
4019004721,3893,3470,423
4019004722,2531,2290,241
4019004723,4808,4019,789
4019004724,2507,2114,393
4019004725,2957,2663,294
4019004726,4047,3414,633
4019004727,2886,2387,499
4019004728,3604,3218,386
4019004729,2827,2481,346
4019004730,2935,2470,465
4019005200,3207,2731,476
4019005300,3871,3161,710
4019005400,3585,2883,702
4019940800,3997,2748,1249
4019940900,2210,1612,598
4019941000,3759,2495,1264
4019941100,2421,1727,694
4019980100,1918,1918,0
4019980200,4855,4795,60
4019980400,1646,1619,27
4021000201,5996,5482,514
4021000204,13220,9102,4118
4021000206,8458,6392,2066
4021000208,4709,3223,1486
4021000211,5432,3690,1742
4021000212,7918,5458,2460
4021000215,3246,2477,769
4021000216,4786,3108,1678
4021000217,6653,4572,2081
4021000218,5585,3587,1998
4021000219,3353,2247,1106
4021000220,3914,2578,1336
4021000221,5751,4119,1632
4021000222,6462,4434,2028
4021000223,5045,3575,1470
4021000224,7934,5455,2479
4021000225,2886,1906,980
4021000226,6855,4607,2248
4021000227,4377,3108,1269
4021000228,2130,1452,678
4021000229,5567,4296,1271
4021000307,2568,2224,344
4021000309,3118,2655,463
4021000310,3183,2772,411
4021000311,2877,2539,338
4021000312,3850,3054,796
4021000313,4733,4081,652
4021000315,5072,4064,1008
4021000316,7422,7058,364
4021000317,2394,2175,219
4021000319,1677,1665,12
4021000320,2130,1834,296
4021000321,3444,2819,625
4021000322,3238,2432,806
4021000323,2035,1740,295
4021000324,4905,4022,883
4021000325,2187,1869,318
4021000400,2418,1943,475
4021000603,6079,5606,473
4021000604,4731,4695,36
4021000700,3114,2428,686
4021000802,5548,4827,721
4021000804,1963,1919,44
4021000805,5715,4630,1085
4021000806,6583,4546,2037
4021000807,3069,2991,78
4021000808,6168,6044,124
4021000902,2240,1600,640
4021000903,6544,6508,36
4021000904,875,670,205
4021001000,4802,3427,1375
4021001100,8146,5694,2452
4021001200,4173,3273,900
4021001303,1490,1212,278
4021001305,6307,4840,1467
4021001306,5819,4245,1574
4021001307,5238,4156,1082
4021001308,2465,1651,814
4021001309,5565,3890,1675
4021001310,5082,3677,1405
4021001403,4681,3481,1200
4021001404,4009,2914,1095
4021001405,3890,3388,502
4021001406,4874,3441,1433
4021001407,1795,1441,354
4021001408,2872,2539,333
4021001500,3270,2325,945
4021001600,5373,4092,1281
4021001701,886,720,166
4021001704,7461,5116,2345
4021001705,7885,5764,2121
4021001706,5494,3828,1666
4021001707,4289,2889,1400
4021001709,7624,5497,2127
4021001712,5168,3605,1563
4021001713,3087,2206,881
4021001714,4621,3241,1380
4021001715,4773,3411,1362
4021001716,5408,3745,1663
4021001717,2343,2328,15
4021001900,2415,1781,634
4021002001,4394,3681,713
4021002004,3918,2664,1254
4021002005,6407,6294,113
4021002104,4218,3334,884
4021002105,5365,4074,1291
4021002106,1042,756,286
4021002107,3180,2252,928
4021002200,4068,3357,711
4021002300,2109,1643,466
4021002400,1420,1146,274
4021941200,7117,4760,2357
4021941300,3381,2215,1166
4021941401,4806,3664,1142
4021941402,2377,1705,672
4023966000,2965,2573,392
4023966101,3068,2690,378
4023966103,1209,895,314
4023966106,2091,1485,606
4023966107,1647,1222,425
4023966108,6249,4398,1851
4023966109,3261,2466,795
4023966110,1547,1027,520
4023966111,6011,4263,1748
4023966200,4751,3291,1460
4023966301,4243,3176,1067
4023966302,3379,2449,930
4023966401,3230,2334,896
4023966402,4018,2946,1072
4025000205,1423,1172,251
4025000206,5103,4316,787
4025000207,1709,1399,310
4025000208,1796,1339,457
4025000209,6439,5139,1300
4025000210,1527,1251,276
4025000211,6231,5060,1171
4025000301,5195,4768,427
4025000302,1350,1255,95
4025000403,1413,1147,266
4025000404,2223,1999,224
4025000405,3658,3286,372
4025000406,1946,1677,269
4025000407,3770,3309,461
4025000501,1537,1245,292
4025000502,3947,3547,400
4025000604,5016,4006,1010
4025000608,3543,2775,768
4025000609,4869,3667,1202
4025000611,1516,1093,423
4025000612,1766,1290,476
4025000613,8626,7070,1556
4025000614,1537,1082,455
4025000615,5699,4478,1221
4025000616,2015,1624,391
4025000617,3168,2716,452
4025000618,1719,1574,145
4025000619,4451,3917,534
4025000701,2236,1943,293
4025000702,2197,1748,449
4025000802,3754,3330,424
4025000803,1228,1082,146
4025000804,2587,2383,204
4025000901,1228,1126,102
4025000902,3240,2788,452
4025001002,3765,3401,364
4025001003,1343,1204,139
4025001004,3659,3176,483
4025001103,1354,1182,172
4025001104,2990,2624,366
4025001105,1821,1676,145
4025001106,2281,1993,288
4025001201,3239,2953,286
4025001202,4127,3542,585
4025001300,2191,1525,666
4025001401,2410,2094,316
4025001402,3980,3613,367
4025001403,3427,3058,369
4025001501,2309,1953,356
4025001502,4416,3706,710
4025001601,6837,5450,1387
4025001602,4156,3274,882
4025001604,1689,1276,413
4025001605,4712,3896,816
4025001701,6013,5249,764
4025001703,2595,2416,179
4025001704,1106,976,130
4025001705,3533,3317,216
4025001801,3259,2997,262
4025001803,1843,1671,172
4025001804,2819,2527,292
4025001901,2383,1990,393
4025001902,3678,3049,629
4025001903,6362,5427,935
4025001904,6574,5465,1109
4025002001,5190,4099,1091
4025002002,5195,3969,1226
4025002003,4070,3303,767
4025002005,1964,1704,260
4025002006,1593,1263,330
4025002007,5333,4470,863
4025002100,2331,2047,284
4027000100,2093,1733,360
4027000200,3082,2289,793
4027000301,2922,2103,819
4027000302,3557,2523,1034
4027000402,3704,2615,1089
4027000403,1324,947,377
4027000404,4024,2938,1086
4027000501,2619,2054,565
4027000502,2507,2031,476
4027000600,5096,3786,1310
4027000700,3859,2831,1028
4027000800,4935,3775,1160
4027000901,3431,2540,891
4027000902,2859,2074,785
4027000903,3485,2537,948
4027000907,6615,4601,2014
4027000908,4648,3153,1495
4027000909,5456,3707,1749
4027000910,2786,1917,869
4027001001,2649,2323,326
4027001003,1341,1033,308
4027001004,2167,1669,498
4027001100,4871,3719,1152
4027001200,4081,3076,1005
4027010907,5428,4253,1175
4027010910,1769,1682,87
4027010911,6700,4820,1880
4027010913,1173,875,298
4027010914,533,432,101
4027010915,2081,1719,362
4027010916,833,697,136
4027011000,1612,1308,304
4027011107,3061,2173,888
4027011108,3700,2870,830
4027011112,2610,2408,202
4027011114,1828,1695,133
4027011116,1635,1407,228
4027011117,3651,2614,1037
4027011118,1238,1176,62
4027011119,2155,1863,292
4027011120,1692,1529,163
4027011121,6467,4457,2010
4027011122,1440,1268,172
4027011123,1454,1247,207
4027011124,1682,1586,96
4027011125,1672,1589,83
4027011202,1106,890,216
4027011203,1423,1170,253
4027011204,1753,1523,230
4027011403,3940,2868,1072
4027011405,4535,3240,1295
4027011407,6872,4521,2351
4027011408,3810,2454,1356
4027011501,2007,1410,597
4027011503,5386,3640,1746
4027011505,4480,3003,1477
4027011506,3958,2533,1425
4027011601,4797,3282,1515
4027011602,3571,2437,1134
4027011700,1313,1156,157
4027011801,9640,8189,1451
4027011802,3083,2332,751
4027012100,725,543,182
4027980005,503,503,0
4027980006,2449,1829,620
5001480100,1224,1026,198
5001480200,1527,1260,267
5001480300,2698,2022,676
5001480400,2216,1689,527
5001480500,3821,2904,917
5001480600,1700,1309,391
5001480700,2727,2114,613
5001480800,1236,969,267
5003960100,1488,1162,326
5003960200,2449,1945,504
5003960300,4303,3278,1025
5003960400,1507,1178,329
5003960500,2447,1891,556
5003960600,5089,3893,1196
5003960700,1779,1389,390
5005950100,4528,3655,873
5005950200,4761,3902,859
5005950300,5087,4111,976
5005950400,3384,2834,550
5005950500,5110,4168,942
5005950600,3811,3249,562
5005950700,3356,2867,489
5005950801,4236,3709,527
5005950802,1847,1507,340
5005950900,5507,4356,1151
5007020102,7651,5488,2163
5007020103,5061,3577,1484
5007020104,1710,1307,403
5007020201,4999,3752,1247
5007020203,3031,2360,671
5007020205,6353,4417,1936
5007020206,7335,4941,2394
5007020301,4305,3093,1212
5007020302,4298,3096,1202
5007020304,4380,3268,1112
5007020305,4068,2979,1089
5007020401,7286,5561,1725
5007020402,4687,3515,1172
5007020404,4953,3534,1419
5007020405,5479,4485,994
5007020501,5336,3885,1451
5007020503,4727,3733,994
5007020504,2819,2121,698
5007020604,4571,3506,1065
5007020605,4485,3269,1216
5007020606,4299,3142,1157
5007020607,9451,7054,2397
5007020608,3259,2267,992
5007020701,5783,4404,1379
5007020703,5103,4089,1014
5007020704,4670,3577,1093
5007020801,4604,4212,392
5007020803,4653,3876,777
5007020805,4873,3949,924
5007020806,6750,5011,1739
5007020903,5310,3542,1768
5007020904,6043,4078,1965
5007020905,3071,2327,744
5007020906,5514,3866,1648
5007021001,5265,3829,1436
5007021003,3291,2360,931
5007021004,4006,3021,985
5007021101,5151,3650,1501
5007021102,3498,2490,1008
5007021201,4894,3755,1139
5007021202,3521,2557,964
5007021304,12149,8240,3909
5007021305,7458,5216,2242
5007021306,4625,3317,1308
5007021308,6511,4315,2196
5007021312,4051,2966,1085
5007021313,3304,2428,876
5007021314,3751,2577,1174
5007021315,6275,4443,1832
5007021316,7193,4901,2292
5007021317,3681,2614,1067
5007021404,3813,2897,916
5007021405,2020,1696,324
5007021406,5918,4040,1878
5007021407,4587,3767,820
5007021408,5920,4110,1810
5007021409,2534,2134,400
5009790100,6858,5372,1486
5009790200,6047,4721,1326
5009790300,5538,4154,1384
5009790400,6158,4836,1322
5009790501,4030,3199,831
5009790502,3938,3163,775
5009790600,4804,3638,1166
5011950100,2615,1955,660
5011950200,1914,1400,514
5011950300,1975,1487,488
5011950400,1586,1226,360
5011950500,2455,1789,666
5013480100,2242,1776,466
5013480200,2497,2005,492
5015950100,2978,2620,358
5015950201,3496,3088,408
5015950202,2921,2464,457
5015950301,3517,2521,996
5015950302,3661,2737,924
5015950400,4260,3223,1037
5015950501,2181,1702,479
5015950502,5246,3727,1519
5017080100,3331,2807,524
5017080200,2144,1631,513
5017080300,2634,1975,659
5017080400,2099,1592,507
5019953601,4915,4151,764
5019953602,4129,3573,556
5019953700,4115,3224,891
5019953800,3544,2739,805
5019953901,1831,1501,330
5019953902,2912,2213,699
5021950100,1874,1499,375
5021950200,2047,1642,405
5021950300,1699,1360,339
5021950400,3182,2448,734
5021950500,2028,1553,475
5021950600,3722,2882,840
5023480100,3913,3147,766
5023480201,1452,1204,248
5023480203,2423,2071,352
5023480204,934,752,182
5023480301,2060,1631,429
5023480302,2994,2450,544
5023480400,4319,3478,841
5023480501,2944,2348,596
5023480502,3672,3018,654
5025970100,4135,3281,854
5025970200,3415,2661,754
5027950100,3907,3076,831
5027950200,4110,3176,934
5027950301,1298,1048,250
5027950302,3460,2648,812
5027950401,4604,3898,706
5027950402,2189,1644,545
5027950500,3233,2464,769
5029950100,4975,3862,1113
5029950200,3341,2559,782
5029950300,5453,4124,1329
5029950400,2429,1869,560
5029950500,2613,2069,544
5029950600,1904,1501,403
5031000101,3700,2900,800
5031000102,3718,2932,786
5031000200,4115,2939,1176
5031000300,7044,5312,1732
5031000401,6540,4727,1813
5031000403,4797,3471,1326
5031000404,4832,3882,950
5031000501,8250,6207,2043
5031000502,6517,5111,1406
5031000601,7054,5046,2008
5031000602,6117,5122,995
5031000701,4002,3120,882
5031000702,3763,2711,1052
5031000803,6004,4115,1889
5031000804,2870,2221,649
5031000805,3566,2845,721
5031000806,3984,2887,1097
5031000900,5713,4281,1432
5031001000,4008,3064,944
5031001101,4785,3609,1176
5031001102,5014,3525,1489
5031001200,4838,3593,1245
5033020101,2678,2071,607
5033020102,2703,2120,583
5033020204,5343,4152,1191
5033020205,3215,2506,709
5033020206,2068,1604,464
5033020207,4032,2993,1039
5033020208,3838,2805,1033
5033020301,4484,3345,1139
5033020302,3925,3018,907
5033020401,4817,3709,1108
5033020402,4474,3388,1086
5033020501,4101,2830,1271
5033020502,4588,3567,1021
5033020601,2574,2048,526
5033020602,7293,5231,2062
5035030101,1991,1334,657
5035030102,2805,2069,736
5035030201,5355,3967,1388
5035030202,3400,2692,708
5035030301,3034,2235,799
5035030302,2741,2010,731
5035030503,1400,1007,393
5035030601,759,593,166
5035030602,3696,2629,1067
5035030701,886,711,175
5035030702,879,640,239
5035030703,906,726,180
5035030803,1975,1498,477
5035030804,4335,3120,1215
5035030805,3396,2576,820
5035030806,4209,2966,1243
5035030807,1682,1252,430
5035031000,1211,912,299
5035031100,2080,1540,540
5035031200,1423,1060,363
5037950100,1058,844,214
5037950200,3150,2428,722
5037950300,1355,1063,292
5037950400,2451,1885,566
5037950500,4408,3255,1153
5037950600,4411,3212,1199
5039970100,1185,995,190
5039970200,1573,1271,302
5039970300,3724,2831,893
5041950100,1342,1086,256
5041950200,4119,3120,999
5041950300,1247,949,298
5041950400,2792,2022,770
5041950500,1895,1428,467
5043490100,2230,1740,490
5043490200,2195,1697,498
5043490300,5952,4614,1338
5043490400,3076,2298,778
5043490500,3897,3033,864
5045030101,3310,2512,798
5045030102,5990,4298,1692
5045030103,3741,2695,1046
5045030104,5576,4029,1547
5045030201,3235,2445,790
5045030202,2847,2139,708
5045030301,5944,4321,1623
5045030302,6189,4360,1829
5045030303,4810,3662,1148
5045030401,2580,2027,553
5045030402,4136,3103,1033
5045030403,3954,3050,904
5045030404,2631,2018,613
5045030502,4989,3909,1080
5045030503,4825,3755,1070
5045030504,7257,5189,2068
5045030600,5336,4080,1256
5045030701,3541,3024,517
5045030702,3660,2790,870
5045030800,6249,5546,703
5045030900,3908,3060,848
5045031001,4033,3091,942
5045031003,2441,1983,458
5045031006,4066,3207,859
5045031007,3797,3052,745
5045031008,4773,3659,1114
5045031101,4780,3811,969
5045031102,4900,3858,1042
5047950100,3520,2736,784
5047950201,3112,2404,708
5047950202,3570,2633,937
5047950301,3867,2990,877
5047950302,3028,2223,805
5049550101,3338,2764,574
5049550102,2406,1889,517
5049550201,3379,2580,799
5049550202,2952,2176,776
5051010301,4163,3133,1030
5051010302,1875,1488,387
5051010401,3903,3311,592
5051010402,3762,2884,878
5051010501,4299,3333,966
5051010502,2196,1682,514
5051010601,1537,1235,302
5051010602,2253,1501,752
5051010700,1552,1316,236
5051010800,2248,1834,414
5051010900,3356,2691,665
5051011001,3728,2982,746
5051011002,1887,1361,526
5051011101,4832,3736,1096
5051011102,4131,3261,870
5051011201,5244,4092,1152
5051011202,3891,2950,941
5051011300,4726,3738,988
5051011400,3373,2559,814
5051011500,2135,1749,386
5051011601,6242,4722,1520
5051011602,5178,4094,1084
5051011701,3316,2824,492
5051011702,1206,905,301
5051011801,2014,1763,251
5051011802,2265,2027,238
5051011901,3538,2845,693
5051011902,2564,2091,473
5051012001,4952,4192,760
5051012002,3814,3431,383
5053470100,5035,3895,1140
5053470200,3230,2507,723
5053470300,3774,2905,869
5053470401,3585,2737,848
5053470402,2334,1772,562
5055480100,2929,2197,732
5055480200,4615,3509,1106
5055480300,3177,2490,687
5055480401,4506,3462,1044
5055480402,3083,2265,818
5055480501,3680,2600,1080
5055480502,3542,2474,1068
5055480601,3231,2518,713
5055480602,4528,3471,1057
5055480700,2092,1570,522
5055480801,5213,3982,1231
5055480802,5140,3948,1192
5057480101,2052,1608,444
5057480102,2785,2147,638
5057480200,2156,1730,426
5057480301,2121,1496,625
5057480302,3064,2142,922
5057480400,3730,2874,856
5057480500,4157,3027,1130
5059020101,4071,3160,911
5059020102,3411,2517,894
5059020200,2903,2298,605
5059020300,1914,1475,439
5059020400,5350,4071,1279
5059020500,5701,4911,790
5059020600,3577,2874,703
5059020701,2386,1815,571
5059020702,3727,2920,807
5061950100,3722,2855,867
5061950200,4739,3556,1183
5061950300,4324,3137,1187
5063490101,2687,2103,584
5063490102,3578,2726,852
5063490200,2619,2005,614
5063490300,6338,4885,1453
5063490400,4545,3451,1094
5063490500,3074,2361,713
5063490600,2909,2068,841
5063490701,3631,2696,935
5063490702,3629,2774,855
5063490800,4928,3698,1230
5065960100,3301,2724,577
5065960200,4783,3746,1037
5065960300,3080,2669,411
5065960400,2413,2033,380
5067480100,3175,2417,758
5067480200,3429,2612,817
5067480300,4059,3111,948
5067480401,1475,1234,241
5067480402,2941,2768,173
5067480500,1676,1300,376
5069000102,1645,1635,10
5069000301,3139,2592,547
5069000302,5927,4521,1406
5069000303,3484,2630,854
5069000502,2906,2518,388
5069000900,2774,2013,761
5069001000,1289,1033,256
5069001200,1668,1325,343
5069001300,1333,1003,330
5069001401,1416,1043,373
5069001402,2117,1599,518
5069001501,3394,2477,917
5069001502,3289,2520,769
5069001600,2604,1958,646
5069001700,2116,1556,560
5069001800,3096,2354,742
5069001901,1354,1025,329
5069001903,2086,1481,605
5069002000,5573,4695,878
5069002103,5144,4495,649
5069002104,3782,3076,706
5069002300,2227,1838,389
5069002400,3963,3085,878
5069002500,934,801,133
5071951700,4699,3624,1075
5071951800,4356,3324,1032
5071951900,3343,2552,791
5071952000,4287,3054,1233
5071952100,3575,2673,902
5071952200,5489,4150,1339
5073470101,1681,1341,340
5073470102,1973,1573,400
5073470200,2654,2164,490
5075470100,1584,1323,261
5075470200,4139,3184,955
5075470300,1883,1452,431
5075470400,1360,1053,307
5075470501,2671,2001,670
5075470502,4579,3584,995
5077470100,2396,2237,159
5077470200,1382,1125,257
5077470300,3698,2715,983
5077470400,1124,952,172
5079960300,2582,1987,595
5079960400,3211,2519,692
5079960500,2240,1702,538
5079960600,4908,4650,258
5081030101,1981,1520,461
5081030103,2081,1657,424
5081030104,2763,2132,631
5081030200,2478,1936,542
5081030301,1077,838,239
5081030302,1646,1271,375
5083950100,3942,3091,851
5083950200,3631,2809,822
5083950300,3581,2817,764
5083950400,3181,2453,728
5083950500,3951,2923,1028
5083950600,2845,2186,659
5085020102,6579,4608,1971
5085020103,7514,5489,2025
5085020105,6221,4305,1916
5085020106,2226,1750,476
5085020107,2638,2009,629
5085020108,5101,3719,1382
5085020201,3829,2917,912
5085020202,3703,2748,955
5085020204,6127,4516,1611
5085020205,4840,3568,1272
5085020206,4919,3512,1407
5085020301,3725,2969,756
5085020302,3833,2990,843
5085020400,2853,2229,624
5085020500,4566,3423,1143
5085020600,1666,1312,354
5085020700,2633,2042,591
5085020800,1042,827,215
5087960100,4080,3188,892
5087960200,4152,3002,1150
5087960300,4974,3965,1009
5087960400,3315,2595,720
5089960100,4366,3557,809
5089960201,3299,2551,748
5089960202,4014,3204,810
5089960301,2028,1772,256
5089960302,3119,2736,383
5091020100,3864,2895,969
5091020200,2740,2090,650
5091020400,2771,2145,626
5091020500,2550,1949,601
5091020600,2100,1432,668
5091020701,3534,2785,749
5091020702,3642,2796,846
5091020801,2976,2383,593
5091020802,2346,1901,445
5091020901,2551,2029,522
5091020902,5569,4329,1240
5091021001,3238,2518,720
5091021002,4687,3447,1240
5093010100,1262,952,310
5093010200,5214,3835,1379
5093010300,2451,1775,676
5093010601,4296,3130,1166
5093010602,1710,1188,522
5093010700,3652,2821,831
5093010801,3256,2419,837
5093010802,3703,2735,968
5093010900,2229,1733,496
5093011000,3818,2714,1104
5093011100,3250,2529,721
5093011200,1913,1431,482
5093011300,1728,1297,431
5093011400,2203,1629,574
5095950100,3110,2436,674
5095950200,1933,1520,413
5095950300,1756,1408,348
5097953000,3008,2514,494
5097953100,1923,1559,364
5097953200,3553,2730,823
5099090100,2153,1697,456
5099090200,4759,3622,1137
5099090300,1398,1114,284
5101180100,3420,2773,647
5101180200,3805,3155,650
5103950101,1957,1504,453
5103950102,2979,2293,686
5103950200,2273,1887,386
5103950301,1991,1628,363
5103950302,2830,2301,529
5103950400,3083,2303,780
5103950500,3417,2719,698
5103950600,4120,3116,1004
5105952700,5203,4076,1127
5105952800,3165,2453,712
5105952900,1651,1291,360
5107480100,2531,1925,606
5107480201,2306,1765,541
5107480202,2069,1618,451
5107480300,5069,3610,1459
5107480400,1206,925,281
5107480500,2057,1488,569
5107480600,1330,997,333
5109953300,3778,2838,940
5109953400,2236,1782,454
5109953500,4157,3277,880
5111490100,3946,3079,867
5111490200,1412,1112,300
5111490300,3317,2454,863
5111490400,4479,3298,1181
5111490501,2699,2060,639
5111490502,3537,2761,776
5111490600,1413,1114,299
5111490700,2162,1652,510
5113950100,3994,3196,798
5113950201,2516,1901,615
5113950202,3172,2465,707
5113950300,2433,1943,490
5113950400,3051,2385,666
5113950500,1948,1490,458
5113950600,2107,1527,580
5115950700,3630,2801,829
5115950800,4296,3276,1020
5115950901,3138,2424,714
5115950902,3800,2960,840
5115951000,4581,3459,1122
5115951100,3833,2931,902
5115951201,3403,2677,726
5115951202,6002,4351,1651
5115951301,1314,1141,173
5115951302,3786,2923,863
5115951303,2832,2175,657
5115951400,4515,4008,507
5115951501,3703,2887,816
5115951503,2656,2092,564
5115951504,4051,3140,911
5115951601,6511,4767,1744
5115951602,1330,961,369
5117460100,3787,2968,819
5117460200,2568,2019,549
5117460300,1927,1508,419
5119000500,2234,1735,499
5119001100,1984,1581,403
5119001200,2359,2130,229
5119001300,1969,1582,387
5119001501,3956,3425,531
5119001502,4096,3606,490
5119001600,6011,4774,1237
5119001800,3943,3011,932
5119001900,3934,3251,683
5119002001,5475,3922,1553
5119002002,4811,3303,1508
5119002102,4799,3667,1132
5119002103,3636,3037,599
5119002104,4559,3705,854
5119002203,5207,4338,869
5119002206,3776,2969,807
5119002208,2152,1685,467
5119002209,3468,2763,705
5119002210,1598,1192,406
5119002211,5441,4176,1265
5119002403,3988,3017,971
5119002405,4920,3768,1152
5119002406,3004,2299,705
5119002407,2544,2103,441
5119002409,3134,2310,824
5119002410,3780,3045,735
5119002500,1732,1532,200
5119002600,902,702,200
5119002700,5811,4272,1539
5119002800,1771,1237,534
5119002900,1141,902,239
5119003001,2988,2317,671
5119003002,2637,2036,601
5119003100,963,729,234
5119003202,6997,5035,1962
5119003207,1911,1496,415
5119003208,4497,3286,1211
5119003303,4651,3781,870
5119003305,3899,3082,817
5119003306,3597,2726,871
5119003307,1740,1423,317
5119003308,4304,3490,814
5119003403,2681,2133,548
5119003404,4561,3676,885
5119003405,1454,1125,329
5119003406,4780,3612,1168
5119003604,6397,4867,1530
5119003605,5703,4232,1471
5119003606,2655,1872,783
5119003607,5013,3601,1412
5119003608,4883,3718,1165
5119003609,4478,3351,1127
5119003703,6580,5265,1315
5119003704,3879,2912,967
5119003707,4226,3371,855
5119003711,5953,4439,1514
5119003712,4041,3202,839
5119003713,4922,3848,1074
5119003714,4449,3490,959
5119003800,4765,3547,1218
5119003900,4503,3583,920
5119004001,2547,1929,618
5119004004,3480,2764,716
5119004005,3268,2907,361
5119004006,3630,2853,777
5119004007,2454,1919,535
5119004103,3832,2781,1051
5119004104,2140,1688,452
5119004105,6096,4199,1897
5119004106,6081,4226,1855
5119004107,3177,2216,961
5119004108,5668,3807,1861
5119004201,2510,2059,451
5119004202,4167,3337,830
5119004205,4933,3896,1037
5119004213,5658,4272,1386
5119004214,2875,2195,680
5119004215,5314,4089,1225
5119004218,3288,2647,641
5119004219,5629,4337,1292
5119004220,6712,5061,1651
5119004222,2692,2146,546
5119004223,3531,2676,855
5119004224,6230,4800,1430
5119004225,3978,3132,846
5119004226,3264,2596,668
5119004227,1605,1293,312
5119004228,2399,1901,498
5119004229,4461,3441,1020
5119004302,5370,4205,1165
5119004306,5671,4298,1373
5119004307,5148,4010,1138
5119004308,3359,2683,676
5119004309,4496,3490,1006
5119004310,4278,3278,1000
5119004311,3823,2896,927
5119004400,1942,1860,82
5119004500,2441,2166,275
5119004600,2446,2046,400
5119004700,3357,2819,538
5119004801,2415,1997,418
5119004901,2477,1968,509
5119004902,3804,2986,818
5119980200,565,538,27
5119980300,3136,2451,685
5119980400,532,435,97
5121960100,4009,3118,891
5121960201,1948,1517,431
5121960202,4315,3311,1004
5121960301,4320,3299,1021
5121960302,3979,2882,1097
5123960100,2202,1698,504
5123960201,2081,1691,390
5123960202,3083,2525,558
5123960300,2126,1696,430
5123960400,3965,2739,1226
5123960500,2954,2260,694
5123960600,6679,5797,882
5125010101,3800,2848,952
5125010104,3821,2809,1012
5125010105,5359,3933,1426
5125010106,3276,2295,981
5125010107,6454,4927,1527
5125010301,4772,3669,1103
5125010302,3758,2825,933
5125010303,4178,3125,1053
5125010405,4681,3601,1080
5125010406,5702,4294,1408
5125010407,4943,3714,1229
5125010408,6977,5049,1928
5125010409,3115,2347,768
5125010410,2546,1777,769
5125010411,5700,4247,1453
5125010507,3707,2853,854
5125010508,5138,3865,1273
5125010509,5570,4043,1527
5125010511,6677,4984,1693
5125010512,3238,2500,738
5125010513,3134,2276,858
5125010514,3640,2922,718
5125010515,2374,2271,103
5125010516,2075,2003,72
5125010517,3040,2865,175
5125010518,3250,2402,848
5125010519,4282,3268,1014
5125010520,1763,1223,540
5125010601,3349,2593,756
5125010602,3097,2324,773
5127950100,4104,3165,939
5127950200,3850,2884,966
5127950300,1882,1458,424
5129970100,2212,1771,441
5129970200,3383,2706,677
5129970300,2233,1797,436
5131000100,6116,4166,1950
5131000200,5561,3725,1836
5131000300,2334,1851,483
5131000400,3411,2464,947
5131000501,5248,3805,1443
5131000502,3208,2303,905
5131000600,4801,3870,931
5131000700,5263,4088,1175
5131000800,3893,3047,846
5131001001,4828,3854,974
5131001002,2071,1614,457
5131001101,4123,3403,720
5131001102,3275,2535,740
5131001201,3479,2695,784
5131001202,3242,2532,710
5131001301,2579,2011,568
5131001305,4549,3679,870
5131001306,3964,3168,796
5131001307,3313,2696,617
5131001308,4126,3151,975
5131001309,1855,1383,472
5131001310,5273,3934,1339
5131001311,3775,2942,833
5131001312,3964,3071,893
5131010101,5921,4506,1415
5131010102,6312,4630,1682
5131010201,4969,3723,1246
5131010202,3839,2781,1058
5131010301,6441,5012,1429
5131010303,2422,1856,566
5131010304,3644,2886,758
5133080100,3579,2648,931
5133080200,4013,2894,1119
5133080300,5947,4071,1876
5133080400,2300,1792,508
5135470100,1760,1470,290
5135470201,2489,2030,459
5135470202,3038,2470,568
5135470300,3960,3100,860
5135470401,2946,2269,677
5135470402,3078,2394,684
5137950100,3748,2997,751
5137950201,1660,1317,343
5137950203,2481,1928,553
5137950204,4470,3638,832
5139950100,2786,2229,557
5139950200,3983,3133,850
5139950300,2190,1695,495
5139950401,2312,1773,539
5139950402,3423,2646,777
5139950501,3386,2520,866
5139950502,2677,2123,554
5139950600,3294,2543,751
5139950700,5167,3828,1339
5139950800,3266,2591,675
5139950900,2500,1852,648
5139951000,4070,3075,995
5141460100,3287,2632,655
5141460200,3418,2712,706
5141460301,1525,1302,223
5141460303,1613,1414,199
5141460304,2118,1692,426
5141460400,3835,3026,809
5143010101,4900,3715,1185
5143010107,6040,4658,1382
5143010108,6090,4379,1711
5143010109,3726,2812,914
5143010110,4675,3565,1110
5143010111,1794,1511,283
5143010112,2897,2264,633
5143010113,6955,5090,1865
5143010114,3153,2560,593
5143010115,3044,2369,675
5143010201,4163,2863,1300
5143010202,4133,2564,1569
5143010303,5931,4071,1860
5143010304,4491,3133,1358
5143010305,6038,4227,1811
5143010306,5007,3177,1830
5143010307,4830,2957,1873
5143010401,7381,5280,2101
5143010402,5119,3642,1477
5143010404,2577,1772,805
5143010405,5119,3805,1314
5143010501,6666,4930,1736
5143010508,7663,5758,1905
5143010510,4812,3585,1227
5143010511,5176,4246,930
5143010512,4474,3527,947
5143010513,3890,2847,1043
5143010514,4060,2982,1078
5143010515,6290,4760,1530
5143010516,4185,3543,642
5143010517,5483,4078,1405
5143010518,4338,3215,1123
5143010519,4984,3534,1450
5143010520,4165,3210,955
5143010521,3473,2856,617
5143010601,2927,2563,364
5143010602,4052,3433,619
5143010703,3397,2894,503
5143010704,4333,3955,378
5143010705,3502,2865,637
5143010706,2128,1840,288
5143011002,4933,3712,1221
5143011003,4942,3832,1110
5143011004,3661,2921,740
5143011005,4463,3299,1164
5143011006,6522,4873,1649
5143011103,4074,3217,857
5143011104,3753,3250,503
5143011105,5116,4357,759
5143011106,3734,2660,1074
5143011107,4952,3730,1222
5143011200,2033,1428,605
5143011301,6520,6408,112
5143011302,3107,2947,160
5145070100,4275,3294,981
5145070200,4787,3644,1143
5145070300,5133,3911,1222
5145070401,5850,4396,1454
5145070402,4231,3139,1092
5145070501,3494,2583,911
5145070502,2580,1988,592
5145070600,3714,2838,876
5145070700,4083,3293,790
5145070801,2747,2532,215
5145070802,2493,1917,576
5145070901,4508,3380,1128
5145070902,4948,3812,1136
5145071001,3365,2572,793
5145071002,3856,3052,804
5145071101,3117,2391,726
5145071102,3025,2331,694
5145071201,5263,4032,1231
5145071202,5353,3830,1523
5147490100,3874,3059,815
5147490200,2395,1894,501
5149952301,2989,2197,792
5149952302,2950,2224,726
5149952401,2584,1950,634
5149952402,5561,4210,1351
5149952500,4060,3044,1016
5149952600,2119,1701,418
6001400100,3038,2633,405
6001400200,2001,1652,349
6001400300,5504,4654,850
6001400400,4112,3421,691
6001400500,3644,3087,557
6001400600,1788,1494,294
6001400700,4508,3866,642
6001400800,3917,3332,585
6001400900,2514,2121,393
6001401000,6097,5198,899
6001401100,4966,4319,647
6001401200,2989,2617,372
6001401300,5887,5359,528
6001401400,5355,4492,863
6001401500,2661,2302,359
6001401600,2971,2443,528
6001401700,6121,5513,608
6001401800,1981,1685,296
6001402200,3250,2767,483
6001402400,2459,2130,329
6001402500,2010,1434,576
6001402600,1226,1093,133
6001402700,1827,1522,305
6001402801,2941,2599,342
6001402802,1453,1368,85
6001402900,1917,1804,113
6001403000,3007,2789,218
6001403100,1690,1566,124
6001403301,1999,1723,276
6001403302,3220,3021,199
6001403401,3031,2839,192
6001403402,1524,1360,164
6001403501,5880,5355,525
6001403502,2148,1972,176
6001403600,4717,4247,470
6001403701,2786,2615,171
6001403702,2149,1951,198
6001403800,3710,3222,488
6001403900,3943,3545,398
6001404000,3049,2732,317
6001404101,3139,2810,329
6001404102,2516,2369,147
6001404200,3641,2846,795
6001404300,3416,2700,716
6001404400,5621,4532,1089
6001404501,1771,1402,369
6001404502,6194,4970,1224
6001404600,4551,3757,794
6001404700,1982,1607,375
6001404800,2757,2231,526
6001404900,4458,3640,818
6001405000,3313,2679,634
6001405100,4363,3343,1020
6001405200,4839,4266,573
6001405301,2991,2695,296
6001405302,2797,2525,272
6001405401,3875,3276,599
6001405402,3171,2535,636
6001405500,3844,3268,576
6001405600,3224,2709,515
6001405700,3423,2785,638
6001405800,4320,3317,1003
6001405901,4279,3239,1040
6001405902,3181,2516,665
6001406000,5223,4454,769
6001406100,5887,4835,1052
6001406201,5019,3767,1252
6001406202,4769,3460,1309
6001406300,3989,3061,928
6001406400,2211,1864,347
6001406500,6196,4730,1466
6001406601,4834,3821,1013
6001406602,2554,2009,545
6001406700,5567,4607,960
6001406800,3569,2908,661
6001406900,3839,3044,795
6001407000,6079,4770,1309
6001407101,3558,2728,830
6001407102,4382,3390,992
6001407200,6823,5056,1767
6001407300,3943,3041,902
6001407400,4412,3202,1210
6001407500,4383,3149,1234
6001407600,6390,4900,1490
6001407700,4465,3642,823
6001407800,2373,1927,446
6001407900,3081,2463,618
6001408000,2630,2231,399
6001408100,6712,5588,1124
6001408200,4471,3466,1005
6001408300,4791,3791,1000
6001408400,3927,2908,1019
6001408500,5752,4128,1624
6001408600,6167,4603,1564
6001408700,7774,5795,1979
6001408800,7257,5170,2087
6001408900,3857,2823,1034
6001409000,4879,3727,1152
6001409100,2472,1782,690
6001409200,3755,2726,1029
6001409300,5701,4110,1591
6001409400,5379,3786,1593
6001409500,4390,3075,1315
6001409600,5777,4132,1645
6001409700,5523,3935,1588
6001409800,3220,2548,672
6001409900,3546,2936,610
6001410000,3031,2461,570
6001410100,2925,2306,619
6001410200,3679,2758,921
6001410300,4036,2851,1185
6001410400,4142,3202,940
6001410500,2553,1889,664
6001420100,2436,1867,569
6001420200,3234,2463,771
6001420301,2593,2010,583
6001420302,2426,1848,578
6001420401,1597,1365,232
6001420402,2155,1867,288
6001420500,2431,1846,585
6001420600,3399,2623,776
6001421100,2031,1722,309
6001421200,3657,3022,635
6001421300,3945,3225,720
6001421400,1679,1379,300
6001421500,3745,3115,630
6001421600,3836,3241,595
6001421700,3386,2982,404
6001421800,2110,1739,371
6001421900,3901,3166,735
6001422000,4160,3572,588
6001422100,2843,2305,538
6001422200,3322,2773,549
6001422300,3811,3278,533
6001422400,4134,3841,293
6001422500,5065,4842,223
6001422700,4868,4711,157
6001422800,11245,11000,245
6001422901,2322,2148,174
6001422902,3033,2746,287
6001423000,4676,4073,603
6001423100,4335,3625,710
6001423200,2886,2341,545
6001423300,3738,2978,760
6001423400,5057,4189,868
6001423500,3474,3100,374
6001423601,2824,2476,348
6001423602,5615,5253,362
6001423700,4234,3866,368
6001423800,3216,2697,519
6001423901,2031,1739,292
6001423902,1464,1276,188
6001424001,4146,3498,648
6001424002,2488,1976,512
6001425101,1853,1746,107
6001425102,3752,3429,323
6001425103,2926,2567,359
6001425104,4374,3768,606
6001426100,6364,4664,1700
6001426200,4915,3628,1287
6001427100,4063,3131,932
6001427200,4363,3520,843
6001427300,5719,4697,1022
6001427600,4730,3761,969
6001427700,5016,4227,789
6001427800,4827,3939,888
6001427900,4744,3879,865
6001428000,2997,2463,534
6001428100,4880,3837,1043
6001428200,6644,5255,1389
6001428301,7044,5411,1633
6001428302,7120,5683,1437
6001428400,4645,3853,792
6001428500,3339,2713,626
6001428600,3398,2888,510
6001428700,4751,3414,1337
6001430101,6747,5290,1457
6001430102,2553,2065,488
6001430200,7477,5856,1621
6001430300,3940,3087,853
6001430400,2207,1698,509
6001430500,6289,5035,1254
6001430600,6385,4998,1387
6001430700,4209,3202,1007
6001430800,6165,4772,1393
6001430900,5137,3866,1271
6001431000,3091,2446,645
6001431100,3537,2815,722
6001431200,6091,5129,962
6001432100,4121,3308,813
6001432200,4231,3462,769
6001432300,4885,3891,994
6001432400,6279,4930,1349
6001432501,5161,4114,1047
6001432502,4641,3700,941
6001432601,4358,3559,799
6001432602,3214,2737,477
6001432700,2660,2128,532
6001432800,4121,3422,699
6001433000,4178,3469,709
6001433102,4124,3326,798
6001433103,3682,2885,797
6001433104,4125,3398,727
6001433200,7652,6077,1575
6001433300,7448,6039,1409
6001433400,6644,5567,1077
6001433500,4557,3681,876
6001433600,6307,5087,1220
6001433700,3515,2683,832
6001433801,3637,2836,801
6001433802,4365,3511,854
6001433900,6833,5008,1825
6001434000,5564,4172,1392
6001435102,5870,5097,773
6001435103,7726,6171,1555
6001435104,7230,5690,1540
6001435200,4504,3653,851
6001435300,5077,4020,1057
6001435400,4940,3969,971
6001435500,4104,3273,831
6001435601,5454,4037,1417
6001435602,5709,4445,1264
6001435700,4904,3782,1122
6001435800,5735,4515,1220
6001435900,5431,4357,1074
6001436000,5049,4026,1023
6001436100,5745,4595,1150
6001436200,4176,3115,1061
6001436301,5785,4472,1313
6001436302,3903,3047,856
6001436402,3007,2537,470
6001436403,4282,3433,849
6001436404,3609,2908,701
6001436500,5372,4250,1122
6001436601,6761,5038,1723
6001436602,5402,4132,1270
6001436700,3689,2858,831
6001436800,4341,3385,956
6001436900,7099,5251,1848
6001437000,3726,3069,657
6001437101,7532,6023,1509
6001437102,4557,3673,884
6001437200,8696,7162,1534
6001437300,3359,2585,774
6001437400,3508,2741,767
6001437500,4797,3369,1428
6001437600,3398,2700,698
6001437701,3991,2872,1119
6001437702,4404,2984,1420
6001437800,4785,3786,999
6001437900,2426,1891,535
6001438000,3409,2737,672
6001438100,7807,6076,1731
6001438201,4752,3727,1025
6001438203,4200,3493,707
6001438204,5940,4966,974
6001438300,3865,3060,805
6001438400,2460,2025,435
6001440100,2656,2204,452
6001440200,5786,4390,1396
6001440301,7129,5692,1437
6001440304,4726,3736,990
6001440305,3682,3012,670
6001440306,4020,3147,873
6001440307,4459,3796,663
6001440308,5946,4933,1013
6001440331,3323,2586,737
6001440332,3034,2471,563
6001440333,2787,2329,458
6001440334,4083,3304,779
6001440336,4583,3763,820
6001440337,2708,2163,545
6001440338,4305,3587,718
6001441100,4504,3671,833
6001441200,7277,5636,1641
6001441301,3248,2519,729
6001441302,5661,4349,1312
6001441401,7319,5539,1780
6001441402,5293,4103,1190
6001441501,5913,4802,1111
6001441503,7763,5342,2421
6001441521,5779,4446,1333
6001441522,4868,3725,1143
6001441523,4169,2909,1260
6001441524,4040,2883,1157
6001441525,1632,1223,409
6001441601,4641,3625,1016
6001441602,7220,5493,1727
6001441701,3846,2868,978
6001441702,5728,4592,1136
6001441800,7195,5389,1806
6001441921,3718,3020,698
6001441923,6333,4890,1443
6001441924,7619,5764,1855
6001441926,3836,2895,941
6001441927,4310,3322,988
6001441928,3392,2774,618
6001441929,3466,2823,643
6001442000,3236,2608,628
6001442100,5265,4022,1243
6001442200,7454,5635,1819
6001442301,5046,3791,1255
6001442302,6417,4880,1537
6001442400,6347,5055,1292
6001442501,3543,2822,721
6001442502,3976,3134,842
6001442601,3854,3025,829
6001442602,5314,4002,1312
6001442700,3141,2432,709
6001442800,2959,2359,600
6001442900,7661,5879,1782
6001443001,2888,2196,692
6001443002,6650,5024,1626
6001443102,4942,3772,1170
6001443103,3972,3293,679
6001443104,5901,4401,1500
6001443105,4687,3646,1041
6001443200,3553,2971,582
6001443301,4134,3035,1099
6001443321,3511,2385,1126
6001443322,3191,2321,870
6001444100,7703,6247,1456
6001444200,6451,5174,1277
6001444301,3617,2857,760
6001444304,7202,5657,1545
6001444400,5282,4195,1087
6001444500,6414,4976,1438
6001444601,6083,4846,1237
6001444602,4777,3791,986
6001450101,6825,5272,1553
6001450102,8660,7015,1645
6001450200,6456,5026,1430
6001450300,5548,4210,1338
6001450400,7675,5910,1765
6001450501,3278,2553,725
6001450502,5754,4372,1382
6001450601,3480,2824,656
6001450603,4905,3539,1366
6001450604,4898,3701,1197
6001450605,3937,2929,1008
6001450606,6026,4621,1405
6001450607,6054,4748,1306
6001450608,4141,3177,964
6001450609,4849,3761,1088
6001450701,8271,6403,1868
6001450741,5482,4184,1298
6001450742,5439,4212,1227
6001450743,8901,6427,2474
6001450744,5987,4680,1307
6001450745,6374,4787,1587
6001450746,3238,2459,779
6001450750,6790,4924,1866
6001450751,12411,8044,4367
6001450752,9846,6691,3155
6001451102,3955,3117,838
6001451103,1480,1200,280
6001451104,7028,5237,1791
6001451201,7271,5662,1609
6001451202,5781,4544,1237
6001451300,6435,5111,1324
6001451401,6053,4869,1184
6001451403,2175,1709,466
6001451404,6613,5010,1603
6001451501,4920,3926,994
6001451503,6520,5024,1496
6001451504,1657,1310,347
6001451505,3177,2542,635
6001451506,3123,2311,812
6001451601,5003,3971,1032
6001451602,6631,5398,1233
6001451701,3270,2434,836
6001451703,3952,2967,985
6001451704,4572,3509,1063
6001982000,206,156,50
6001982100,1044,1033,11
6001983200,834,775,59
6003010000,1204,1009,195
6005000101,4009,3495,514
6005000102,1892,1647,245
6005000201,3156,2659,497
6005000202,1768,1528,240
6005000301,5726,5378,348
6005000303,6321,4977,1344
6005000304,4297,3318,979
6005000401,5146,4254,892
6005000402,4928,4134,794
6005000500,3231,2652,579
6007000102,4202,3297,905
6007000103,6087,4487,1600
6007000104,6153,4812,1341
6007000201,4470,3563,907
6007000202,4029,3327,702
6007000300,4740,3766,974
6007000401,5099,3790,1309
6007000403,3429,2761,668
6007000404,4070,3203,867
6007000501,4939,4115,824
6007000502,4900,4146,754
6007000601,3386,2646,740
6007000603,3450,3099,351
6007000604,4571,3982,589
6007000700,5081,4273,808
6007000800,5626,4298,1328
6007000901,2799,2228,571
6007000903,7042,5519,1523
6007000904,6331,5224,1107
6007001000,4979,4312,667
6007001100,4568,4010,558
6007001200,3488,2963,525
6007001300,4079,3152,927
6007001400,6143,4783,1360
6007001500,5504,4296,1208
6007001601,1712,1414,298
6007001602,3740,3045,695
6007001702,3574,2970,604
6007001703,1741,1407,334
6007001704,3261,2635,626
6007001800,840,712,128
6007001900,675,581,94
6007002000,886,750,136
6007002100,926,806,120
6007002200,1799,1502,297
6007002300,1851,1539,312
6007002401,1418,1222,196
6007002402,3555,3038,517
6007002500,5008,3721,1287
6007002601,2474,2057,417
6007002602,3980,3354,626
6007002700,5833,4400,1433
6007002800,4718,3580,1138
6007002900,3315,2527,788
6007003001,3141,2290,851
6007003002,3508,2553,955
6007003100,4575,3568,1007
6007003200,4352,3365,987
6007003300,5071,4003,1068
6007003400,2921,2184,737
6007003501,3716,2715,1001
6007003502,5060,3735,1325
6007003600,3568,2642,926
6007003700,5249,3972,1277
6009000121,4354,3561,793
6009000122,3839,3223,616
6009000123,2690,2283,407
6009000124,2314,1864,450
6009000220,5849,4682,1167
6009000221,5691,4542,1149
6009000222,4397,3552,845
6009000301,4186,3402,784
6009000302,2172,1835,337
6009000400,3862,3327,535
6009000501,3214,2683,531
6009000504,758,691,67
6009000505,1208,1031,177
6009000506,758,661,97
6011000100,5389,3846,1543
6011000200,5151,3754,1397
6011000301,4141,2828,1313
6011000302,2204,1575,629
6011000400,2270,1762,508
6011000500,2684,1968,716
6013301000,5514,4264,1250
6013302005,7134,5357,1777
6013302006,4032,3009,1023
6013302007,7412,5369,2043
6013302009,7817,5949,1868
6013302011,5401,3753,1648
6013302012,5348,3875,1473
6013302013,3359,2643,716
6013302014,7906,5874,2032
6013303104,7206,5094,2112
6013303105,3356,2380,976
6013303106,7021,5152,1869
6013303107,6966,4886,2080
6013303202,9125,6600,2525
6013303204,4860,3617,1243
6013303206,4700,3313,1387
6013303207,6600,4992,1608
6013303208,3955,3161,794
6013303209,5403,3727,1676
6013303210,3815,3442,373
6013303211,4958,3609,1349
6013304001,5748,4634,1114
6013304002,1293,997,296
6013304003,3550,3013,537
6013304004,3621,3109,512
6013304006,3987,2836,1151
6013304007,4706,3340,1366
6013305000,7064,5211,1853
6013306002,3678,2815,863
6013306003,5615,4104,1511
6013306004,3667,2713,954
6013307101,4554,3641,913
6013307102,5824,4129,1695
6013307201,3794,2650,1144
6013307202,4355,3033,1322
6013307204,4526,3479,1047
6013307205,7484,5642,1842
6013308001,7770,5992,1778
6013308002,5289,4223,1066
6013309000,3699,2923,776
6013310000,6106,4416,1690
6013311000,5668,4097,1571
6013312000,2974,2235,739
6013313102,4581,3565,1016
6013313104,2685,2102,583
6013313105,6559,4803,1756
6013313106,5879,4627,1252
6013313107,3071,2397,674
6013313203,3354,2687,667
6013313204,5704,4317,1387
6013313205,1822,1382,440
6013313206,6342,4613,1729
6013314102,6812,5062,1750
6013314103,5513,3968,1545
6013314105,4540,3236,1304
6013314106,3744,2679,1065
6013314200,7168,5194,1974
6013315000,3434,2786,648
6013316000,1605,1446,159
6013317000,2078,1758,320
6013318000,3442,2822,620
6013319001,4093,3206,887
6013319002,4179,3316,863
6013320001,3626,2768,858
6013320003,2801,2163,638
6013320004,7038,5534,1504
6013321101,6498,5250,1248
6013321102,6826,5627,1199
6013321103,4779,3810,969
6013321200,5589,4613,976
6013322000,6528,5237,1291
6013323000,4622,3545,1077
6013324002,5519,4537,982
6013324003,3123,2709,414
6013324004,2811,2403,408
6013325000,5733,4531,1202
6013326000,3508,2762,746
6013327001,3448,2767,681
6013327002,4276,3426,850
6013328000,2411,2211,200
6013329000,6579,5376,1203
6013330000,5587,4457,1130
6013331000,7337,5853,1484
6013332000,7719,6171,1548
6013333101,4212,3349,863
6013333102,4090,3334,756
6013333200,5961,4840,1121
6013334001,3991,3242,749
6013334006,4880,3836,1044
6013334007,3867,3277,590
6013334008,4114,3182,932
6013334200,7194,5681,1513
6013335000,3463,2817,646
6013336101,4808,3491,1317
6013336103,4131,2999,1132
6013336104,3321,2476,845
6013336201,4062,3149,913
6013336202,5720,4008,1712
6013337100,3238,2678,560
6013337201,2602,2116,486
6013337202,4999,4087,912
6013337300,6147,4879,1268
6013338101,5161,3963,1198
6013338102,3498,2886,612
6013338201,3814,3093,721
6013338203,5379,4542,837
6013338204,6234,5081,1153
6013338301,3063,2357,706
6013338302,5981,4660,1321
6013339001,3663,3128,535
6013339003,4065,3617,448
6013339004,3598,3037,561
6013340001,6419,5009,1410
6013340003,3644,2964,680
6013340004,4067,3161,906
6013341000,5374,4278,1096
6013343001,5059,4063,996
6013343002,4640,3760,880
6013343003,4045,3218,827
6013345101,6264,4666,1598
6013345102,4226,3101,1125
6013345103,5270,4111,1159
6013345105,6484,4813,1671
6013345111,5990,4406,1584
6013345112,8830,6289,2541
6013345113,4627,3432,1195
6013345114,6591,5146,1445
6013345115,6309,4786,1523
6013345116,2982,2182,800
6013345117,4182,3297,885
6013345118,4141,3193,948
6013345203,6966,5472,1494
6013345204,3669,2835,834
6013345205,5775,4446,1329
6013345206,3496,2622,874
6013346101,3555,2749,806
6013346102,5748,4475,1273
6013346203,3966,3018,948
6013346204,7334,5534,1800
6013346205,4077,3183,894
6013346206,3596,2720,876
6013347000,6230,4904,1326
6013348000,4835,3560,1275
6013349000,5151,3914,1237
6013350000,6224,4819,1405
6013351101,2898,2884,14
6013351103,2113,2055,58
6013351104,1964,1945,19
6013351105,1723,1700,23
6013351200,5953,4420,1533
6013352101,3344,2749,595
6013352102,5724,4437,1287
6013352201,6266,4770,1496
6013352202,2559,1991,568
6013353001,4256,3133,1123
6013353002,4310,3192,1118
6013354001,1958,1501,457
6013354002,7200,5521,1679
6013355107,5793,4464,1329
6013355109,7167,5650,1517
6013355110,4434,3302,1132
6013355111,6685,5118,1567
6013355112,5636,4615,1021
6013355113,5000,3885,1115
6013355115,10242,7013,3229
6013355118,4302,3386,916
6013355119,4788,3656,1132
6013355120,4248,3242,1006
6013355121,7053,4941,2112
6013355122,5006,3584,1422
6013355123,2957,1950,1007
6013355124,4604,3042,1562
6013355125,4261,2856,1405
6013355126,5496,3727,1769
6013355201,9199,7198,2001
6013355202,3689,2766,923
6013355302,3464,2714,750
6013355306,5000,3927,1073
6013355307,4445,3540,905
6013355308,3550,2861,689
6013355309,4735,3728,1007
6013355310,3197,2528,669
6013356001,3908,3164,744
6013356002,5481,4557,924
6013357000,3202,2750,452
6013358000,6237,4742,1495
6013359102,5496,4434,1062
6013359103,5269,4301,968
6013359104,2116,1758,358
6013359105,5276,4249,1027
6013359202,6130,5106,1024
6013359203,7013,5668,1345
6013359204,4711,3947,764
6013360101,4855,4018,837
6013360102,4381,3664,717
6013360200,5094,4139,955
6013361000,4763,3900,863
6013362000,2961,2450,511
6013363000,7612,6164,1448
6013364002,5868,4654,1214
6013365002,6085,4398,1687
6013365003,5215,4297,918
6013366001,4594,3539,1055
6013366002,6525,4818,1707
6013367100,5941,4664,1277
6013367200,5754,4420,1334
6013368001,5467,3914,1553
6013368002,4148,3016,1132
6013369001,6771,5361,1410
6013369002,2839,2303,536
6013370000,2953,2448,505
6013371000,5995,4794,1201
6013372000,8009,6186,1823
6013373000,4711,3476,1235
6013374000,4994,3957,1037
6013375000,4869,3420,1449
6013376000,6941,5026,1915
6013377000,7725,5550,2175
6013378000,3892,3415,477
6013379000,7255,5147,2108
6013380001,3773,3442,331
6013380002,3649,2729,920
6013381000,7261,5442,1819
6013382000,8334,6250,2084
6013383000,4969,4145,824
6013384000,4180,3420,760
6013385100,2886,2430,456
6013385200,1453,1190,263
6013386000,3500,2923,577
6013387000,2993,2400,593
6013388000,2819,2299,520
6013389100,2434,1986,448
6013389200,1907,1593,314
6013390100,2376,1930,446
6013390200,1860,1523,337
6013391000,2737,2265,472
6013392000,2609,2133,476
6013392201,5945,4593,1352
6013392202,4889,3891,998
6013392300,3742,2854,888
6013980000,491,484,7
6015000101,3687,2781,906
6015000102,3765,2883,882
6015000104,2081,1484,597
6015000106,3687,2836,851
6015000107,3461,2613,848
6015000201,6138,5433,705
6015000202,3719,3083,636
6015000203,1205,939,266
6017030201,2253,1830,423
6017030202,2141,1568,573
6017030301,2703,2229,474
6017030302,2903,2393,510
6017030402,3847,3187,660
6017030403,1391,1157,234
6017030404,2117,1746,371
6017030502,2768,2244,524
6017030504,2579,2123,456
6017030506,1009,828,181
6017030507,1717,1367,350
6017030601,5087,4193,894
6017030603,3401,2802,599
6017030604,814,662,152
6017030605,1696,1407,289
6017030606,4141,3475,666
6017030701,6177,4684,1493
6017030706,6563,5002,1561
6017030709,5065,3839,1226
6017030710,5947,4559,1388
6017030711,6518,5127,1391
6017030712,5114,3851,1263
6017030801,4347,3421,926
6017030804,6695,5388,1307
6017030807,4044,3014,1030
6017030808,6726,5204,1522
6017030809,2557,1988,569
6017030810,3644,2813,831
6017030811,1689,1387,302
6017030812,5814,4615,1199
6017030901,3158,2587,571
6017030902,4829,3947,882
6017031000,6314,4993,1321
6017031100,5634,4543,1091
6017031200,5157,4309,848
6017031301,3403,2811,592
6017031302,4815,3893,922
6017031404,2508,2016,492
6017031405,2484,2030,454
6017031406,5526,4521,1005
6017031407,1259,1064,195
6017031408,2137,1799,338
6017031409,2395,1988,407
6017031503,2818,2371,447
6017031504,5556,4569,987
6017031505,3366,2760,606
6017031506,2703,2165,538
6017031601,2077,1705,372
6017031602,1928,1595,333
6017031700,3660,2524,1136
6017031800,6896,4852,2044
6017031900,155,135,20
6017032001,672,565,107
6017032002,268,238,30
6019000100,3840,3744,96
6019000200,3251,2101,1150
6019000300,3755,2619,1136
6019000400,5384,3729,1655
6019000501,2580,1701,879
6019000502,3357,2293,1064
6019000601,4673,3324,1349
6019000602,1612,1159,453
6019000701,2645,1833,812
6019000702,1439,1083,356
6019000901,2852,1742,1110
6019000902,5263,3302,1961
6019001000,4731,3216,1515
6019001100,3185,2166,1019
6019001201,5944,4033,1911
6019001202,4753,3059,1694
6019001301,5471,3776,1695
6019001303,2537,1698,839
6019001304,5496,3597,1899
6019001407,4908,3138,1770
6019001408,2266,1978,288
6019001409,2357,1761,596
6019001411,6946,4734,2212
6019001412,3215,2286,929
6019001413,8006,5519,2487
6019001415,5368,3702,1666
6019001416,7149,4849,2300
6019001417,6790,4686,2104
6019001418,2220,1660,560
6019001500,2129,1558,571
6019001600,5340,3924,1416
6019001700,6092,4358,1734
6019001800,4363,3284,1079
6019002000,6452,4385,2067
6019002100,5566,4259,1307
6019002200,3702,2939,763
6019002300,3577,2746,831
6019002400,4862,3277,1585
6019002501,5169,3328,1841
6019002502,4657,3014,1643
6019002601,5736,3804,1932
6019002602,3359,2431,928
6019002701,4541,3156,1385
6019002702,5594,3643,1951
6019002800,5444,3821,1623
6019002903,4081,2795,1286
6019002904,3042,2145,897
6019002905,3109,2138,971
6019002906,5491,3742,1749
6019003001,3142,2199,943
6019003003,4216,2995,1221
6019003004,2509,1793,716
6019003102,7528,5392,2136
6019003103,6064,4381,1683
6019003104,4184,3208,976
6019003201,4764,3377,1387
6019003202,5594,3717,1877
6019003301,3673,2691,982
6019003302,4918,3411,1507
6019003401,3533,2288,1245
6019003402,2332,1716,616
6019003500,5734,4327,1407
6019003600,4062,3208,854
6019003701,3583,2465,1118
6019003702,5085,3551,1534
6019003804,6173,4451,1722
6019003805,7318,4969,2349
6019003807,3670,2612,1058
6019003808,5241,3752,1489
6019003809,5300,3652,1648
6019003810,5632,4010,1622
6019003811,8690,6076,2614
6019003812,2411,1821,590
6019003900,5024,3615,1409
6019004003,4761,3249,1512
6019004004,4399,2954,1445
6019004005,4643,3202,1441
6019004006,2989,2131,858
6019004100,3225,2233,992
6019004205,6433,4566,1867
6019004208,6933,5494,1439
6019004210,3770,2738,1032
6019004211,6899,5024,1875
6019004212,12943,9812,3131
6019004213,3335,2597,738
6019004214,4879,3972,907
6019004215,4726,3458,1268
6019004216,4338,3275,1063
6019004217,3983,2542,1441
6019004218,7709,5570,2139
6019004301,4181,3525,656
6019004302,4918,4057,861
6019004303,4312,3587,725
6019004404,3554,2535,1019
6019004405,3935,3140,795
6019004406,5405,4242,1163
6019004409,3467,2708,759
6019004410,2342,1911,431
6019004411,1488,1279,209
6019004503,4987,4030,957
6019004504,5215,4112,1103
6019004505,5164,3911,1253
6019004506,3387,2781,606
6019004601,2931,2287,644
6019004602,2552,2007,545
6019004703,4155,2891,1264
6019004704,5355,3495,1860
6019004705,2210,1679,531
6019004706,4676,3169,1507
6019004801,4595,3113,1482
6019004802,5047,3306,1741
6019004901,4347,3079,1268
6019004902,1905,1437,468
6019005000,4200,3207,993
6019005100,6032,4241,1791
6019005202,3536,2499,1037
6019005203,4628,3326,1302
6019005204,4242,2985,1257
6019005301,6011,4346,1665
6019005302,5463,4076,1387
6019005304,5344,4174,1170
6019005305,3766,2680,1086
6019005403,4268,3179,1089
6019005405,4407,3495,912
6019005406,3976,3137,839
6019005407,3122,2583,539
6019005408,1908,1787,121
6019005409,3738,3051,687
6019005410,3417,2563,854
6019005503,6643,5161,1482
6019005504,3496,2526,970
6019005505,6685,4990,1695
6019005507,6097,4854,1243
6019005508,5974,4584,1390
6019005509,5622,4287,1335
6019005512,5444,4029,1415
6019005513,3008,2248,760
6019005514,3855,2982,873
6019005515,1637,1340,297
6019005516,5722,4605,1117
6019005518,7318,4984,2334
6019005520,3419,2418,1001
6019005522,4792,3386,1406
6019005524,4727,3495,1232
6019005525,1392,1034,358
6019005526,1595,1328,267
6019005527,3381,2800,581
6019005528,1583,1243,340
6019005529,6014,4459,1555
6019005602,5649,4449,1200
6019005605,1465,1147,318
6019005606,4175,3161,1014
6019005607,4438,3499,939
6019005608,3193,2544,649
6019005701,3758,2832,926
6019005702,5412,4154,1258
6019005703,5066,4056,1010
6019005704,5392,3911,1481
6019005801,5395,4253,1142
6019005802,4805,3716,1089
6019005804,6620,4796,1824
6019005805,8910,6075,2835
6019005904,6935,4900,2035
6019005906,2135,1680,455
6019005907,3637,2601,1036
6019005911,7259,5099,2160
6019005912,10640,7681,2959
6019005913,3149,2238,911
6019005914,4726,3301,1425
6019005915,4613,3462,1151
6019005916,3030,2247,783
6019006001,6090,4210,1880
6019006002,4406,3340,1066
6019006101,3293,2188,1105
6019006102,4729,3416,1313
6019006201,2680,1753,927
6019006202,7057,4873,2184
6019006301,5081,3645,1436
6019006302,2227,1774,453
6019006405,5185,4024,1161
6019006406,2119,1685,434
6019006407,2703,2073,630
6019006408,1160,914,246
6019006409,1570,1273,297
6019006410,2441,2025,416
6019006411,3969,3204,765
6019006501,6295,4050,2245
6019006502,4489,2997,1492
6019006602,5912,4125,1787
6019006603,2179,1583,596
6019006605,1723,1234,489
6019006606,5579,3824,1755
6019006700,7141,5218,1923
6019006802,3666,2638,1028
6019006900,2789,2079,710
6019007002,4831,3355,1476
6019007003,8006,5702,2304
6019007004,6042,4436,1606
6019007101,6262,4338,1924
6019007102,1670,1232,438
6019007202,5292,3879,1413
6019007203,1871,1417,454
6019007204,6433,4762,1671
6019007300,4422,3258,1164
6019007400,3213,2278,935
6019007500,5393,3758,1635
6019007600,4594,3136,1458
6019007700,5691,3941,1750
6019007801,2474,1738,736
6019007802,4902,3028,1874
6019007903,7077,6326,751
6019008000,4918,3544,1374
6019008100,6518,4515,2003
6019008200,6506,4273,2233
6019008301,5828,3728,2100
6019008303,4052,2509,1543
6019008304,4387,3287,1100
6019008402,1047,714,333
6019008403,1805,1211,594
6019008404,3638,2450,1188
6019008405,3121,2222,899
6019008501,3880,2672,1208
6019008503,4999,3331,1668
6019008504,3670,2259,1411
6019008600,3993,2907,1086
6021010101,4841,3453,1388
6021010102,4384,3272,1112
6021010200,4967,3739,1228
6021010300,2202,1707,495
6021010401,1564,1143,421
6021010402,6313,4669,1644
6021010501,3189,2387,802
6021010502,1457,1094,363
6023000100,4752,3900,852
6023000200,6020,4704,1316
6023000300,5520,4302,1218
6023000400,4100,3243,857
6023000500,3626,3069,557
6023000600,4977,4010,967
6023000700,5496,4415,1081
6023000800,4868,3843,1025
6023000900,5149,4263,886
6023001001,2865,2635,230
6023001002,3285,3047,238
6023001102,5124,4333,791
6023001103,1889,1514,375
6023001200,5141,4286,855
6023001300,1433,1206,227
6023010102,2914,2267,647
6023010200,2921,2460,461
6023010300,3496,2897,599
6023010400,3814,2998,816
6023010502,5577,4435,1142
6023010503,3858,2920,938
6023010504,3438,2779,659
6023010600,1849,1543,306
6023010701,4341,3490,851
6023010702,2570,2076,494
6023010800,4910,3833,1077
6023010901,4725,3556,1169
6023010902,4074,3215,859
6023011000,4625,3560,1065
6023011100,4724,3626,1098
6023011200,3275,2625,650
6023011501,2474,2009,465
6023011502,1638,1411,227
6023011600,3822,3180,642
6023940000,3173,2159,1014
6025010101,3499,3464,35
6025010102,4738,3221,1517
6025010200,2293,1587,706
6025010300,802,629,173
6025010401,2748,1782,966
6025010402,4367,3040,1327
6025010500,6714,4694,2020
6025010600,7985,5791,2194
6025010700,4713,3352,1361
6025010800,1297,985,312
6025010900,6403,4734,1669
6025011001,6362,4427,1935
6025011002,9436,6588,2848
6025011100,3293,2425,868
6025011201,8254,5993,2261
6025011202,5508,3990,1518
6025011301,3549,2649,900
6025011302,1672,1303,369
6025011303,4551,3166,1385
6025011400,4476,3179,1297
6025011500,6059,4504,1555
6025011600,6615,4802,1813
6025011700,5046,3776,1270
6025011801,3982,2992,990
6025011802,5245,3936,1309
6025011803,6175,4340,1835
6025011901,2289,1710,579
6025011902,3927,2950,977
6025011903,5400,3990,1410
6025012001,3801,2774,1027
6025012003,3882,2921,961
6025012004,5935,4344,1591
6025012101,3563,2725,838
6025012102,3455,2574,881
6025012201,4139,3148,991
6025012202,3294,2495,799
6025012301,4493,4258,235
6025012302,6288,4358,1930
6025012400,756,704,52
6025940000,2698,1900,798
6027000100,2943,2337,606
6027000200,1698,1411,287
6027000300,2642,2137,505
6027000400,5792,4450,1342
6027000500,2606,2054,552
6027000800,3335,2791,544
6029000102,3422,2466,956
6029000103,3816,2764,1052
6029000104,1654,1233,421
6029000105,5340,3828,1512
6029000106,2665,1880,785
6029000201,4449,3183,1266
6029000202,3797,2671,1126
6029000300,4630,3355,1275
6029000400,4757,3323,1434
6029000504,4615,3504,1111
6029000505,3738,2944,794
6029000506,2323,1742,581
6029000507,3757,2931,826
6029000508,1920,1439,481
6029000509,2659,1962,697
6029000510,4223,2886,1337
6029000601,2453,1829,624
6029000602,2939,1883,1056
6029000603,2316,1525,791
6029000701,2927,2085,842
6029000702,2504,1866,638
6029000800,5600,3919,1681
6029000902,3891,2780,1111
6029000903,4347,3180,1167
6029000904,4239,3113,1126
6029000905,2631,1885,746
6029000906,4504,3083,1421
6029000907,2600,1727,873
6029000908,5429,3882,1547
6029000909,2618,2012,606
6029000911,2756,1922,834
6029000912,3349,2428,921
6029000913,3743,2669,1074
6029000914,4129,3016,1113
6029001001,3743,2679,1064
6029001002,3441,2318,1123
6029001003,3692,2424,1268
6029001101,5368,3462,1906
6029001104,2876,1861,1015
6029001105,3652,2406,1246
6029001106,2279,1369,910
6029001107,2647,1762,885
6029001201,2892,1929,963
6029001202,6099,3880,2219
6029001301,5276,3339,1937
6029001302,2451,1491,960
6029001401,4750,3242,1508
6029001402,3088,2041,1047
6029001500,2944,2039,905
6029001600,2510,2063,447
6029001700,4299,3433,866
6029001801,5514,4120,1394
6029001803,2754,2054,700
6029001804,3144,2448,696
6029001901,3883,2852,1031
6029001902,4802,3534,1268
6029002001,3344,2172,1172
6029002002,4392,2965,1427
6029002100,3504,2376,1128
6029002201,2753,1735,1018
6029002202,3761,2420,1341
6029002302,3173,2077,1096
6029002303,3660,2541,1119
6029002304,3244,2136,1108
6029002305,2660,1871,789
6029002401,2291,1590,701
6029002402,3797,2424,1373
6029002403,3116,1870,1246
6029002501,4576,3019,1557
6029002502,2256,1408,848
6029002503,2636,1790,846
6029002600,3439,2395,1044
6029002701,2906,2049,857
6029002702,3020,2112,908
6029002804,2763,2560,203
6029002806,2285,2035,250
6029002807,4026,3138,888
6029002811,3905,3146,759
6029002813,4611,3370,1241
6029002814,4532,3303,1229
6029002815,4392,3139,1253
6029002816,5700,4063,1637
6029002817,5145,3682,1463
6029002818,4022,3162,860
6029002819,4873,3660,1213
6029002820,6690,4830,1860
6029002821,4751,3510,1241
6029002822,3407,2731,676
6029002823,4256,3227,1029
6029002824,2883,2031,852
6029002825,2565,1800,765
6029002901,3074,2090,984
6029002902,4427,3108,1319
6029003001,4141,2772,1369
6029003002,3294,2191,1103
6029003103,4822,3238,1584
6029003112,5365,3932,1433
6029003113,4904,3490,1414
6029003124,5802,4133,1669
6029003125,3194,2150,1044
6029003126,5437,3596,1841
6029003127,4813,3134,1679
6029003128,4746,3150,1596
6029003129,3787,2553,1234
6029003130,4246,3087,1159
6029003131,3715,2684,1031
6029003132,4586,3296,1290
6029003133,3176,2344,832
6029003134,3698,2543,1155
6029003135,4082,2820,1262
6029003136,2041,1424,617
6029003137,3453,2358,1095
6029003203,2294,1757,537
6029003207,4934,3330,1604
6029003208,7852,5096,2756
6029003209,3686,2590,1096
6029003210,5917,4286,1631
6029003211,4533,3104,1429
6029003212,6669,4883,1786
6029003213,2065,1382,683
6029003214,2516,1715,801
6029003215,3726,2749,977
6029003216,3167,2192,975
6029003217,3152,2304,848
6029003218,6298,4331,1967
6029003219,6685,4425,2260
6029003220,4804,3250,1554
6029003221,4636,3308,1328
6029003222,1693,1287,406
6029003303,1257,955,302
6029003304,3732,3186,546
6029003305,3367,2667,700
6029003307,2605,2229,376
6029003308,2099,1713,386
6029003400,4380,2946,1434
6029003500,6686,4853,1833
6029003600,4553,3139,1414
6029003806,5285,3969,1316
6029003807,3589,2708,881
6029003808,4504,3258,1246
6029003810,2531,2001,530
6029003811,2729,2108,621
6029003812,4948,3740,1208
6029003814,6293,4250,2043
6029003815,6087,4239,1848
6029003816,3522,2523,999
6029003817,4158,3118,1040
6029003818,5162,3563,1599
6029003819,3851,3013,838
6029003820,3740,2902,838
6029003821,4606,3413,1193
6029003822,3206,2325,881
6029003823,4184,3029,1155
6029003824,2279,1702,577
6029003825,2982,1956,1026
6029003826,3325,2293,1032
6029003827,2445,1581,864
6029003900,3702,2964,738
6029004001,4014,2946,1068
6029004002,4321,2795,1526
6029004101,5727,3906,1821
6029004102,5234,3354,1880
6029004302,4356,4351,5
6029004303,5691,3690,2001
6029004304,3218,2052,1166
6029004305,1665,1058,607
6029004402,4027,2740,1287
6029004403,3395,2300,1095
6029004404,4823,3326,1497
6029004500,3625,2295,1330
6029004601,4971,4969,2
6029004603,2483,2483,0
6029004605,3326,2276,1050
6029004606,2605,1737,868
6029004607,5765,3902,1863
6029004702,3763,2568,1195
6029004703,4664,3062,1602
6029004704,5912,3809,2103
6029004801,4007,2768,1239
6029004802,6193,4048,2145
6029004901,5413,3657,1756
6029004903,4823,3470,1353
6029004904,3009,2228,781
6029005003,3512,2407,1105
6029005005,4204,3118,1086
6029005006,3434,2552,882
6029005103,2726,2195,531
6029005104,4167,3397,770
6029005203,4041,3364,677
6029005205,3577,2787,790
6029005206,2582,2228,354
6029005207,2327,1974,353
6029005208,3212,2741,471
6029005300,2104,1331,773
6029005402,5000,3769,1231
6029005405,2458,1895,563
6029005406,3514,2709,805
6029005407,4152,3028,1124
6029005408,4669,3525,1144
6029005409,4725,3499,1226
6029005410,1816,1439,377
6029005508,4731,3345,1386
6029005509,4150,3293,857
6029005510,2216,1785,431
6029005511,5071,3668,1403
6029005512,3009,2228,781
6029005513,2549,1875,674
6029005514,3428,2656,772
6029005600,2086,1542,544
6029005700,2332,1433,899
6029005803,3344,2390,954
6029005804,5271,3604,1667
6029005805,2645,1984,661
6029005806,4722,3363,1359
6029005900,4163,2877,1286
6029006002,3660,3650,10
6029006003,5804,4237,1567
6029006004,1587,1305,282
6029006006,3774,2957,817
6029006009,2781,2255,526
6029006010,3689,2982,707
6029006011,3508,2723,785
6029006012,2557,2030,527
6029006101,3804,2896,908
6029006102,5185,3667,1518
6029006201,2587,1796,791
6029006202,7006,4353,2653
6029006301,3732,2618,1114
6029006303,6062,3754,2308
6029006304,4022,2625,1397
6029006403,5468,3519,1949
6029006404,3036,2028,1008
6029006405,2997,1938,1059
6029006406,4413,3011,1402
6029006500,4350,3886,464
6029006600,4831,3295,1536
6031000100,2916,2172,744
6031000200,2150,1622,528
6031000402,6299,4588,1711
6031000403,5297,3839,1458
6031000405,7274,5195,2079
6031000406,3329,2326,1003
6031000407,6893,5017,1876
6031000500,5572,3925,1647
6031000602,5847,4536,1311
6031000603,2960,2106,854
6031000604,7930,5511,2419
6031000701,5522,4208,1314
6031000702,4585,3383,1202
6031000800,4819,3506,1313
6031000901,4404,3180,1224
6031000902,3198,2352,846
6031001001,5753,4465,1288
6031001002,4453,3082,1371
6031001003,7096,4881,2215
6031001100,6179,4155,2024
6031001200,2397,1744,653
6031001300,4379,2771,1608
6031001401,2846,1941,905
6031001402,2160,1506,654
6031001500,4743,3337,1406
6031001601,4283,2917,1366
6031001702,4898,3335,1563
6031001703,4549,2860,1689
6031980000,6656,4378,2278
6031980100,8811,8810,1
6031981800,4288,4287,1
6033000100,3284,2592,692
6033000300,4045,3389,656
6033000401,3115,2451,664
6033000402,2775,2269,506
6033000501,3416,2762,654
6033000502,2901,2380,521
6033000601,2342,2039,303
6033000602,2078,1777,301
6033000702,4757,3486,1271
6033000703,2416,1922,494
6033000704,2158,1650,508
6033000801,2956,2215,741
6033000802,4671,3438,1233
6033000901,2598,2127,471
6033000902,4118,3400,718
6033001000,6102,4733,1369
6033001101,1763,1514,249
6033001102,1536,1243,293
6033001200,3414,2744,670
6033001301,3605,2789,816
6033001302,4113,3160,953
6035040100,1627,1359,268
6035040200,2459,2034,425
6035040302,4343,3318,1025
6035040303,3204,2473,731
6035040304,1804,1356,448
6035040305,4169,3027,1142
6035040400,8786,8466,320
6035040500,3045,2370,675
6035040600,3293,2823,470
6037101110,4926,4083,843
6037101122,3728,3063,665
6037101220,3344,2799,545
6037101221,3444,2754,690
6037101222,2808,2209,599
6037101300,4269,3595,674
6037101400,3898,3326,572
6037102103,2107,1731,376
6037102104,3906,3211,695
6037102105,1855,1494,361
6037102107,3984,3237,747
6037103101,2712,2265,447
6037103102,4752,4010,742
6037103201,4676,3910,766
6037103202,2026,1661,365
6037103300,3953,3341,612
6037103401,2516,2045,471
6037103402,4075,3377,698
6037104103,3811,3037,774
6037104105,5999,4429,1570
6037104108,5829,4356,1473
6037104124,4333,3443,890
6037104201,4377,3316,1061
6037104203,4874,3615,1259
6037104204,3304,2601,703
6037104310,4396,3282,1114
6037104321,3009,2274,735
6037104322,2233,1660,573
6037104401,3022,2293,729
6037104403,2947,2234,713
6037104404,3082,2273,809
6037104500,3151,2322,829
6037104610,3645,2770,875
6037104620,3200,2418,782
6037104701,4601,3030,1571
6037104703,2572,1800,772
6037104704,4760,3453,1307
6037104821,3498,2624,874
6037104822,2345,1735,610
6037104823,3024,2312,712
6037104824,2207,1690,517
6037106010,3390,2666,724
6037106020,5557,4328,1229
6037106111,4331,3453,878
6037106112,6201,4848,1353
6037106113,3939,3082,857
6037106114,6643,4954,1689
6037106403,3704,2874,830
6037106405,3968,2965,1003
6037106406,6173,4674,1499
6037106407,2909,2176,733
6037106408,3440,2411,1029
6037106510,5791,4402,1389
6037106520,5670,4366,1304
6037106603,2998,2446,552
6037106604,5378,3960,1418
6037106641,2330,1890,440
6037106642,3316,2652,664
6037106643,4084,3340,744
6037106645,3501,2822,679
6037106646,3367,2691,676
6037106648,4815,3519,1296
6037106649,2754,2183,571
6037107010,3205,2425,780
6037107020,5488,4163,1325
6037108101,2324,1854,470
6037108102,3795,3124,671
6037108103,3190,2606,584
6037108104,1692,1383,309
6037108202,8701,6617,2084
6037108203,3577,2923,654
6037108204,1857,1480,377
6037109100,2958,2550,408
6037109200,3153,2510,643
6037109300,3120,2490,630
6037109400,3752,2983,769
6037109500,4524,3419,1105
6037109601,4958,3905,1053
6037109603,4203,3383,820
6037109604,2938,2322,616
6037109700,4389,3523,866
6037109800,4679,3757,922
6037111100,3047,2445,602
6037111201,3609,2975,634
6037111202,5489,4444,1045
6037111204,5865,4760,1105
6037111205,3864,3120,744
6037111206,4716,3757,959
6037111302,4633,3783,850
6037111303,4429,3585,844
6037111304,3359,2713,646
6037111401,2406,1947,459
6037111402,5333,4301,1032
6037113101,3461,2866,595
6037113102,2971,2498,473
6037113211,4275,3534,741
6037113212,3211,2631,580
6037113213,4589,3818,771
6037113231,2254,1837,417
6037113232,4297,3651,646
6037113234,4542,3602,940
6037113235,1815,1471,344
6037113237,3921,3313,608
6037113238,5182,3954,1228
6037113239,2259,1780,479
6037113301,3655,3059,596
6037113303,4160,3374,786
6037113322,4251,3511,740
6037113323,3927,3127,800
6037113324,2072,1620,452
6037113423,2639,2105,534
6037113424,3613,3017,596
6037113425,4020,3034,986
6037113426,2479,1983,496
6037113427,3024,2291,733
6037113428,3397,2817,580
6037115101,5112,4236,876
6037115103,2345,2277,68
6037115104,4409,3759,650
6037115202,5189,4367,822
6037115203,2793,2368,425
6037115204,4228,3583,645
6037115301,4236,3493,743
6037115302,4044,2998,1046
6037115401,5980,4617,1363
6037115403,3245,2520,725
6037115404,2956,2358,598
6037117101,5195,4101,1094
6037117102,2733,2206,527
6037117201,4514,3413,1101
6037117202,2711,2288,423
6037117301,3917,3199,718
6037117302,5414,4372,1042
6037117303,3647,2954,693
6037117404,4548,3750,798
6037117405,3364,2267,1097
6037117407,3482,2319,1163
6037117408,2843,2073,770
6037117510,4181,2906,1275
6037117520,3961,2735,1226
6037117530,5888,4343,1545
6037119001,4024,3257,767
6037119003,3893,2937,956
6037119004,2830,2242,588
6037119201,3866,3048,818
6037119202,4394,3426,968
6037119310,3983,3121,862
6037119320,4793,3571,1222
6037119340,3600,2484,1116
6037119341,2867,2272,595
6037119342,3076,2250,826
6037119400,4881,3843,1038
6037119700,4893,3948,945
6037119801,2933,2341,592
6037119802,3016,2400,616
6037119900,4774,3919,855
6037120010,2892,2215,677
6037120020,4037,3063,974
6037120030,2591,1836,755
6037120103,3123,2108,1015
6037120104,2327,1805,522
6037120105,2855,2241,614
6037120106,4377,3176,1201
6037120107,3760,2550,1210
6037120108,5263,3864,1399
6037120300,5550,4413,1137
6037120400,6614,5290,1324
6037121010,4693,3739,954
6037121020,3781,2979,802
6037121101,2936,2351,585
6037121102,2846,2328,518
6037121210,3182,2560,622
6037121221,2147,1737,410
6037121222,5376,3947,1429
6037121600,2996,2497,499
6037121801,3854,2932,922
6037121802,3192,2565,627
6037121900,3921,3199,722
6037122000,5289,4389,900
6037122120,4559,3559,1000
6037122121,2629,2111,518
6037122122,2750,2092,658
6037122200,4064,3073,991
6037122410,3824,2928,896
6037122420,4623,3569,1054
6037123010,4253,3218,1035
6037123020,3177,2487,690
6037123103,4285,3433,852
6037123104,4309,3557,752
6037123203,3508,2612,896
6037123204,3125,2341,784
6037123205,2503,1911,592
6037123206,2857,2206,651
6037123301,4424,3731,693
6037123303,3091,2431,660
6037123304,4518,3674,844
6037123410,3967,3156,811
6037123420,4481,3415,1066
6037123510,4938,3969,969
6037123520,2669,2155,514
6037123601,4985,4091,894
6037123602,3433,2836,597
6037123700,4142,3371,771
6037123800,5757,4722,1035
6037123901,4621,3764,857
6037123902,2596,2192,404
6037124000,4786,3842,944
6037124102,3627,3013,614
6037124103,1857,1478,379
6037124104,2519,2041,478
6037124105,2425,1958,467
6037124201,3391,2841,550
6037124203,2450,1962,488
6037124204,2753,2312,441
6037124300,3830,3162,668
6037124400,4308,3327,981
6037124500,2880,2422,458
6037124600,3223,2617,606
6037124700,5343,4581,762
6037124902,2893,2555,338
6037124903,3630,3171,459
6037125101,3979,3469,510
6037125102,2280,1823,457
6037125200,4014,3366,648
6037125310,4941,4251,690
6037125321,3049,2653,396
6037125322,2222,2081,141
6037125402,4076,3679,397
6037125403,2181,2041,140
6037125404,3133,2890,243
6037125501,3249,2895,354
6037125502,3572,3230,342
6037125600,2599,2251,348
6037127102,5450,4198,1252
6037127103,3203,2514,689
6037127104,4140,3212,928
6037127210,5453,4323,1130
6037127220,4993,3924,1069
6037127300,3735,3089,646
6037127400,5529,4194,1335
6037127520,4226,3174,1052
6037127603,2949,2251,698
6037127604,3194,2583,611
6037127605,3314,2477,837
6037127606,3253,2575,678
6037127711,3434,2680,754
6037127712,3894,2988,906
6037127803,5076,4006,1070
6037127804,4422,3621,801
6037127805,3514,2785,729
6037127806,3505,2783,722
6037127910,5209,3948,1261
6037127920,4212,3304,908
6037128101,3635,2921,714
6037128102,4874,3780,1094
6037128210,4809,3725,1084
6037128220,3087,2511,576
6037128302,4654,3546,1108
6037128303,3876,2822,1054
6037128400,4516,3669,847
6037128500,4294,3661,633
6037128601,4379,3471,908
6037128602,3422,2806,616
6037128703,3317,2914,403
6037128704,2594,2117,477
6037128801,3805,3294,511
6037128802,4673,3834,839
6037128910,4384,3562,822
6037131021,2972,2295,677
6037131022,3491,2718,773
6037131023,2628,2104,524
6037131024,3422,2670,752
6037131100,3264,2652,612
6037131200,3549,2888,661
6037131300,4854,3910,944
6037131400,6149,5011,1138
6037131600,5366,4359,1007
6037131701,4794,3821,973
6037131702,3602,2896,706
6037131801,3104,2418,686
6037131802,2552,2027,525
6037131900,4382,3563,819
6037132001,3335,2662,673
6037132002,3193,2519,674
6037132101,4330,3491,839
6037132102,5618,4517,1101
6037132301,3577,2914,663
6037132302,3005,2313,692
6037132501,4357,3504,853
6037132502,4252,3445,807
6037132700,5038,3858,1180
6037132900,3538,2868,670
6037133000,4424,3556,868
6037133101,2091,1671,420
6037133102,3376,2819,557
6037134001,3708,2812,896
6037134002,3483,2762,721
6037134101,4991,3992,999
6037134103,4294,3399,895
6037134104,4429,3507,922
6037134201,4271,3358,913
6037134302,3746,3068,678
6037134303,5166,4250,916
6037134304,3001,2431,570
6037134305,3769,2710,1059
6037134306,3553,2777,776
6037134421,3851,3113,738
6037134422,4959,3898,1061
6037134423,3338,2754,584
6037134424,2862,2305,557
6037134520,5601,4204,1397
6037134521,2972,2086,886
6037134522,4015,3055,960
6037134710,5183,3897,1286
6037134720,5011,3962,1049
6037134801,3177,2512,665
6037134802,3196,2589,607
6037134901,3266,2702,564
6037134904,4368,3446,922
6037134905,5219,4585,634
6037134906,3115,2456,659
6037134907,2953,2604,349
6037135102,3612,2923,689
6037135111,3118,2586,532
6037135113,3240,2635,605
6037135115,4698,3790,908
6037135116,1718,1552,166
6037135201,2592,1994,598
6037135202,4399,3403,996
6037135204,4791,3823,968
6037135205,2342,1872,470
6037137000,4754,3778,976
6037137103,4951,4236,715
6037137104,2725,2294,431
6037137202,3588,2970,618
6037137203,2416,1922,494
6037137301,2238,1773,465
6037137302,4341,3488,853
6037137401,4708,3702,1006
6037137402,5663,4467,1196
6037137501,4662,3912,750
6037137502,4441,3624,817
6037137504,1920,1569,351
6037138000,4575,3736,839
6037139001,5125,4051,1074
6037139200,5519,4541,978
6037139301,4692,3738,954
6037139302,4734,3930,804
6037139303,4481,3696,785
6037139401,2894,2375,519
6037139402,2782,2186,596
6037139502,3118,2491,627
6037139504,3742,3288,454
6037139505,2565,2232,333
6037139506,2767,2392,375
6037139600,5185,4283,902
6037139701,5438,4232,1206
6037139703,2693,2176,517
6037139704,2624,2041,583
6037139705,3643,2831,812
6037139801,3523,2836,687
6037139802,3858,3115,743
6037141101,4903,4238,665
6037141102,3023,2506,517
6037141201,4289,3746,543
6037141202,2922,2487,435
6037141303,3191,2854,337
6037141304,3015,2550,465
6037141305,2986,2554,432
6037141306,2974,2590,384
6037141400,4705,3815,890
6037141500,3089,2427,662
6037141600,4088,3288,800
6037141700,3096,2496,600
6037143101,2142,1846,296
6037143102,2294,2031,263
6037143200,4377,3808,569
6037143301,3236,2720,516
6037143302,3367,2753,614
6037143401,4632,3886,746
6037143402,1791,1523,268
6037143500,5197,4255,942
6037143602,4740,4010,730
6037143603,2482,2222,260
6037143605,1945,1768,177
6037143606,1581,1456,125
6037143700,3800,3348,452
6037143801,2926,2332,594
6037143802,2298,1969,329
6037143901,4319,3431,888
6037143902,2979,2494,485
6037181000,6132,5049,1083
6037181300,3613,3008,605
6037181400,4134,3444,690
6037181500,3653,3022,631
6037181600,4247,3793,454
6037183101,3659,3047,612
6037183103,3839,3204,635
6037183104,2095,1737,358
6037183220,3682,2952,730
6037183221,2901,2329,572
6037183222,3303,2811,492
6037183300,3083,2589,494
6037183401,2226,1887,339
6037183402,2997,2508,489
6037183510,2368,1950,418
6037183520,3450,2735,715
6037183610,2813,2273,540
6037183620,2912,2328,584
6037183701,3838,3161,677
6037183702,2669,2230,439
6037183810,4260,3444,816
6037183820,3626,2832,794
6037185101,2830,2340,490
6037185102,2990,2519,471
6037185202,3682,3080,602
6037185203,2651,2172,479
6037185204,1977,1653,324
6037185310,2724,2193,531
6037185320,2763,2251,512
6037186100,4678,3885,793
6037186201,3085,2662,423
6037186202,1985,1687,298
6037186203,2751,2286,465
6037186301,2679,2091,588
6037186302,5190,4314,876
6037186401,2991,2359,632
6037186403,2521,2044,477
6037186404,2266,1811,455
6037187101,3011,2588,423
6037187102,4083,3342,741
6037187200,2801,2372,429
6037187300,3456,2928,528
6037188100,4070,3475,595
6037188201,3378,2989,389
6037188202,2460,2109,351
6037188300,3271,2845,426
6037189101,2589,2347,242
6037189102,3316,2995,321
6037189201,3256,3017,239
6037189202,2775,2370,405
6037189300,3216,2645,571
6037189400,3575,3164,411
6037189501,2183,2030,153
6037189502,2251,2118,133
6037189600,3738,3448,290
6037189702,2389,2187,202
6037189703,2259,2089,170
6037189704,2786,2520,266
6037189801,2302,2160,142
6037189802,2005,1843,162
6037189903,2228,2134,94
6037189904,2502,2371,131
6037189905,2462,2305,157
6037189906,2746,2578,168
6037189907,2434,2297,137
6037190101,1832,1743,89
6037190102,2737,2584,153
6037190201,2872,2712,160
6037190202,3568,3415,153
6037190302,2283,2147,136
6037190303,2470,2324,146
6037190401,2857,2698,159
6037190402,2388,2197,191
6037190510,4362,3784,578
6037190520,3489,3045,444
6037190701,1867,1692,175
6037190702,1420,1293,127
6037190801,2500,2306,194
6037190802,2794,2536,258
6037190901,4016,3218,798
6037190902,3608,3126,482
6037191000,5893,5429,464
6037191110,3141,2844,297
6037191120,3801,3290,511
6037191201,4072,3741,331
6037191203,2531,2126,405
6037191204,1862,1587,275
6037191301,2076,1776,300
6037191302,2192,1940,252
6037191410,3924,3270,654
6037191420,2837,2367,470
6037191500,4980,4052,928
6037191610,4271,3520,751
6037191620,2628,2149,479
6037191710,2576,2211,365
6037191720,3534,2827,707
6037191810,3028,2607,421
6037191820,3279,2982,297
6037191901,3563,3292,271
6037191902,2961,2489,472
6037192001,2574,2244,330
6037192002,2550,2210,340
6037192300,2863,2500,363
6037192410,3573,3125,448
6037192420,3645,3127,518
6037192510,3508,2890,618
6037192520,4326,3430,896
6037192610,4149,3359,790
6037192620,3260,2661,599
6037192700,3550,3036,514
6037194101,3236,2917,319
6037194102,3462,2947,515
6037194200,3596,3083,513
6037194300,2972,2554,418
6037194401,2559,2328,231
6037194402,3146,2957,189
6037194500,2347,2019,328
6037195100,4974,4068,906
6037195201,3080,2699,381
6037195202,3194,2675,519
6037195300,3070,2755,315
6037195400,4244,3813,431
6037195500,4991,4443,548
6037195600,3056,2674,382
6037195710,3939,3296,643
6037195720,1896,1705,191
6037195802,2744,2327,417
6037195803,2457,2192,265
6037195804,2459,2145,314
6037195901,2248,2020,228
6037195902,1848,1668,180
6037195903,1988,1797,191
6037197200,3287,2773,514
6037197300,3650,3238,412
6037197410,3707,3235,472
6037197420,3376,2895,481
6037197500,3973,3437,536
6037197600,2431,2098,333
6037197700,4565,4036,529
6037199001,2552,1899,653
6037199002,2913,2422,491
6037199110,2377,1922,455
6037199120,3777,2971,806
6037199201,3584,2832,752
6037199202,2785,2208,577
6037199300,3545,2984,561
6037199400,4470,3547,923
6037199700,3393,2804,589
6037199801,3036,2344,692
6037199802,2144,1711,433
6037199900,2641,2051,590
6037201110,2332,1926,406
6037201120,4395,3461,934
6037201200,2362,1861,501
6037201301,3409,2754,655
6037201302,3882,3449,433
6037201401,4701,3638,1063
6037201402,4046,3318,728
6037201501,4974,3949,1025
6037201503,3059,2374,685
6037201504,2254,1755,499
6037201601,2183,1737,446
6037201602,2686,2141,545
6037201700,5055,4296,759
6037203100,4688,3312,1376
6037203200,4264,3218,1046
6037203300,2280,1746,534
6037203500,2751,2203,548
6037203601,2662,1970,692
6037203602,2124,1576,548
6037203710,3087,2281,806
6037203720,3580,2700,880
6037203800,4502,3353,1149
6037203900,2611,2011,600
6037204110,2811,2117,694
6037204120,2368,1807,561
6037204200,3393,2434,959
6037204300,4433,3384,1049
6037204410,2174,1613,561
6037204420,2870,2130,740
6037204600,3740,2898,842
6037204700,4632,3473,1159
6037204810,5166,3811,1355
6037204820,2055,1556,499
6037204910,3184,2382,802
6037204920,2537,1903,634
6037205110,3850,2599,1251
6037205120,3858,2783,1075
6037206010,3335,2695,640
6037206020,5577,5555,22
6037206050,2312,1867,445
6037206051,2591,2434,157
6037206052,3296,3065,231
6037206053,3261,2672,589
6037206054,2670,2011,659
6037206201,2647,2476,171
6037206202,3035,2911,124
6037206301,2074,2012,62
6037206302,1375,1307,68
6037206303,2858,2822,36
6037207101,3233,2854,379
6037207102,3374,2891,483
6037207103,2099,1877,222
6037207303,2311,2253,58
6037207304,2124,2041,83
6037207305,1181,1118,63
6037207306,2227,2136,91
6037207307,1160,1113,47
6037207308,1407,1333,74
6037207400,2002,1897,105
6037207501,2489,2278,211
6037207502,4113,3938,175
6037207711,2280,2121,159
6037207712,4737,4560,177
6037207901,3645,3454,191
6037207902,7405,7041,364
6037208001,2494,2138,356
6037208002,4113,3177,936
6037208301,1878,1353,525
6037208302,4560,3538,1022
6037208401,3832,2891,941
6037208402,2590,2087,503
6037208501,2283,1937,346
6037208502,3540,2857,683
6037208610,3878,3250,628
6037208620,4052,3425,627
6037208710,4147,3615,532
6037208720,3810,2950,860
6037208801,3566,2871,695
6037208802,2942,2485,457
6037208902,2570,1842,728
6037208903,3888,2840,1048
6037208904,3882,2862,1020
6037209103,3079,2214,865
6037209104,2380,1797,583
6037209105,2665,1875,790
6037209106,2632,2255,377
6037209201,2852,2687,165
6037209202,1234,928,306
6037209300,4712,3926,786
6037209401,4163,3300,863
6037209402,4056,3087,969
6037209403,3850,3016,834
6037209510,2813,2256,557
6037209520,2648,2063,585
6037209810,2385,1940,445
6037209820,2732,2012,720
6037210010,3190,2526,664
6037211000,5268,4241,1027
6037211121,2431,2000,431
6037211122,2877,2483,394
6037211123,2097,1988,109
6037211124,4070,3485,585
6037211201,2538,2020,518
6037211202,2693,2170,523
6037211310,3603,2901,702
6037211320,2899,2414,485
6037211410,2956,2486,470
6037211420,3479,2864,615
6037211500,4230,3467,763
6037211701,2733,2305,428
6037211703,4716,3993,723
6037211704,2941,2678,263
6037211802,4893,4222,671
6037211803,3602,3105,497
6037211804,3247,2741,506
6037211910,4223,3479,744
6037211921,2447,2026,421
6037211922,3182,2626,556
6037212101,3146,2806,340
6037212102,2579,2228,351
6037212202,3364,2601,763
6037212203,3216,2780,436
6037212204,3227,2528,699
6037212303,3486,2960,526
6037212304,1738,1437,301
6037212305,2533,1958,575
6037212306,2793,2308,485
6037212410,3560,3021,539
6037212420,2875,2375,500
6037212501,1944,1673,271
6037212502,3363,3038,325
6037212610,4049,3500,549
6037212620,4111,3510,601
6037212701,2487,2095,392
6037212702,3687,3150,537
6037212800,4121,3420,701
6037212900,3721,3098,623
6037213100,2507,2109,398
6037213201,4330,3632,698
6037213202,3679,3056,623
6037213310,3323,2704,619
6037213320,3006,2561,445
6037213401,4806,3785,1021
6037213402,5119,4108,1011
6037214000,3808,2683,1125
6037214100,4111,3112,999
6037214400,2980,2730,250
6037214501,3104,2613,491
6037214503,3495,2837,658
6037214504,3871,3325,546
6037214505,1817,1577,240
6037214600,2600,2294,306
6037214700,2731,2364,367
6037214800,2843,2535,308
6037214902,2668,2493,175
6037214903,1542,1453,89
6037214904,1696,1569,127
6037215101,2614,2463,151
6037215102,3123,2948,175
6037216100,2465,2091,374
6037216201,2701,2439,262
6037216202,2838,2528,310
6037216301,1374,1129,245
6037216302,3551,3167,384
6037216401,4165,3603,562
6037216402,2644,2306,338
6037216700,3938,3315,623
6037216800,3566,2931,635
6037216901,2888,2506,382
6037216902,2331,2041,290
6037217001,2863,2026,837
6037217002,5084,4200,884
6037217101,2520,2070,450
6037217102,2930,2553,377
6037217200,3887,3216,671
6037218110,3120,2579,541
6037218120,4250,3415,835
6037218210,3951,3104,847
6037218220,4123,3321,802
6037218300,5206,4330,876
6037218400,4364,3469,895
6037218500,2810,2292,518
6037218600,2820,2304,516
6037218701,2455,1960,495
6037218702,2199,1733,466
6037218800,2633,2112,521
6037218900,5329,4216,1113
6037219010,2749,2142,607
6037219020,4590,3579,1011
6037219300,3757,2984,773
6037219500,1783,1493,290
6037219700,4186,3430,756
6037219800,2931,2302,629
6037219901,4651,3546,1105
6037219902,3878,3137,741
6037220000,5420,4377,1043
6037220100,2437,2015,422
6037221110,3289,2510,779
6037221120,3030,2284,746
6037221210,2917,2320,597
6037221220,3143,2444,699
6037221302,4330,3376,954
6037221303,2384,1868,516
6037221304,3032,2402,630
6037221401,3362,2759,603
6037221402,2700,2204,496
6037221500,3864,3067,797
6037221601,3175,2583,592
6037221602,2693,2085,608
6037221710,2596,2203,393
6037221810,2746,2327,419
6037221820,2797,2590,207
6037221900,4917,4643,274
6037222001,3218,2598,620
6037222002,4648,3646,1002
6037222100,3712,2970,742
6037222200,3878,3123,755
6037222500,4702,3636,1066
6037222600,5141,4200,941
6037222700,4704,4648,56
6037224010,3621,3114,507
6037224020,3231,2615,616
6037224200,2385,1816,569
6037224310,2090,1584,506
6037224320,2962,2280,682
6037224410,2906,2473,433
6037224420,2068,1683,385
6037224600,3501,2698,803
6037224701,2077,2001,76
6037224702,3287,2728,559
6037226001,2632,2015,617
6037226002,3587,3227,360
6037226410,3456,2466,990
6037226420,5026,3625,1401
6037226701,2969,2195,774
6037226702,2884,2006,878
6037227010,4506,3175,1331
6037227020,3508,2484,1024
6037228100,4796,3350,1446
6037228210,3770,2717,1053
6037228220,4458,3113,1345
6037228310,4491,3236,1255
6037228320,3023,2140,883
6037228410,3129,2257,872
6037228420,3041,2127,914
6037228500,5376,3781,1595
6037228600,4882,3406,1476
6037228710,4245,3015,1230
6037228720,4394,3093,1301
6037228800,5709,3942,1767
6037228900,3420,2336,1084
6037229100,4523,3207,1316
6037229200,4636,3258,1378
6037229300,5642,3848,1794
6037229410,3471,2391,1080
6037229420,4681,3284,1397
6037231100,3148,2458,690
6037231210,3793,2866,927
6037231220,3942,2907,1035
6037231301,2797,2066,731
6037231302,2733,2138,595
6037231400,4590,3559,1031
6037231500,4725,3797,928
6037231601,2254,1740,514
6037231602,2148,1685,463
6037231603,2737,2006,731
6037231710,4311,3105,1206
6037231720,5060,3749,1311
6037231800,5253,3740,1513
6037231901,2741,1991,750
6037231902,3166,2287,879
6037232110,3336,2460,876
6037232120,5019,3599,1420
6037232200,3204,2457,747
6037232300,4376,3349,1027
6037232401,3702,2877,825
6037232402,3163,2552,611
6037232500,5066,3771,1295
6037232601,2052,1565,487
6037232602,4540,3384,1156
6037232701,2228,1664,564
6037232702,3932,2859,1073
6037232800,4034,2897,1137
6037234001,2361,1985,376
6037234002,2977,2355,622
6037234200,2459,2084,375
6037234301,1918,1660,258
6037234302,2597,2196,401
6037234501,3062,2462,600
6037234502,2912,2360,552
6037234600,5106,4096,1010
6037234700,4209,3357,852
6037234800,3561,2835,726
6037234901,3103,2345,758
6037234902,4238,3233,1005
6037235100,4690,3827,863
6037235201,2921,2301,620
6037235202,4765,3763,1002
6037236001,4422,3845,577
6037236101,2823,2364,459
6037236102,3141,2528,613
6037236203,3743,2857,886
6037236204,3210,2438,772
6037236205,3403,2506,897
6037236206,2571,1993,578
6037236400,4346,3756,590
6037237101,4144,2911,1233
6037237102,3625,2617,1008
6037237201,3546,2684,862
6037237202,4414,3368,1046
6037237300,5531,4295,1236
6037237401,3765,2861,904
6037237402,3640,2826,814
6037237500,2856,2073,783
6037237600,4112,2994,1118
6037237710,3992,2807,1185
6037237720,3470,2394,1076
6037237800,4335,3271,1064
6037237900,3726,2967,759
6037238000,5969,4809,1160
6037238100,4683,3703,980
6037238200,5848,4596,1252
6037238310,5087,3472,1615
6037238320,3975,2741,1234
6037238400,4632,3777,855
6037239201,3819,2759,1060
6037239202,5013,3507,1506
6037239310,4031,2830,1201
6037239320,3441,2458,983
6037239330,2979,2115,864
6037239501,3835,2704,1131
6037239502,3697,2589,1108
6037239601,3631,2521,1110
6037239602,3487,2384,1103
6037239701,4415,3014,1401
6037239702,4224,2918,1306
6037239801,3873,2686,1187
6037239802,5103,3600,1503
6037240010,3818,2648,1170
6037240020,5294,3709,1585
6037240200,5910,4103,1807
6037240301,2831,1972,859
6037240302,3114,2102,1012
6037240401,5493,3827,1666
6037240402,3856,2866,990
6037240500,6505,4594,1911
6037240600,5457,3852,1605
6037240700,6573,4735,1838
6037240800,4438,3139,1299
6037240901,2697,1911,786
6037240902,3304,2351,953
6037241001,4525,3201,1324
6037241002,3941,2773,1168
6037241110,3295,2364,931
6037241120,4902,3407,1495
6037241201,3105,2262,843
6037241202,5148,3834,1314
6037241300,2262,1688,574
6037241400,3612,2539,1073
6037242000,4459,3165,1294
6037242100,2497,1468,1029
6037242201,3696,2636,1060
6037242202,3387,2254,1133
6037242300,4958,3352,1606
6037242600,4794,2924,1870
6037242700,5932,4021,1911
6037243001,3304,2321,983
6037243002,3527,2469,1058
6037243100,5692,3824,1868
6037261102,4072,3270,802
6037261103,1880,1479,401
6037261104,1638,1297,341
6037261200,4329,3508,821
6037262100,3195,2629,566
6037262200,4553,3684,869
6037262301,2778,2313,465
6037262302,2870,2276,594
6037262303,3157,2470,687
6037262400,3242,2519,723
6037262501,3741,2800,941
6037262601,3783,2942,841
6037262604,6116,4890,1226
6037262704,3651,2947,704
6037262706,3537,2648,889
6037262802,3907,3087,820
6037264000,3284,2613,671
6037264102,3064,2682,382
6037264103,2605,2366,239
6037264303,2733,2498,235
6037264304,2616,2438,178
6037264305,3712,3239,473
6037264306,2228,1965,263
6037265100,2835,2438,397
6037265201,2108,1780,328
6037265203,2228,1971,257
6037265204,1182,1076,106
6037265301,13527,13452,75
6037265303,4012,3768,244
6037265304,3855,3707,148
6037265306,2081,1986,95
6037265307,3190,3095,95
6037265410,1592,1236,356
6037265420,1887,1503,384
6037265521,1948,1809,139
6037265522,2090,1907,183
6037265523,1884,1637,247
6037265524,2751,2365,386
6037265601,3140,2633,507
6037265602,3318,2947,371
6037265701,2047,1736,311
6037265702,2879,2566,313
6037267101,3142,2603,539
6037267102,3163,2634,529
6037267201,2865,2500,365
6037267202,3470,2926,544
6037267300,4408,4031,377
6037267403,3093,2901,192
6037267404,3403,3137,266
6037267405,2838,2644,194
6037267406,2180,2000,180
6037267502,3217,2811,406
6037267503,2112,1848,264
6037267504,3482,3040,442
6037267600,2709,2341,368
6037267700,3834,3467,367
6037267800,3034,2448,586
6037267901,3293,3079,214
6037267902,4002,3263,739
6037269000,5492,4411,1081
6037269100,4752,3615,1137
6037269300,4096,3095,1001
6037269500,4262,3023,1239
6037269601,3122,2466,656
6037269602,2964,2312,652
6037269700,4025,3346,679
6037269800,3386,2942,444
6037269903,3815,3483,332
6037269905,2661,2436,225
6037269906,3037,2790,247
6037269907,2671,2441,230
6037269908,1861,1702,159
6037269909,2243,2015,228
6037270101,2002,1878,124
6037270102,2186,2029,157
6037270200,3487,2957,530
6037270300,2651,2106,545
6037271100,2569,2078,491
6037271200,2592,2318,274
6037271300,4779,4052,727
6037271400,3482,2708,774
6037271500,3095,2478,617
6037271600,4826,4266,560
6037271702,4527,4069,458
6037271703,3191,2756,435
6037271704,2878,2447,431
6037271801,3666,3172,494
6037271803,3039,2717,322
6037271804,2565,2247,318
6037271901,2861,2446,415
6037271902,4044,3402,642
6037272100,4332,3483,849
6037272201,2394,2081,313
6037272202,3159,2729,430
6037272301,3000,2607,393
6037272302,3897,3393,504
6037273100,3597,3130,467
6037273200,3596,3124,472
6037273300,3477,2989,488
6037273403,1564,1438,126
6037273404,1558,1484,74
6037273502,2680,2487,193
6037273600,2189,1875,314
6037273700,2748,2264,484
6037273800,2933,2574,359
6037273902,4278,3814,464
6037274100,4824,4297,527
6037274202,4903,4379,524
6037275101,1186,1022,164
6037275102,3816,3040,776
6037275200,3850,3239,611
6037275311,4955,4250,705
6037275312,2201,1971,230
6037275313,3321,2912,409
6037275400,4625,4092,533
6037275500,5307,4038,1269
6037275603,2731,2313,418
6037275604,10520,8756,1764
6037275605,3581,3086,495
6037276000,6674,5650,1024
6037276101,3787,3358,429
6037276102,3310,2891,419
6037276400,4099,3266,833
6037276500,4982,4640,342
6037276601,4058,3356,702
6037276605,2093,1909,184
6037276606,3353,3066,287
6037276607,2974,2629,345
6037276608,2106,1899,207
6037277000,5637,4530,1107
6037277100,3017,2466,551
6037277200,1969,1717,252
6037278001,2687,2233,454
6037278102,2958,2614,344
6037291110,4213,3028,1185
6037291120,2037,1507,530
6037291130,3454,2714,740
6037291210,5162,4054,1108
6037291220,3255,2512,743
6037291300,2839,2371,468
6037292001,4791,3423,1368
6037292002,1688,1352,336
6037293203,3337,2645,692
6037293204,3119,2490,629
6037293205,3873,2912,961
6037293206,3330,2478,852
6037293301,2793,2354,439
6037293302,4809,3825,984
6037293304,4150,3201,949
6037293306,2571,2114,457
6037293307,2460,1904,556
6037294110,3876,3015,861
6037294120,2324,1740,584
6037294200,4658,3529,1129
6037294301,2501,1909,592
6037294302,4513,3429,1084
6037294410,5310,3775,1535
6037294421,2794,2142,652
6037294510,4057,2930,1127
6037294520,3459,2504,955
6037294610,4025,2996,1029
6037294620,4034,2994,1040
6037294701,3110,2316,794
6037294810,3729,2617,1112
6037294820,3346,2310,1036
6037294830,3838,2651,1187
6037294900,3871,2583,1288
6037295103,4978,4086,892
6037296210,2976,2143,833
6037296220,4449,3321,1128
6037296300,4874,3916,958
6037296401,3176,2656,520
6037296402,2971,2396,575
6037296500,3796,2951,845
6037296600,5305,4055,1250
6037296901,4148,3159,989
6037296902,3987,3163,824
6037297001,1662,1395,267
6037297002,3657,2995,662
6037297110,4298,3383,915
6037297120,3425,2598,827
6037297201,3879,3096,783
6037297202,3546,2828,718
6037297300,2306,1689,617
6037297400,3760,3324,436
6037297501,2483,2087,396
6037297502,2508,2065,443
6037297601,2781,2162,619
6037297602,3579,2980,599
6037300100,6060,4703,1357
6037300200,5492,4346,1146
6037300301,6289,4874,1415
6037300400,5948,4620,1328
6037300501,3124,2387,737
6037300503,5321,4226,1095
6037300601,5346,4236,1110
6037300602,3580,2858,722
6037300701,6263,5112,1151
6037300702,5725,4721,1004
6037300800,7100,5768,1332
6037300901,6478,5309,1169
6037300902,2012,1630,382
6037301000,5050,4234,816
6037301100,6571,5502,1069
6037301203,4417,3729,688
6037301204,4934,4215,719
6037301205,2211,1789,422
6037301206,5275,4362,913
6037301300,2070,1597,473
6037301400,3936,3208,728
6037301501,1861,1529,332
6037301502,6718,5687,1031
6037301601,5952,5076,876
6037301602,3904,3287,617
6037301701,2852,2443,409
6037301702,5639,4788,851
6037301801,6139,5328,811
6037301802,5424,4620,804
6037301901,4857,4137,720
6037301902,3140,2571,569
6037302002,3998,3441,557
6037302003,3496,2951,545
6037302004,4175,3523,652
6037302102,6221,5279,942
6037302103,5334,4496,838
6037302104,3859,3247,612
6037302201,4017,3525,492
6037302202,4933,4158,775
6037302301,3804,3245,559
6037302302,5417,4574,843
6037302401,6484,5520,964
6037302503,4011,3295,716
6037302504,3927,3205,722
6037302505,3766,3101,665
6037302506,3410,2891,519
6037310100,5885,4736,1149
6037310201,5521,4513,1008
6037310202,4945,4060,885
6037310300,3132,2431,701
6037310400,3555,2848,707
6037310501,3788,3047,741
6037310601,6085,4917,1168
6037310602,2956,2375,581
6037310701,2482,2140,342
6037310703,5126,4273,853
6037310704,4989,4263,726
6037310705,2387,2153,234
6037310800,5098,4126,972
6037310900,6999,5733,1266
6037311000,3872,3088,784
6037311100,4010,3217,793
6037311200,3270,2701,569
6037311300,3874,3129,745
6037311400,2454,1992,462
6037311500,5921,4830,1091
6037311601,2532,2169,363
6037311602,5254,4629,625
6037311700,6227,5283,944
6037311801,3066,2592,474
6037311802,3881,3112,769
6037320101,3632,2822,810
6037320102,3573,2704,869
6037320201,3818,2822,996
6037320202,5693,4417,1276
6037320300,7230,5536,1694
6037400205,3053,2437,616
6037400206,5184,4151,1033
6037400207,4706,3748,958
6037400208,1559,1248,311
6037400209,4775,3861,914
6037400304,8163,6285,1878
6037400402,4370,3433,937
6037400403,3993,3196,797
6037400404,4458,3546,912
6037400501,2051,1744,307
6037400602,4817,3835,982
6037400603,5514,4438,1076
6037400605,7161,5888,1273
6037400801,7039,5801,1238
6037401001,3051,2390,661
6037401002,4164,3263,901
6037401101,5433,4284,1149
6037401102,4051,3196,855
6037401201,3188,2518,670
6037401202,4439,3616,823
6037401203,5386,4319,1067
6037401303,2235,1900,335
6037401304,5683,4778,905
6037401311,6909,5481,1428
6037401312,5210,4304,906
6037401500,5027,4005,1022
6037401601,5593,4675,918
6037401602,5792,4401,1391
6037401705,3112,2547,565
6037401706,4522,3585,937
6037401707,8320,6731,1589
6037401801,4000,3228,772
6037401802,3967,3067,900
6037401901,5428,5359,69
6037401902,5747,4895,852
6037402001,3693,2950,743
6037402002,4168,3354,814
6037402101,4748,3714,1034
6037402102,5118,3961,1157
6037402200,7276,5878,1398
6037402301,5444,4043,1401
6037402303,3986,3005,981
6037402304,3925,2728,1197
6037402403,5272,4360,912
6037402404,2303,2287,16
6037402405,2959,2253,706
6037402406,4739,3552,1187
6037402501,5362,3758,1604
6037402503,3984,2871,1113
6037402504,2902,2148,754
6037402601,3545,2652,893
6037402602,4079,3226,853
6037402702,6354,4432,1922
6037402703,4880,3707,1173
6037402705,3432,2681,751
6037402706,3962,3100,862
6037402801,4911,3386,1525
6037402803,3273,2352,921
6037402804,4027,2869,1158
6037402902,6856,5090,1766
6037402903,4324,3246,1078
6037402904,3606,2714,892
6037403000,6757,5083,1674
6037403305,2076,1687,389
6037403316,6784,5619,1165
6037403317,5098,4268,830
6037403318,6450,5310,1140
6037403319,4214,3467,747
6037403320,5503,4493,1010
6037403321,5275,4474,801
6037403323,5275,4228,1047
6037403324,6516,5296,1220
6037403325,5306,4181,1125
6037403326,2606,2087,519
6037403327,2813,2323,490
6037403328,5936,4769,1167
6037403401,4984,4069,915
6037403402,3549,2827,722
6037403403,4750,3974,776
6037403404,2389,1994,395
6037403407,2526,2105,421
6037403408,6022,5179,843
6037403409,4210,3416,794
6037403500,1828,1588,240
6037403601,7102,5713,1389
6037403702,3884,3162,722
6037403703,4809,3974,835
6037403721,5429,4319,1110
6037403722,5794,4373,1421
6037403801,6346,4975,1371
6037403802,5857,4653,1204
6037403901,3198,2519,679
6037403902,5011,4068,943
6037404000,4545,3595,950
6037404100,6137,4698,1439
6037404201,3950,3019,931
6037404203,3899,3239,660
6037404301,5460,4064,1396
6037404302,2388,1861,527
6037404401,3838,2871,967
6037404402,5042,3940,1102
6037404501,2720,1994,726
6037404503,2986,2362,624
6037404504,5087,3777,1310
6037404600,1472,1113,359
6037404701,5620,4370,1250
6037404702,5662,4355,1307
6037404703,2912,2156,756
6037404804,4404,3406,998
6037404805,2706,2068,638
6037404806,5937,4550,1387
6037404901,5279,4084,1195
6037404902,3832,3014,818
6037404903,2742,2155,587
6037405001,5761,4513,1248
6037405002,2971,2316,655
6037405101,5057,3956,1101
6037405102,4793,3730,1063
6037405201,5392,4110,1282
6037405202,4894,3777,1117
6037405203,3285,2630,655
6037405301,3614,2808,806
6037405302,5603,4395,1208
6037405400,4858,3824,1034
6037405500,6623,5274,1349
6037405600,5645,4567,1078
6037405701,3818,3020,798
6037405702,5285,4058,1227
6037405800,5755,4590,1165
6037405900,4423,3500,923
6037406000,5496,4396,1100
6037406101,3583,2829,754
6037406103,8353,6607,1746
6037406201,3731,2912,819
6037406300,5796,4732,1064
6037406413,7129,5852,1277
6037406500,7397,5763,1634
6037406601,5397,4376,1021
6037406602,4978,3884,1094
6037406701,3112,2502,610
6037406702,7040,5618,1422
6037406801,4993,4023,970
6037406903,7777,6129,1648
6037407001,5623,4338,1285
6037407002,3566,2829,737
6037407101,4645,3577,1068
6037407102,5336,4134,1202
6037407201,3251,2502,749
6037407202,3612,2798,814
6037407301,4593,3641,952
6037407302,3275,2553,722
6037407400,2126,1744,382
6037407501,4445,3408,1037
6037407502,4052,3094,958
6037407601,4288,3243,1045
6037407602,3732,2912,820
6037407701,4956,3727,1229
6037407702,6249,4901,1348
6037407801,4789,3810,979
6037407802,3336,2629,707
6037407901,4339,3351,988
6037407902,1922,1604,318
6037408003,4768,3832,936
6037408004,2544,2080,464
6037408005,5269,4231,1038
6037408006,3750,2971,779
6037408133,5598,4353,1245
6037408134,2640,2240,400
6037408135,3899,3225,674
6037408136,3832,3081,751
6037408137,4493,3589,904
6037408138,6131,4638,1493
6037408139,4290,3262,1028
6037408140,3775,2861,914
6037408141,5180,4005,1175
6037408212,4519,3736,783
6037408213,5875,4872,1003
6037408301,6101,4712,1389
6037408302,4071,3159,912
6037408303,4383,3544,839
6037408401,4377,3541,836
6037408402,6070,5039,1031
6037408503,6329,5187,1142
6037408504,5336,4217,1119
6037408505,2711,2200,511
6037408623,3065,2493,572
6037408624,3167,2613,554
6037408625,4336,3524,812
6037408626,4356,3611,745
6037408627,2818,2413,405
6037408628,5146,4342,804
6037408629,3005,2466,539
6037408631,5023,3970,1053
6037408703,6069,5145,924
6037408705,5355,4447,908
6037408707,6542,5512,1030
6037408722,4385,3665,720
6037408724,5486,3909,1577
6037408725,5940,4977,963
6037408800,4795,3870,925
6037408900,5821,4904,917
6037409000,7033,5522,1511
6037409100,5239,4114,1125
6037430003,4553,3771,782
6037430004,3692,3072,620
6037430005,3835,3124,711
6037430101,5011,4244,767
6037430102,4636,3662,974
6037430200,1264,1112,152
6037430301,4406,3644,762
6037430302,5831,4774,1057
6037430400,4393,3496,897
6037430501,4154,3463,691
6037430502,7114,5680,1434
6037430600,4435,3603,832
6037430701,5045,4133,912
6037430721,3536,2807,729
6037430723,4643,3507,1136
6037430724,5252,4120,1132
6037430801,6778,5240,1538
6037430802,4248,3391,857
6037430803,5363,4372,991
6037430901,4459,3541,918
6037430902,5175,4144,1031
6037431002,3246,2646,600
6037431003,3831,3061,770
6037431004,3414,2697,717
6037431100,7140,5712,1428
6037431200,6202,4813,1389
6037431300,2611,2107,504
6037431400,3898,3180,718
6037431501,4281,3540,741
6037431502,4243,3515,728
6037431600,4173,3459,714
6037431701,6763,5475,1288
6037431800,5246,4335,911
6037431900,3652,2941,711
6037432001,2627,2160,467
6037432002,5358,4255,1103
6037432101,4113,3453,660
6037432102,5976,4770,1206
6037432201,4235,3562,673
6037432202,4212,3445,767
6037432300,3873,3149,724
6037432401,3544,2822,722
6037432402,6040,4745,1295
6037432501,4746,3893,853
6037432502,3431,2816,615
6037432601,6374,4977,1397
6037432602,4504,3581,923
6037432700,5363,4166,1197
6037432801,2620,2123,497
6037432802,5540,4030,1510
6037432901,4202,3510,692
6037432902,3358,2787,571
6037433103,6692,5230,1462
6037433200,6088,4808,1280
6037433302,1701,1264,437
6037433304,4595,3553,1042
6037433305,4622,3408,1214
6037433306,3111,2378,733
6037433307,3220,2397,823
6037433402,4184,3165,1019
6037433403,4783,3509,1274
6037433505,4486,3397,1089
6037433506,3971,2829,1142
6037433601,4586,3792,794
6037433602,2858,2327,531
6037433803,3037,2472,565
6037433804,4497,3358,1139
6037433901,5097,3692,1405
6037433903,5619,4189,1430
6037434001,4715,3532,1183
6037434003,4093,3037,1056
6037434004,2746,2091,655
6037434100,6509,5069,1440
6037460001,1609,1307,302
6037460002,3283,2684,599
6037460101,5846,4910,936
6037460200,5561,4564,997
6037460301,4733,3798,935
6037460302,4273,3390,883
6037460401,1063,847,216
6037460501,5555,4240,1315
6037460502,4495,3366,1129
6037460601,5488,4205,1283
6037460700,5035,3877,1158
6037460800,3219,2688,531
6037460900,6893,5466,1427
6037461000,5817,4515,1302
6037461100,4894,3997,897
6037461200,4555,3751,804
6037461300,6533,5402,1131
6037461400,2939,2409,530
6037461501,3508,2802,706
6037461502,5748,4735,1013
6037461600,5435,4235,1200
6037461700,1492,1271,221
6037461901,4609,3638,971
6037461902,2142,1992,150
6037462001,3501,2756,745
6037462002,3801,2852,949
6037462100,4877,3954,923
6037462201,3711,3204,507
6037462202,3348,3005,343
6037462301,4407,3585,822
6037462302,3314,2928,386
6037462400,4040,3343,697
6037462500,6157,5003,1154
6037462600,2293,1883,410
6037462700,5727,4780,947
6037462800,2939,2392,547
6037462900,3775,3035,740
6037463000,2706,2277,429
6037463103,6074,4996,1078
6037463200,3478,2944,534
6037463300,2101,1696,405
6037463400,5918,5031,887
6037463500,5523,4946,577
6037463601,6231,5671,560
6037463602,5728,5266,462
6037463700,3912,3471,441
6037463800,3953,3172,781
6037463900,3418,2966,452
6037464000,5832,5002,830
6037464101,2770,2167,603
6037464102,3989,3147,842
6037464200,5747,4571,1176
6037480002,3416,2792,624
6037480011,5238,4219,1019
6037480012,4917,3862,1055
6037480101,4107,3364,743
6037480102,4325,3523,802
6037480201,3923,3153,770
6037480202,2518,1999,519
6037480302,4380,3667,713
6037480303,3806,3179,627
6037480304,4263,3623,640
6037480400,5698,4832,866
6037480500,5543,4306,1237
6037480601,4241,3196,1045
6037480602,4183,3268,915
6037480702,4723,3602,1121
6037480703,3410,2634,776
6037480704,4843,3701,1142
6037480802,3079,2569,510
6037480803,3418,2859,559
6037480804,4866,4007,859
6037480901,4611,3801,810
6037480902,4024,3281,743
6037480903,3023,2506,517
6037481001,4271,3714,557
6037481002,5878,4891,987
6037481101,4100,3430,670
6037481102,4083,3356,727
6037481103,5340,4394,946
6037481201,3786,3016,770
6037481203,6375,5217,1158
6037481300,2938,2458,480
6037481401,5725,4912,813
6037481403,2933,2480,453
6037481404,3934,3328,606
6037481500,4344,3732,612
6037481603,3737,3050,687
6037481604,3863,3199,664
6037481605,3178,2625,553
6037481606,4824,4012,812
6037481711,4606,3912,694
6037481712,5076,4243,833
6037481713,2731,2317,414
6037481714,2485,2075,410
6037481800,2587,2185,402
6037481901,5721,4747,974
6037481902,3297,2759,538
6037482001,2719,2242,477
6037482002,7194,5869,1325
6037482101,4771,3949,822
6037482102,2846,2347,499
6037482201,3808,3250,558
6037482202,5184,4208,976
6037482301,4989,4126,863
6037482303,5482,4402,1080
6037482304,3409,2682,727
6037482401,3535,2885,650
6037482403,3310,2711,599
6037482404,2901,2452,449
6037482502,3213,2629,584
6037482503,3957,3159,798
6037482521,5577,4629,948
6037482522,4455,3737,718
6037482600,7182,6018,1164
6037482701,4096,3369,727
6037482702,2404,2000,404
6037482801,4193,3405,788
6037500100,3729,3097,632
6037500202,4982,4052,930
6037500203,4188,3261,927
6037500204,2343,1948,395
6037500300,3024,2542,482
6037500402,4566,3523,1043
6037500403,4025,3211,814
6037500404,4767,3755,1012
6037500500,2954,2350,604
6037500600,5438,4193,1245
6037500700,6582,5179,1403
6037500800,5333,4219,1114
6037500900,5602,4464,1138
6037501001,3023,2282,741
6037501002,4882,3908,974
6037501200,5114,3925,1189
6037501301,3020,2399,621
6037501302,4476,3503,973
6037501400,3826,2921,905
6037501501,2411,2010,401
6037501503,5215,4088,1127
6037501504,3580,2847,733
6037501600,6863,5575,1288
6037501700,4114,3165,949
6037501802,3438,2710,728
6037501803,4687,3513,1174
6037501804,2247,1728,519
6037501900,4336,3341,995
6037502003,2745,2061,684
6037502004,4088,3053,1035
6037502005,4382,3347,1035
6037502100,5079,4083,996
6037502200,6477,5074,1403
6037502303,8396,6405,1991
6037502401,4772,3831,941
6037502402,3789,3057,732
6037502500,4124,3188,936
6037502602,4377,3405,972
6037502603,3407,2662,745
6037502604,3662,2870,792
6037502700,7682,6086,1596
6037502801,6347,4976,1371
6037502901,5449,4205,1244
6037503000,5675,4248,1427
6037503103,4774,3680,1094
6037503104,2561,1913,648
6037503105,3618,2709,909
6037503106,3822,2940,882
6037503201,4002,3163,839
6037503202,4350,3424,926
6037503301,3488,2680,808
6037503302,6295,4755,1540
6037503401,7036,5520,1516
6037503402,4631,3516,1115
6037503501,6485,4847,1638
6037503502,4297,3299,998
6037503601,4189,3347,842
6037503602,3838,3126,712
6037503701,4941,3799,1142
6037503702,5453,4284,1169
6037503704,4598,4056,542
6037503705,3222,2741,481
6037503801,4085,3251,834
6037503802,5139,4259,880
6037503901,2799,2255,544
6037503902,4663,3696,967
6037504001,5053,4396,657
6037504002,5327,4277,1050
6037504101,5095,4129,966
6037504200,7528,6031,1497
6037530005,4191,3600,591
6037530006,4295,3357,938
6037530007,6651,5462,1189
6037530101,5333,4171,1162
6037530102,4994,4078,916
6037530202,4056,3290,766
6037530203,3357,2584,773
6037530204,3528,2752,776
6037530301,2308,1779,529
6037530302,6375,4887,1488
6037530400,4066,3049,1017
6037530500,4270,3296,974
6037530603,4440,3458,982
6037530700,2175,1656,519
6037530801,5511,4125,1386
6037530802,3240,2514,726
6037530901,3674,2681,993
6037530902,3820,2890,930
6037531000,5109,3806,1303
6037531101,4589,3420,1169
6037531102,3233,2374,859
6037531201,4855,3507,1348
6037531202,4518,3251,1267
6037531301,5365,3821,1544
6037531302,6411,4505,1906
6037531502,3279,2366,913
6037531503,2985,2164,821
6037531504,4033,2959,1074
6037531602,4134,3100,1034
6037531603,3285,2412,873
6037531604,3453,2512,941
6037531701,5498,4194,1304
6037531702,4564,3443,1121
6037531800,4740,3526,1214
6037531901,6228,4697,1531
6037531902,3953,3070,883
6037532001,3296,2615,681
6037532002,3254,2515,739
6037532101,6686,4935,1751
6037532102,3835,3028,807
6037532200,6599,4794,1805
6037532302,4452,3338,1114
6037532303,4364,3422,942
6037532304,3660,2829,831
6037532500,3838,2931,907
6037532605,3812,2948,864
6037532606,4125,3060,1065
6037532607,5694,4190,1504
6037532700,2878,1975,903
6037532800,4204,2868,1336
6037532900,6358,4385,1973
6037533001,4439,3166,1273
6037533002,2370,1711,659
6037533103,3233,2270,963
6037533104,3923,2821,1102
6037533105,2423,1806,617
6037533108,5133,3886,1247
6037533201,2602,1902,700
6037533204,4143,3117,1026
6037533300,3172,2244,928
6037533401,4677,3422,1255
6037533402,3902,2857,1045
6037533403,2778,2151,627
6037533501,2958,2162,796
6037533504,3848,2834,1014
6037533601,4414,3180,1234
6037533602,5024,3637,1387
6037533603,6106,4562,1544
6037533701,3207,2352,855
6037533702,3380,2430,950
6037533703,4022,2920,1102
6037533803,6152,4491,1661
6037533804,4331,3273,1058
6037533805,3493,2585,908
6037533806,3941,2854,1087
6037533901,5864,4295,1569
6037533902,3840,2820,1020
6037534001,5132,3739,1393
6037534002,4130,3115,1015
6037534101,2100,1544,556
6037534102,5742,4160,1582
6037534201,4232,3068,1164
6037534202,5373,3871,1502
6037534203,3088,2282,806
6037534301,4423,3189,1234
6037534302,3662,2624,1038
6037534403,2874,2129,745
6037534404,3555,2573,982
6037534405,4059,2827,1232
6037534406,4238,3032,1206
6037534501,5077,3881,1196
6037534502,4074,3125,949
6037534700,4108,3211,897
6037534802,2759,2130,629
6037534803,4629,3500,1129
6037534804,3718,2794,924
6037534900,6241,4551,1690
6037535001,4152,2906,1246
6037535002,3318,2401,917
6037535101,7329,5195,2134
6037535102,4557,3202,1355
6037535200,6031,4255,1776
6037535300,6511,4629,1882
6037535400,3595,2532,1063
6037535501,3711,2656,1055
6037535502,4740,3559,1181
6037535503,2370,1821,549
6037535603,4111,2901,1210
6037535604,4213,3057,1156
6037535605,4042,2982,1060
6037535606,1833,1302,531
6037535607,4521,3404,1117
6037535701,6001,4572,1429
6037535702,5429,4034,1395
6037535802,6481,4922,1559
6037535803,4242,3142,1100
6037535804,5209,3876,1333
6037535901,5682,4379,1303
6037535902,6236,4890,1346
6037536000,3471,2587,884
6037536102,3343,2685,658
6037536103,5438,4247,1191
6037536104,4127,3129,998
6037536201,3583,2749,834
6037536202,3949,3027,922
6037540000,6678,4832,1846
6037540101,6281,4750,1531
6037540102,6833,5182,1651
6037540201,2113,1526,587
6037540202,6497,4663,1834
6037540203,5135,3725,1410
6037540300,4997,3703,1294
6037540400,2224,1571,653
6037540501,6411,5155,1256
6037540502,6131,4174,1957
6037540600,4440,3253,1187
6037540700,3544,2563,981
6037540800,6321,4687,1634
6037540901,5324,3979,1345
6037540902,4918,3821,1097
6037541003,4863,3942,921
6037541100,3370,2508,862
6037541200,6048,4636,1412
6037541300,6166,4444,1722
6037541401,3848,2639,1209
6037541402,3801,2746,1055
6037541500,5675,4002,1673
6037541603,2748,1929,819
6037541604,5993,4139,1854
6037541605,5132,3761,1371
6037541606,2415,1608,807
6037541700,6278,4749,1529
6037541801,5529,3961,1568
6037541802,5293,3911,1382
6037542000,5358,3875,1483
6037542103,4019,2884,1135
6037542104,3475,2467,1008
6037542105,4743,3291,1452
6037542106,3532,2521,1011
6037542200,6898,5066,1832
6037542401,5049,3695,1354
6037542402,3127,2405,722
6037542501,4283,2978,1305
6037542502,4310,3047,1263
6037542601,2810,1945,865
6037542602,5608,4040,1568
6037542700,5684,4194,1490
6037542800,3336,2461,875
6037542900,3184,2326,858
6037543000,4684,3532,1152
6037543100,6988,5246,1742
6037543201,3687,2681,1006
6037543203,4873,3383,1490
6037543304,6339,5220,1119
6037543305,3251,2649,602
6037543306,6778,5514,1264
6037543321,6034,5058,976
6037543322,6844,5663,1181
6037543400,4132,3274,858
6037543501,7053,5800,1253
6037543502,4424,3579,845
6037543503,6080,5246,834
6037543601,3887,3101,786
6037543603,3903,3441,462
6037543605,4609,3855,754
6037543606,3854,3220,634
6037543607,5502,4551,951
6037543701,2845,2316,529
6037543703,3429,2784,645
6037543704,3284,2589,695
6037543705,3624,2839,785
6037543801,5093,4191,902
6037543803,5173,4162,1011
6037543804,4835,4283,552
6037543903,4090,3352,738
6037543905,4344,3237,1107
6037544001,4689,3610,1079
6037544002,3172,2500,672
6037550101,3974,3055,919
6037550201,2853,2122,731
6037550202,5358,4171,1187
6037550301,4147,3282,865
6037550501,3604,2763,841
6037550502,4248,3437,811
6037550601,5861,4476,1385
6037550602,4444,3552,892
6037550700,7215,5607,1608
6037550801,4684,3716,968
6037550802,2632,1981,651
6037550901,4497,3520,977
6037550902,5675,4426,1249
6037551001,3920,3012,908
6037551002,3765,2945,820
6037551101,3966,2933,1033
6037551102,5451,4058,1393
6037551201,3673,2902,771
6037551203,3737,2789,948
6037551204,4067,3281,786
6037551300,5450,4290,1160
6037551401,4425,3401,1024
6037551402,4567,3500,1067
6037551501,4920,3868,1052
6037551502,4255,3362,893
6037551700,6340,4912,1428
6037551801,3225,2527,698
6037551802,4373,3479,894
6037551900,5561,4376,1185
6037552001,4041,3180,861
6037552002,3419,2684,735
6037552100,5995,4813,1182
6037552200,6474,4822,1652
6037552301,4471,3524,947
6037552302,3599,2928,671
6037552400,2518,1926,592
6037552601,5227,4007,1220
6037552602,4132,3248,884
6037552700,6885,5380,1505
6037552800,6267,4749,1518
6037552900,7018,5455,1563
6037553000,4866,3768,1098
6037553100,6536,4999,1537
6037553201,3756,2961,795
6037553202,3620,2819,801
6037553300,3530,2817,713
6037553400,3926,3085,841
6037553502,4147,3170,977
6037553503,2730,2009,721
6037553504,5320,3948,1372
6037553601,4839,3441,1398
6037553602,4922,3611,1311
6037553701,3861,2827,1034
6037553702,4606,3383,1223
6037553801,4021,2816,1205
6037553802,6601,4982,1619
6037553901,6709,5131,1578
6037553902,5977,4457,1520
6037554001,4426,3411,1015
6037554002,6135,4657,1478
6037554101,3778,2716,1062
6037554105,4509,3297,1212
6037554106,4368,3306,1062
6037554201,4096,3267,829
6037554203,3635,2865,770
6037554204,4600,3546,1054
6037554301,3499,2665,834
6037554302,4072,3030,1042
6037554403,5602,4145,1457
6037554404,4509,3417,1092
6037554405,3328,2619,709
6037554406,5191,4085,1106
6037554511,4013,3161,852
6037554512,6583,5399,1184
6037554513,2540,2123,417
6037554514,4496,3640,856
6037554515,3641,3087,554
6037554516,3821,3168,653
6037554517,4737,3795,942
6037554518,5365,4368,997
6037554519,3489,2977,512
6037554521,5987,5021,966
6037554522,4906,4032,874
6037554600,4311,3525,786
6037554700,4503,3498,1005
6037554801,3281,2474,807
6037554802,6045,5019,1026
6037554900,7069,5799,1270
6037555001,5579,4270,1309
6037555002,3563,2793,770
6037555105,6245,4742,1503
6037555106,3696,2731,965
6037555107,5729,4647,1082
6037555202,3551,2735,816
6037555211,5773,4255,1518
6037555212,4680,3603,1077
6037555300,3980,3185,795
6037570001,4430,3541,889
6037570002,2883,2292,591
6037570003,4617,3609,1008
6037570100,2950,2375,575
6037570202,6122,4642,1480
6037570203,4051,2947,1104
6037570204,4133,3194,939
6037570303,3925,2908,1017
6037570304,5007,3668,1339
6037570305,5291,3945,1346
6037570306,3010,2281,729
6037570402,3391,2668,723
6037570403,4556,3195,1361
6037570404,3509,2572,937
6037570502,6558,4984,1574
6037570503,3789,2859,930
6037570504,3903,3016,887
6037570601,5235,3911,1324
6037570602,6557,5091,1466
6037570603,5391,3713,1678
6037570701,6993,5650,1343
6037570703,3473,2782,691
6037570800,5661,4427,1234
6037570901,5747,4612,1135
6037570902,3653,2875,778
6037571000,5792,4532,1260
6037571101,4654,3671,983
6037571102,4006,3180,826
6037571201,3775,3194,581
6037571202,4459,3574,885
6037571300,4638,3723,915
6037571400,4950,3946,1004
6037571502,5067,4075,992
6037571504,4935,3851,1084
6037571505,2969,2345,624
6037571600,2180,1363,817
6037571701,6495,4893,1602
6037571703,3505,2708,797
6037571704,3947,2944,1003
6037571800,3229,2695,534
6037571900,5769,4651,1118
6037572001,5434,4322,1112
6037572201,6141,5112,1029
6037572202,3848,3141,707
6037572301,3840,2914,926
6037572500,4244,3235,1009
6037572600,5276,4197,1079
6037572700,5405,4354,1051
6037573002,3484,2492,992
6037573003,1790,1439,351
6037573004,4670,3488,1182
6037573101,4220,3148,1072
6037573102,3245,2527,718
6037573201,4606,3444,1162
6037573202,6250,4556,1694
6037573300,4068,3050,1018
6037573401,1575,1225,350
6037573402,6827,5358,1469
6037573403,3446,2861,585
6037573601,6441,5133,1308
6037573700,4790,3679,1111
6037573800,4371,3445,926
6037573902,2263,1843,420
6037574000,5322,4251,1071
6037574100,5251,4150,1101
6037574201,3287,2632,655
6037574202,2206,1784,422
6037574300,6044,4773,1271
6037574400,5420,4250,1170
6037574500,6533,5192,1341
6037574602,1243,1099,144
6037574800,3165,2666,499
6037574901,3829,3075,754
6037574902,5192,4525,667
6037575001,4144,3441,703
6037575002,4760,4072,688
6037575101,4568,3404,1164
6037575102,4064,3013,1051
6037575103,5088,3956,1132
6037575201,4664,3456,1208
6037575202,4278,3163,1115
6037575300,4545,3354,1191
6037575401,4530,3244,1286
6037575402,3454,2365,1089
6037575801,1961,1441,520
6037575802,4544,3408,1136
6037575803,2684,2180,504
6037575901,3278,2548,730
6037575902,5622,5039,583
6037576001,5921,5598,323
6037576200,7148,6189,959
6037576301,4564,3769,795
6037576302,3901,2934,967
6037576401,4060,2871,1189
6037576402,4705,3472,1233
6037576403,4830,3498,1332
6037576501,3094,2574,520
6037576502,4190,3591,599
6037576503,4093,3448,645
6037576601,4770,4376,394
6037576602,4403,4131,272
6037576700,4153,3739,414
6037576801,4286,3766,520
6037576802,3989,3436,553
6037576901,5366,4189,1177
6037576903,3814,2949,865
6037576904,3239,2632,607
6037577000,7264,6171,1093
6037577100,7051,6039,1012
6037577200,5750,5200,550
6037577300,5535,5004,531
6037577400,3173,2800,373
6037577501,3440,3010,430
6037577504,1393,1234,159
6037577602,3370,3029,341
6037577604,1300,1198,102
6037577605,4799,4065,734
6037577606,3547,2916,631
6037577700,4672,3627,1045
6037577800,5085,3933,1152
6037577900,5481,4582,899
6037578000,7189,5396,1793
6037578100,2094,2073,21
6037599000,3322,2614,708
6037599100,553,463,90
6037600100,7098,4956,2142
6037600201,4690,3348,1342
6037600202,7071,5033,2038
6037600302,3472,2739,733
6037600303,3813,2648,1165
6037600304,3781,2670,1111
6037600400,3988,3214,774
6037600501,2632,2120,512
6037600601,2571,2104,467
6037600602,2370,1684,686
6037600702,4182,3407,775
6037600703,2326,1980,346
6037600704,3010,2503,507
6037600801,3206,2658,548
6037600802,2643,2264,379
6037600902,6798,5337,1461
6037600911,3282,2620,662
6037600912,5174,4016,1158
6037601001,2274,1959,315
6037601002,5457,4297,1160
6037601100,6159,4590,1569
6037601202,3832,3052,780
6037601211,2833,2260,573
6037601212,6319,4762,1557
6037601301,1958,1614,344
6037601302,6785,5335,1450
6037601303,4959,3861,1098
6037601401,5012,3973,1039
6037601402,4782,3764,1018
6037601501,3500,2564,936
6037601502,3374,2508,866
6037601600,4164,3118,1046
6037601700,4931,3622,1309
6037601801,3462,2533,929
6037601802,3896,2919,977
6037601900,5091,3703,1388
6037602002,3007,2298,709
6037602003,4759,3595,1164
6037602103,6931,5231,1700
6037602104,5541,4136,1405
6037602105,4302,3268,1034
6037602106,5693,4491,1202
6037602201,4552,3667,885
6037602202,3112,2422,690
6037602301,6188,4866,1322
6037602302,5300,4052,1248
6037602402,6812,5369,1443
6037602403,5172,3909,1263
6037602404,5848,4516,1332
6037602504,4670,3519,1151
6037602505,4427,3260,1167
6037602506,4429,3376,1053
6037602507,5321,3908,1413
6037602510,3510,2585,925
6037602511,3602,2631,971
6037602512,2442,1842,600
6037602513,1590,1179,411
6037602601,4784,3893,891
6037602602,3339,2694,645
6037602700,3674,3030,644
6037602801,4391,3143,1248
6037602802,4365,3429,936
6037602900,4293,3287,1006
6037603004,1846,1518,328
6037603005,5628,4375,1253
6037603006,2272,1925,347
6037603007,4080,3166,914
6037603008,3186,2481,705
6037603101,4448,3705,743
6037603102,4034,3310,724
6037603200,3199,2700,499
6037603301,3914,3279,635
6037603302,4454,3699,755
6037603400,4504,3565,939
6037603500,3083,2552,531
6037603600,3963,3319,644
6037603702,4993,3975,1018
6037603703,2572,2085,487
6037603705,2589,1988,601
6037603706,3624,2632,992
6037603801,4630,3560,1070
6037603802,3937,3059,878
6037603901,4013,3150,863
6037603902,3288,2562,726
6037604001,4241,3310,931
6037604002,4863,3823,1040
6037604101,3973,3057,916
6037604102,2862,2200,662
6037604200,6255,4868,1387
6037609900,1804,1460,344
6037620001,4029,3164,865
6037620002,3629,2892,737
6037620101,5667,4464,1203
6037620102,3885,3146,739
6037620201,1550,1389,161
6037620301,4753,3399,1354
6037620303,4704,3415,1289
6037620305,6114,4926,1188
6037620400,5360,4118,1242
6037620501,5786,4375,1411
6037620521,4313,3305,1008
6037620522,5068,3816,1252
6037620601,5869,4586,1283
6037620602,5454,4305,1149
6037620701,6991,5466,1525
6037620703,3666,2767,899
6037620704,3727,2725,1002
6037620801,4372,3289,1083
6037620802,3185,2458,727
6037620901,2639,2032,607
6037620904,2829,2231,598
6037621001,4346,3475,871
6037621005,5547,4679,868
6037621102,3049,2361,688
6037621104,6786,5760,1026
6037621201,8259,6897,1362
6037621204,3110,2861,249
6037621301,7291,5786,1505
6037621324,3849,3374,475
6037621326,3348,2954,394
6037621400,4845,3844,1001
6037650001,5825,4861,964
6037650003,3237,2601,636
6037650004,4262,3367,895
6037650101,5771,4672,1099
6037650102,2185,1776,409
6037650200,5831,4651,1180
6037650300,6898,5639,1259
6037650401,4450,3603,847
6037650501,3024,2391,633
6037650502,4260,3443,817
6037650603,3904,3183,721
6037650604,5647,4562,1085
6037650605,2908,2306,602
6037650606,4502,3646,856
6037650607,2910,2236,674
6037650701,2626,2089,537
6037650702,4521,3553,968
6037650801,4126,3314,812
6037650802,3483,2632,851
6037650901,5976,4894,1082
6037650903,4499,3644,855
6037650904,2673,2101,572
6037651001,5776,4582,1194
6037651002,4741,3923,818
6037651101,5050,4027,1023
6037651102,3750,3150,600
6037651201,4876,3872,1004
6037651221,3412,2720,692
6037651222,6123,4743,1380
6037651302,6234,5016,1218
6037651304,4987,4301,686
6037651401,2585,2136,449
6037651402,6012,4788,1224
6037670001,3417,2814,603
6037670002,3906,3127,779
6037670003,6163,5028,1135
6037670101,3394,2729,665
6037670102,4041,3252,789
6037670201,4050,3236,814
6037670202,2626,2095,531
6037670324,5160,4118,1042
6037670326,3702,3001,701
6037670328,4485,3545,940
6037670405,2957,2418,539
6037670406,1857,1478,379
6037670407,5913,4590,1323
6037670413,4825,3771,1054
6037670416,4074,3300,774
6037670417,2866,2278,588
6037670418,4207,3314,893
6037670500,1739,1481,258
6037670603,1872,1564,308
6037670604,5356,4502,854
6037670701,6524,5211,1313
6037670702,5555,4499,1056
6037700101,5785,5506,279
6037700102,4448,4234,214
6037700200,6602,6377,225
6037700300,5754,5571,183
6037700400,5140,4804,336
6037700501,3586,3421,165
6037700502,4442,4322,120
6037700600,5032,4159,873
6037700700,3111,2555,556
6037700801,4941,4338,603
6037700802,3892,3280,612
6037700901,3863,3026,837
6037700902,6561,5412,1149
6037701000,5301,4402,899
6037701201,4228,3342,886
6037701202,3498,2916,582
6037701302,4951,4386,565
6037701304,6462,5476,986
6037701402,6494,6039,455
6037701501,5283,4549,734
6037701502,3665,3360,305
6037701601,4175,3354,821
6037701602,4356,3701,655
6037701701,3543,3024,519
6037701702,3326,2969,357
6037701801,5973,5007,966
6037701802,4207,3635,572
6037701902,5478,5041,437
6037702002,5989,5331,658
6037702102,6447,5855,592
6037702201,4475,3789,686
6037702202,3890,3196,694
6037702300,6603,5434,1169
6037702400,4677,3913,764
6037702501,4952,4009,943
6037702502,4320,3569,751
6037702600,6459,5084,1375
6037702700,3798,2916,882
6037702801,5272,4404,868
6037702802,2278,1855,423
6037702803,2986,2427,559
6037702900,11373,10515,858
6037703002,6907,5960,947
6037703003,6037,4988,1049
6037703100,5619,4775,844
6037703200,5800,4978,822
6037800101,5476,4306,1170
6037800103,3540,2833,707
6037800104,3795,3166,629
6037800202,6044,4613,1431
6037800204,4595,3738,857
6037800205,3816,3040,776
6037800206,3047,2361,686
6037800324,6763,5239,1524
6037800325,3387,2847,540
6037800328,1291,1000,291
6037800333,2738,2226,512
6037800334,3749,2947,802
6037800335,5189,4264,925
6037800336,2934,2346,588
6037800337,3373,2715,658
6037800338,6013,4660,1353
6037800406,1673,1458,215
6037800410,3847,3566,281
6037800411,2415,2012,403
6037800412,3437,2820,617
6037800504,2261,1949,312
6037800506,2954,2533,421
6037900102,830,657,173
6037900103,6708,4779,1929
6037900104,6556,4753,1803
6037900301,3957,2865,1092
6037900501,7610,5346,2264
6037900504,7557,5436,2121
6037900505,4548,3267,1281
6037900506,4944,3486,1458
6037900508,4543,3155,1388
6037900509,4693,3266,1427
6037900510,4015,2711,1304
6037900602,6016,4035,1981
6037900606,4090,2788,1302
6037900607,4263,2973,1290
6037900608,3845,2767,1078
6037900609,5805,3980,1825
6037900610,3929,2841,1088
6037900611,4352,2980,1372
6037900701,5591,4011,1580
6037900703,4667,3606,1061
6037900704,3584,2730,854
6037900705,4939,3888,1051
6037900804,3895,2734,1161
6037900805,5626,4295,1331
6037900806,4562,3536,1026
6037900807,4566,3299,1267
6037900808,4590,3153,1437
6037900901,2951,2162,789
6037900902,1674,1359,315
6037901003,3278,3229,49
6037901007,2127,1682,445
6037901008,3093,2342,751
6037901009,5741,4380,1361
6037901010,6185,4465,1720
6037901011,5374,4268,1106
6037901012,5314,3774,1540
6037901013,4431,3200,1231
6037901014,5270,3963,1307
6037901101,6257,4494,1763
6037901102,5703,4255,1448
6037901209,1370,1132,238
6037901210,1516,1203,313
6037901214,4519,3229,1290
6037901215,4112,3301,811
6037901216,2733,2045,688
6037901217,1529,1276,253
6037901218,2462,1903,559
6037901300,2011,1494,517
6037910002,7697,5590,2107
6037910210,7399,5518,1881
6037910211,1916,1480,436
6037910212,3403,2777,626
6037910213,1285,1038,247
6037910214,6336,4747,1589
6037910215,7110,5278,1832
6037910216,4722,3534,1188
6037910217,5873,4078,1795
6037910218,4413,3360,1053
6037910301,4392,3481,911
6037910302,6514,5097,1417
6037910401,6368,4878,1490
6037910404,4370,3181,1189
6037910405,6149,4096,2053
6037910501,6344,4058,2286
6037910502,4481,3046,1435
6037910504,4857,3432,1425
6037910505,3456,2525,931
6037910601,7226,5039,2187
6037910602,4428,3140,1288
6037910605,5134,3626,1508
6037910606,3222,2341,881
6037910607,3946,2876,1070
6037910608,3550,2571,979
6037910706,6553,4637,1916
6037910707,5968,4229,1739
6037910709,1818,1426,392
6037910712,3155,2313,842
6037910713,6055,4280,1775
6037910714,3934,2762,1172
6037910715,7105,5240,1865
6037910716,6636,4904,1732
6037910717,2403,1705,698
6037910718,5861,4209,1652
6037910719,4484,3081,1403
6037910720,5194,3771,1423
6037910721,3330,2471,859
6037910804,3338,2687,651
6037910807,6092,4642,1450
6037910808,3494,2788,706
6037910809,2337,1911,426
6037910810,2685,2095,590
6037910814,3601,2964,637
6037910815,5142,4313,829
6037911001,3958,3285,673
6037911100,7827,5670,2157
6037920013,7801,5829,1972
6037920015,6724,5034,1690
6037920016,4423,3320,1103
6037920017,4241,3336,905
6037920018,2184,1744,440
6037920020,7009,5407,1602
6037920028,8017,5791,2226
6037920029,5931,4662,1269
6037920030,5399,4212,1187
6037920031,4850,4126,724
6037920034,4152,3256,896
6037920035,8172,6155,2017
6037920038,2629,1950,679
6037920039,1808,1435,373
6037920040,5045,3744,1301
6037920041,1473,1103,370
6037920042,7762,5972,1790
6037920043,8832,6398,2434
6037920044,2737,2088,649
6037920045,4438,3466,972
6037920046,2914,2286,628
6037920047,6676,4621,2055
6037920048,6307,4780,1527
6037920049,5777,4239,1538
6037920050,1328,1119,209
6037920102,5115,3904,1211
6037920104,2732,2151,581
6037920106,3096,2387,709
6037920109,5766,4543,1223
6037920110,3098,2370,728
6037920111,3053,2475,578
6037920112,4220,3403,817
6037920114,6331,4876,1455
6037920115,4144,3231,913
6037920116,5057,3986,1071
6037920118,5931,4455,1476
6037920119,1833,1372,461
6037920120,4192,2841,1351
6037920121,10332,6984,3348
6037920200,5584,5582,2
6037920303,1593,1311,282
6037920312,5933,4829,1104
6037920313,5304,4181,1123
6037920314,3142,2460,682
6037920322,2998,2386,612
6037920326,7212,5603,1609
6037920328,1987,1656,331
6037920329,6723,5447,1276
6037920330,4166,3623,543
6037920331,3751,3001,750
6037920332,1950,1578,372
6037920334,6363,5254,1109
6037920338,5642,4216,1426
6037920339,8114,6055,2059
6037920340,3208,2293,915
6037920341,3287,2268,1019
6037920342,3011,2099,912
6037920343,4297,3054,1243
6037930400,1285,1073,212
6037980008,465,420,45
6037980010,144,126,18
6037980011,140,123,17
6037980013,62,56,6
6037980014,150,128,22
6037980015,1267,1014,253
6037980016,222,148,74
6037980017,1192,991,201
6037980019,128,110,18
6037980024,226,186,40
6037980025,518,448,70
6037980031,1748,1729,19
6037980033,89,69,20
6037980034,110,87,23
6037980035,623,490,133
6037980036,616,484,132
6039000102,4081,3312,769
6039000103,4650,3854,796
6039000104,4335,3554,781
6039000106,5064,4044,1020
6039000109,2273,1831,442
6039000110,4527,3592,935
6039000111,2231,1881,350
6039000201,7359,6896,463
6039000203,1552,1077,475
6039000204,5549,3910,1639
6039000301,3534,2495,1039
6039000302,5383,3710,1673
6039000506,6357,4565,1792
6039000509,6290,4814,1476
6039000510,5376,3516,1860
6039000511,6083,3895,2188
6039000512,5349,3813,1536
6039000513,4543,3174,1369
6039000514,6847,4675,2172
6039000515,3932,2825,1107
6039000516,2426,1835,591
6039000517,2019,1599,420
6039000518,3234,2089,1145
6039000602,4736,3128,1608
6039000603,5716,3536,2180
6039000604,5252,3369,1883
6039000701,5379,4025,1354
6039000702,6194,4622,1572
6039000801,2491,1695,796
6039000802,4065,2715,1350
6039000901,3065,1976,1089
6039000902,4541,2914,1627
6039000903,3943,2484,1459
6039001100,7879,5809,2070
6041101100,2682,2281,401
6041101200,2924,2365,559
6041102100,2251,1860,391
6041102202,6003,4694,1309
6041102203,5174,4026,1148
6041103100,7376,5904,1472
6041103200,6720,5428,1292
6041104102,5321,4141,1180
6041104103,3137,2536,601
6041104104,4617,3716,901
6041104200,5733,4669,1064
6041104300,1564,1348,216
6041105001,3650,2782,868
6041105002,3162,2468,694
6041106001,5004,4219,785
6041106002,5666,4759,907
6041107000,6306,4920,1386
6041108100,6692,5262,1430
6041108201,2556,2070,486
6041108202,4343,3490,853
6041109001,4467,3641,826
6041109002,4178,3380,798
6041110100,6176,5140,1036
6041110200,5389,4424,965
6041111001,1209,1091,118
6041111002,4967,4075,892
6041112100,4611,3711,900
6041112202,4445,3352,1093
6041112203,2981,1991,990
6041112204,5043,3461,1582
6041113000,3910,3272,638
6041114100,5245,4305,940
6041114200,3164,2512,652
6041115000,7489,5617,1872
6041116000,3150,2431,719
6041117000,4713,3810,903
6041118100,2338,1667,671
6041119100,4796,3614,1182
6041119201,3644,3166,478
6041119202,3567,2589,978
6041120001,1374,1111,263
6041120002,5177,4122,1055
6041121100,5799,4428,1371
6041121200,6478,5077,1401
6041122000,3669,3622,47
6041123000,2131,1671,460
6041124100,5590,4217,1373
6041124200,5873,4686,1187
6041125000,4211,3368,843
6041126100,5955,4417,1538
6041126200,4495,3600,895
6041127000,4560,3599,961
6041128100,6970,5380,1590
6041128200,4876,3726,1150
6041129000,2641,2050,591
6041130201,3444,3192,252
6041130203,1687,1481,206
6041130204,2813,2531,282
6041131100,1065,865,200
6041132100,2111,1853,258
6041132200,1824,1569,255
6041133000,3215,2699,516
6043000101,3729,3053,676
6043000102,2619,2164,455
6043000200,3206,2733,473
6043000301,3819,3155,664
6043000302,2814,2290,524
6043000400,944,792,152
6045010100,3100,2348,752
6045010200,4267,3543,724
6045010300,4233,3572,661
6045010400,3356,2719,637
6045010500,4333,3410,923
6045010601,3059,2507,552
6045010602,4528,3544,984
6045010700,6386,4909,1477
6045010801,6018,4718,1300
6045010802,1849,1438,411
6045010900,4983,3856,1127
6045011001,2027,1791,236
6045011003,2984,2576,408
6045011004,2443,2131,312
6045011102,4436,3736,700
6045011200,3582,2881,701
6045011300,6010,4527,1483
6045011400,4434,3595,839
6045011501,3390,2552,838
6045011502,3596,2615,981
6045011600,6298,4727,1571
6045011700,4236,3375,861
6045011800,2053,1681,372
6047000201,3325,2429,896
6047000202,1807,1304,503
6047000204,4927,3338,1589
6047000205,4318,3070,1248
6047000301,5003,3590,1413
6047000303,1996,1428,568
6047000305,6279,4552,1727
6047000306,3856,2742,1114
6047000401,1681,1184,497
6047000403,3617,2781,836
6047000404,4239,3122,1117
6047000503,2903,2399,504
6047000504,6475,4340,2135
6047000505,6974,4771,2203
6047000601,5608,4001,1607
6047000602,3806,2702,1104
6047000603,6502,4463,2039
6047000701,3484,2418,1066
6047000702,5125,3804,1321
6047000801,6216,4460,1756
6047000802,4709,3405,1304
6047000901,3512,2566,946
6047000903,4640,3162,1478
6047000904,4945,3511,1434
6047001003,4190,2930,1260
6047001004,3969,3092,877
6047001005,2285,1678,607
6047001006,5496,4303,1193
6047001007,4202,3066,1136
6047001008,7278,5345,1933
6047001101,6089,4585,1504
6047001200,5365,3991,1374
6047001301,3413,2533,880
6047001302,3016,2300,716
6047001401,4150,2948,1202
6047001402,4813,3540,1273
6047001501,2689,1931,758
6047001502,2768,1908,860
6047001503,4844,3078,1766
6047001601,4166,2647,1519
6047001603,3847,2432,1415
6047001604,4436,2910,1526
6047001700,7032,4608,2424
6047001801,5397,4620,777
6047001901,5279,3662,1617
6047001902,2376,1753,623
6047002001,1431,987,444
6047002002,7099,5169,1930
6047002100,4732,3339,1393
6047002201,6720,4699,2021
6047002203,6155,4196,1959
6047002204,5895,4077,1818
6047002301,8401,6052,2349
6047002303,6511,4516,1995
6047002304,2827,1939,888
6047002305,6012,3915,2097
6047002306,3537,2426,1111
6047002401,1623,1233,390
6047002403,3416,2367,1049
6047002404,5132,3567,1565
6047002500,2197,1690,507
6047002601,2489,1618,871
6047002602,3978,3031,947
6049000100,3342,2555,787
6049000200,1511,1204,307
6049000300,2741,2229,512
6049000400,1106,917,189
6051000101,3454,2796,658
6051000102,2542,2064,478
6051000201,2993,2369,624
6051000202,4206,3326,880
6053000101,2328,1673,655
6053000103,4354,3221,1133
6053000104,3779,2831,948
6053000105,3346,2564,782
6053000106,6451,4601,1850
6053000200,7396,5277,2119
6053000300,4744,3464,1280
6053000400,8175,5794,2381
6053000501,4892,3136,1756
6053000502,4281,3085,1196
6053000600,6853,4549,2304
6053000701,6427,4116,2311
6053000702,6194,3948,2246
6053000800,5579,3871,1708
6053000900,5912,4128,1784
6053001200,3295,2639,656
6053001300,2733,1965,768
6053001400,2914,2228,686
6053001500,6412,5055,1357
6053001600,2886,2166,720
6053001700,4180,3016,1164
6053001801,4405,3265,1140
6053001802,5955,4297,1658
6053010101,4410,3001,1409
6053010102,3252,2642,610
6053010202,4375,3381,994
6053010305,4827,3848,979
6053010306,1290,1027,263
6053010400,7515,4984,2531
6053010501,6925,5421,1504
6053010504,5388,3840,1548
6053010505,5649,3955,1694
6053010506,5542,3631,1911
6053010603,8299,6118,2181
6053010604,5954,4313,1641
6053010605,5162,3506,1656
6053010606,7928,5609,2319
6053010607,4380,2831,1549
6053010608,3563,2485,1078
6053010702,3968,3342,626
6053010804,5148,3606,1542
6053010900,5979,5964,15
6053011001,3631,3024,607
6053011002,2558,2133,425
6053011101,730,561,169
6053011103,4632,3136,1496
6053011104,5106,3469,1637
6053011105,7338,4939,2399
6053011106,2094,1482,612
6053011202,7668,4907,2761
6053011203,7798,5115,2683
6053011204,4254,2811,1443
6053011302,5253,3468,1785
6053011303,3716,2760,956
6053011305,4117,2761,1356
6053011306,3442,2279,1163
6053011400,3113,2436,677
6053011502,1474,1253,221
6053011604,2043,1838,205
6053011605,2963,2598,365
6053011606,2599,2225,374
6053011700,3793,3075,718
6053011801,1654,1461,193
6053011802,1566,1430,136
6053011901,2424,1966,458
6053011902,1725,1531,194
6053012000,3637,2855,782
6053012100,2241,1819,422
6053012200,2645,2159,486
6053012302,1854,1538,316
6053012401,1673,1476,197
6053012402,3032,2578,454
6053012503,2497,2231,266
6053012504,2617,2318,299
6053012601,3866,3774,92
6053012700,3480,3072,408
6053012800,5384,4844,540
6053013000,3279,2938,341
6053013100,1817,1032,785
6053013200,4163,3623,540
6053013300,5921,4974,947
6053013400,1580,1365,215
6053013500,4557,3659,898
6053013600,4260,3243,1017
6053013700,4890,3465,1425
6053013800,5368,4219,1149
6053013900,2584,2113,471
6053014000,2572,2034,538
6053014102,3984,2867,1117
6053014104,2523,1229,1294
6053014105,3380,2653,727
6053014108,4981,3645,1336
6053014109,3806,2717,1089
6053014110,7000,5417,1583
6053014201,5152,4091,1061
6053014202,4003,3180,823
6053014301,3654,2954,700
6053014302,4251,3397,854
6053014500,4963,3700,1263
6053014601,5400,3930,1470
6053014700,6991,5316,1675
6053014800,6284,4293,1991
6055200201,3259,2570,689
6055200202,2479,2100,379
6055200203,2312,1803,509
6055200301,5602,4334,1268
6055200302,2721,2117,604
6055200400,3579,2981,598
6055200501,5159,3944,1215
6055200503,2645,2323,322
6055200504,6577,5154,1423
6055200505,2617,2001,616
6055200601,4892,3861,1031
6055200602,4594,3738,856
6055200703,3078,2525,553
6055200704,4493,3567,926
6055200705,2845,2183,662
6055200706,3238,2610,628
6055200707,3302,2710,592
6055200802,5887,4705,1182
6055200803,2149,1720,429
6055200804,5535,3994,1541
6055201003,5447,4056,1391
6055201004,6836,5188,1648
6055201005,2602,1974,628
6055201006,3422,2635,787
6055201007,4226,3299,927
6055201101,2077,1668,409
6055201102,1811,1535,276
6055201200,4700,3975,725
6055201300,3436,3249,187
6055201401,2709,2323,386
6055201402,2762,2346,416
6055201403,697,629,68
6055201500,1703,1445,258
6055201601,2261,1768,493
6055201602,3169,2621,548
6055201700,4984,4216,768
6055201800,1781,1440,341
6055201900,1138,999,139
6055202000,5228,4121,1107
6057000102,6977,5625,1352
6057000104,3405,2905,500
6057000105,2807,2327,480
6057000106,1933,1604,329
6057000107,6010,4990,1020
6057000200,2672,2240,432
6057000300,2496,2057,439
6057000401,5932,5023,909
6057000403,1894,1550,344
6057000404,5090,4290,800
6057000502,4718,3893,825
6057000503,1225,956,269
6057000504,5148,4327,821
6057000601,1907,1495,412
6057000602,5130,4241,889
6057000701,7581,6468,1113
6057000702,4079,3413,666
6057000801,5289,4507,782
6057000802,6700,5753,947
6057000900,4274,3590,684
6057001205,4882,3627,1255
6057001207,5518,4083,1435
6057001208,1780,1449,331
6057001209,1877,1551,326
6057001210,1595,1349,246
6057001211,1322,1018,304
6059001101,4611,3508,1103
6059001102,3314,2560,754
6059001103,4754,3680,1074
6059001201,5200,3799,1401
6059001202,3766,2825,941
6059001301,7755,6238,1517
6059001303,5626,4360,1266
6059001304,3702,2864,838
6059001401,5493,4235,1258
6059001402,5261,3944,1317
6059001403,3290,2683,607
6059001404,3770,2840,930
6059001501,6659,5456,1203
6059001503,5302,4097,1205
6059001504,4803,3854,949
6059001505,7115,5603,1512
6059001506,4544,3633,911
6059001507,5399,4319,1080
6059001602,5034,4026,1008
6059001603,3960,3245,715
6059001604,4284,3321,963
6059001704,8120,6134,1986
6059001705,4315,3386,929
6059001706,4171,3439,732
6059001708,3736,3128,608
6059001709,2563,2183,380
6059001710,4728,3822,906
6059001801,5275,3932,1343
6059001802,7488,5580,1908
6059001901,2714,2187,527
6059001902,2750,2185,565
6059001903,3539,2694,845
6059011000,6754,5443,1311
6059011101,4283,3293,990
6059011102,4445,3508,937
6059011200,4275,3447,828
6059011300,5510,4617,893
6059011401,2118,1652,466
6059011402,2473,1977,496
6059011403,5822,4538,1284
6059011502,4206,3312,894
6059011503,1851,1489,362
6059011504,7850,7147,703
6059011601,7497,5516,1981
6059011602,6248,4969,1279
6059011707,6240,5039,1201
6059011708,4975,4063,912
6059011709,4401,3514,887
6059011710,3649,2923,726
6059011711,7481,5930,1551
6059011712,4923,3973,950
6059011714,1016,820,196
6059011715,6719,5350,1369
6059011716,5401,4193,1208
6059011717,2849,2222,627
6059011718,3291,2577,714
6059011720,6727,4502,2225
6059011721,5091,3822,1269
6059011722,2350,2105,245
6059021802,7826,6137,1689
6059021807,4268,3296,972
6059021809,3304,2632,672
6059021810,3598,2867,731
6059021812,6433,4995,1438
6059021813,107,72,35
6059021814,7662,6040,1622
6059021816,4895,3859,1036
6059021817,3506,2747,759
6059021820,4128,3310,818
6059021821,7347,5604,1743
6059021822,9750,7340,2410
6059021823,4054,3017,1037
6059021824,2581,2028,553
6059021825,3119,2479,640
6059021826,2766,2144,622
6059021827,3192,2570,622
6059021828,4123,3307,816
6059021829,5242,4246,996
6059021830,5714,4595,1119
6059021831,6497,5170,1327
6059021832,6735,4922,1813
6059021903,4430,3499,931
6059021905,5689,4453,1236
6059021912,4430,3544,886
6059021913,7702,5887,1815
6059021914,4213,3350,863
6059021915,3967,3255,712
6059021916,3665,3099,566
6059021917,3354,2751,603
6059021918,5035,4196,839
6059021919,2841,2348,493
6059021920,7179,5639,1540
6059021921,4338,3507,831
6059021922,4953,4149,804
6059021923,6697,5235,1462
6059021924,4622,3589,1033
6059032002,6071,4855,1216
6059032003,4756,3818,938
6059032011,1613,1405,208
6059032012,3591,2924,667
6059032013,5065,4264,801
6059032014,6039,4921,1118
6059032015,6730,5481,1249
6059032020,5540,4394,1146
6059032022,6808,5311,1497
6059032027,6264,4746,1518
6059032028,3610,2897,713
6059032029,4486,3492,994
6059032030,3778,3009,769
6059032031,3580,2790,790
6059032032,2972,2421,551
6059032033,3629,2925,704
6059032034,5595,4467,1128
6059032035,2307,2028,279
6059032036,3495,2856,639
6059032037,4939,4551,388
6059032038,6439,5147,1292
6059032039,6519,5141,1378
6059032040,2611,2080,531
6059032041,972,799,173
6059032042,5490,4275,1215
6059032043,3775,3015,760
6059032044,5588,4548,1040
6059032045,3173,2332,841
6059032046,5949,4560,1389
6059032047,4545,3711,834
6059032048,5505,4549,956
6059032049,9627,7341,2286
6059032050,4950,3793,1157
6059032051,4627,3692,935
6059032053,8242,6359,1883
6059032054,5703,4337,1366
6059032055,3864,2943,921
6059032057,7641,5119,2522
6059032058,7758,4848,2910
6059032059,10060,6421,3639
6059032061,5354,4331,1023
6059032062,4806,2909,1897
6059032063,7128,5205,1923
6059032064,2799,2225,574
6059032065,6160,4466,1694
6059032066,8194,6176,2018
6059042106,2156,1863,293
6059042107,4001,3034,967
6059042108,5434,4605,829
6059042109,4871,4030,841
6059042111,5839,4773,1066
6059042112,6796,5095,1701
6059042113,4351,3739,612
6059042114,3836,3146,690
6059042115,1470,1163,307
6059042116,5973,4875,1098
6059042201,5617,4684,933
6059042203,8429,6990,1439
6059042205,6571,5324,1247
6059042206,3296,2828,468
6059042305,3397,2951,446
6059042307,7263,5649,1614
6059042311,5965,4925,1040
6059042312,8497,6192,2305
6059042313,6286,5361,925
6059042315,6118,5084,1034
6059042317,3304,2836,468
6059042319,3195,2582,613
6059042320,5879,4796,1083
6059042323,4607,4090,517
6059042324,4336,3940,396
6059042325,3351,2895,456
6059042326,4520,3674,846
6059042327,4774,3890,884
6059042328,2443,1920,523
6059042329,4048,3357,691
6059042330,6254,4748,1506
6059042331,5377,4276,1101
6059042332,5197,4380,817
6059042333,4970,4121,849
6059042334,5118,4140,978
6059042335,6462,5077,1385
6059042336,4382,3476,906
6059042337,3429,2816,613
6059042338,4474,3677,797
6059042339,3364,2826,538
6059042340,2268,1691,577
6059042341,6220,5008,1212
6059052408,6111,4986,1125
6059052410,5391,4575,816
6059052411,5012,3912,1100
6059052415,3933,3111,822
6059052416,3940,3057,883
6059052417,6727,5434,1293
6059052419,3413,2547,866
6059052421,9631,7187,2444
6059052422,11557,8683,2874
6059052423,6511,5059,1452
6059052424,4761,3781,980
6059052425,5915,4726,1189
6059052427,5069,3909,1160
6059052428,7200,5572,1628
6059052429,9524,6649,2875
6059052430,15755,11549,4206
6059052431,4826,3403,1423
6059052432,8996,6676,2320
6059052433,15465,11369,4096
6059052434,7094,5357,1737
6059052435,6906,4962,1944
6059052436,6080,4543,1537
6059052437,7679,5326,2353
6059052438,6784,4765,2019
6059052439,9926,6959,2967
6059052502,6132,4935,1197
6059052505,4973,4118,855
6059052506,2456,2015,441
6059052511,6066,4701,1365
6059052513,5801,4602,1199
6059052514,5288,4153,1135
6059052518,7470,6511,959
6059052519,4217,3295,922
6059052520,3539,2741,798
6059052521,5216,4160,1056
6059052522,4236,3275,961
6059052523,4088,3324,764
6059052524,8020,6149,1871
6059052526,4182,3433,749
6059052527,8244,6529,1715
6059052528,3453,2643,810
6059052529,3370,2549,821
6059052530,5630,4157,1473
6059052531,4217,3084,1133
6059052532,6488,5053,1435
6059052533,7268,5759,1509
6059052534,2299,1872,427
6059052535,5603,4243,1360
6059062605,3043,2709,334
6059062610,11867,11039,828
6059062611,4012,3324,688
6059062614,25232,23790,1442
6059062619,3856,3210,646
6059062620,5031,4298,733
6059062622,4437,4319,118
6059062625,4492,3852,640
6059062626,2827,2488,339
6059062627,3184,2817,367
6059062628,3495,2816,679
6059062629,2709,2065,644
6059062630,1667,1395,272
6059062631,3198,2613,585
6059062632,4208,3522,686
6059062633,6623,4831,1792
6059062634,5441,4275,1166
6059062635,4102,3296,806
6059062636,3758,2940,818
6059062637,5875,4862,1013
6059062638,6531,4854,1677
6059062639,7917,6047,1870
6059062640,3655,3025,630
6059062641,5399,4265,1134
6059062642,2849,2411,438
6059062643,7333,5835,1498
6059062645,6033,4853,1180
6059062646,3718,3704,14
6059062647,4863,4456,407
6059062648,3181,3163,18
6059062649,3562,3325,237
6059062650,4776,3949,827
6059062651,2879,2353,526
6059062652,4875,4071,804
6059062653,6694,5338,1356
6059062654,6785,5083,1702
6059062655,5156,3836,1320
6059062656,3449,2987,462
6059062657,2618,2158,460
6059062658,5410,3999,1411
6059062701,2667,2335,332
6059062702,4515,3965,550
6059062800,3806,3383,423
6059062900,1716,1535,181
6059063004,6202,5294,908
6059063005,1447,1336,111
6059063006,2490,2249,241
6059063007,6699,5573,1126
6059063008,2408,2225,183
6059063009,1767,1395,372
6059063010,6698,5354,1344
6059063101,2935,2354,581
6059063102,6932,5516,1416
6059063103,2763,2191,572
6059063201,4006,3232,774
6059063202,3693,2942,751
6059063301,3001,2571,430
6059063302,4176,3346,830
6059063400,4776,3869,907
6059063500,4938,4466,472
6059063601,3794,3132,662
6059063603,6450,5575,875
6059063604,4061,3296,765
6059063605,5630,4206,1424
6059063701,5886,4410,1476
6059063702,6131,5015,1116
6059063802,2934,2358,576
6059063803,4353,3580,773
6059063805,2458,1928,530
6059063806,3943,3079,864
6059063807,4950,4216,734
6059063808,5688,4308,1380
6059063902,6881,5705,1176
6059063903,4159,3290,869
6059063904,4661,3575,1086
6059063905,4349,3565,784
6059063906,5947,4832,1115
6059063908,5732,4907,825
6059063909,3155,2867,288
6059063910,4356,3630,726
6059074003,3760,3085,675
6059074004,7395,5878,1517
6059074005,6733,5181,1552
6059074006,5379,4283,1096
6059074102,6278,4848,1430
6059074103,4570,3442,1128
6059074106,6330,4911,1419
6059074107,5856,4875,981
6059074108,4640,3540,1100
6059074109,3392,2546,846
6059074110,3438,2904,534
6059074111,5277,4197,1080
6059074200,8608,6403,2205
6059074300,3972,2983,989
6059074403,5389,3558,1831
6059074405,6091,4181,1910
6059074406,3789,2628,1161
6059074407,6024,4127,1897
6059074408,5453,3917,1536
6059074501,5790,3903,1887
6059074502,5210,3852,1358
6059074601,7471,5526,1945
6059074602,8002,5810,2192
6059074701,7611,5604,2007
6059074702,5775,4180,1595
6059074801,5313,3939,1374
6059074802,6348,4493,1855
6059074803,8526,6548,1978
6059074805,4783,3162,1621
6059074806,4765,3368,1397
6059074901,8576,6034,2542
6059074902,5850,3977,1873
6059075002,8236,6163,2073
6059075003,6493,4278,2215
6059075004,4765,3200,1565
6059075100,9883,8019,1864
6059075201,5594,4219,1375
6059075202,5427,3968,1459
6059075301,5512,4209,1303
6059075302,4568,3433,1135
6059075303,3357,2756,601
6059075401,3859,3088,771
6059075403,7707,6230,1477
6059075404,6362,5047,1315
6059075405,3204,2523,681
6059075504,4103,3311,792
6059075505,3763,3100,663
6059075506,3541,2816,725
6059075507,5476,4284,1192
6059075512,3719,2838,881
6059075513,5071,3896,1175
6059075514,3553,2683,870
6059075516,9045,8088,957
6059075517,6809,4970,1839
6059075518,9171,6807,2364
6059075603,3880,3018,862
6059075604,7568,6217,1351
6059075605,5748,4647,1101
6059075606,6629,5197,1432
6059075607,6484,5282,1202
6059075701,7228,5473,1755
6059075702,3363,2713,650
6059075703,4135,3219,916
6059075805,4354,3290,1064
6059075806,6393,4921,1472
6059075807,4274,3424,850
6059075808,3456,2764,692
6059075809,3109,2547,562
6059075810,3045,2505,540
6059075811,3479,2439,1040
6059075812,6200,4605,1595
6059075813,5269,4220,1049
6059075814,3055,2531,524
6059075815,5261,4057,1204
6059075816,3626,2805,821
6059075901,4356,3748,608
6059075902,6617,5438,1179
6059076001,7901,6312,1589
6059076002,1994,1801,193
6059076102,8150,6999,1151
6059076103,9182,6940,2242
6059076104,6189,5419,770
6059076105,4697,3690,1007
6059076201,7167,5690,1477
6059076202,5959,4559,1400
6059076204,5009,3578,1431
6059076205,7297,6324,973
6059076206,4606,3660,946
6059076208,5368,4249,1119
6059086301,7486,5864,1622
6059086303,11758,10113,1645
6059086304,5009,4056,953
6059086305,4015,3361,654
6059086306,3975,3046,929
6059086402,5503,4222,1281
6059086404,6119,4744,1375
6059086405,6986,4982,2004
6059086406,4498,3390,1108
6059086407,6758,5102,1656
6059086501,4368,3330,1038
6059086502,6053,4304,1749
6059086601,8735,6451,2284
6059086602,5967,4577,1390
6059086701,8776,6900,1876
6059086702,7200,5289,1911
6059086801,3593,2815,778
6059086802,5640,4340,1300
6059086803,8254,6502,1752
6059086901,8764,6707,2057
6059086902,5705,4680,1025
6059086903,6776,5122,1654
6059087001,5633,4339,1294
6059087002,7457,5733,1724
6059087101,4706,3870,836
6059087102,6613,4683,1930
6059087103,8582,6692,1890
6059087105,4729,3808,921
6059087106,4793,3723,1070
6059087200,7538,6028,1510
6059087301,4526,3293,1233
6059087302,6021,4658,1363
6059087401,5110,4072,1038
6059087403,3144,2200,944
6059087404,3764,2623,1141
6059087405,5509,3916,1593
6059087503,6031,4528,1503
6059087504,7109,5064,2045
6059087505,4742,3404,1338
6059087601,4839,3679,1160
6059087602,7807,6051,1756
6059087701,5518,4414,1104
6059087703,6462,5042,1420
6059087704,4780,3849,931
6059087801,5280,4147,1133
6059087802,7431,5778,1653
6059087803,5599,4032,1567
6059087805,7065,5313,1752
6059087806,5552,4218,1334
6059087901,3540,2909,631
6059087902,5599,4334,1265
6059088001,4928,3960,968
6059088002,3990,3233,757
6059088101,2252,1705,547
6059088104,4924,3918,1006
6059088105,4194,3415,779
6059088106,4951,3948,1003
6059088107,6103,4901,1202
6059088201,4090,3152,938
6059088202,3184,2641,543
6059088203,5013,3880,1133
6059088301,6561,5179,1382
6059088302,6222,5028,1194
6059088401,5190,4174,1016
6059088402,4679,3723,956
6059088403,6676,5270,1406
6059088501,7282,5474,1808
6059088502,5252,4272,980
6059088601,6752,5411,1341
6059088602,4535,3620,915
6059088701,6307,5051,1256
6059088702,6022,4682,1340
6059088801,8252,6560,1692
6059088802,5500,4279,1221
6059088901,6450,5283,1167
6059088902,5132,4208,924
6059088903,8479,6849,1630
6059088904,5687,4712,975
6059088905,5115,4261,854
6059089001,6727,5450,1277
6059089003,3822,2881,941
6059089004,7230,5698,1532
6059089102,7012,5478,1534
6059089104,5243,3800,1443
6059089105,6179,4303,1876
6059089106,3972,3058,914
6059089107,5672,4484,1188
6059099202,8308,6603,1705
6059099203,5832,4765,1067
6059099204,4429,3712,717
6059099212,5023,4010,1013
6059099214,3716,3031,685
6059099215,5381,4173,1208
6059099216,4272,3393,879
6059099217,2465,1990,475
6059099220,5709,4843,866
6059099222,5102,4256,846
6059099223,5430,4312,1118
6059099224,3596,2974,622
6059099225,3500,2898,602
6059099226,3862,3286,576
6059099227,6512,5273,1239
6059099229,6745,5565,1180
6059099230,4511,3562,949
6059099231,5536,4407,1129
6059099232,5602,4547,1055
6059099233,3390,2739,651
6059099234,3580,2964,616
6059099235,5314,4427,887
6059099237,3565,2853,712
6059099238,3982,3182,800
6059099239,3792,3072,720
6059099240,5339,4385,954
6059099241,4835,4084,751
6059099242,3570,2953,617
6059099243,4298,3548,750
6059099244,3829,3305,524
6059099245,2954,2457,497
6059099246,3507,2849,658
6059099247,3142,2513,629
6059099248,5148,3846,1302
6059099249,3939,2761,1178
6059099250,2918,2396,522
6059099251,5771,4499,1272
6059099305,7419,6071,1348
6059099306,6060,5113,947
6059099307,2741,2370,371
6059099308,5667,4615,1052
6059099309,4981,4247,734
6059099310,4286,3716,570
6059099311,3496,3050,446
6059099402,7663,5544,2119
6059099404,4449,3659,790
6059099405,4555,3623,932
6059099406,4550,3681,869
6059099407,2378,1991,387
6059099408,4354,3544,810
6059099410,5104,4168,936
6059099411,5569,4409,1160
6059099412,4689,3829,860
6059099415,5168,4236,932
6059099416,4883,4082,801
6059099417,4952,4071,881
6059099418,4681,3882,799
6059099419,3960,3178,782
6059099502,647,438,209
6059099504,2696,2139,557
6059099506,1167,1074,93
6059099508,4840,4114,726
6059099509,3832,3803,29
6059099510,4359,4341,18
6059099511,3222,2873,349
6059099512,3091,2695,396
6059099513,2006,1839,167
6059099514,5362,4648,714
6059099601,6654,5289,1365
6059099602,3530,2752,778
6059099603,6433,5202,1231
6059099604,3597,2833,764
6059099605,5091,4241,850
6059099701,6270,5043,1227
6059099702,8240,6689,1551
6059099703,5884,4964,920
6059099801,6122,4886,1236
6059099802,5225,4241,984
6059099803,5911,4767,1144
6059099902,4592,3664,928
6059099903,5600,4404,1196
6059099904,6105,4770,1335
6059099905,3801,2954,847
6059099906,4941,3972,969
6059110001,4509,3538,971
6059110003,3175,2510,665
6059110004,4852,3828,1024
6059110005,3182,2543,639
6059110006,3092,2349,743
6059110007,4724,3671,1053
6059110008,4571,3456,1115
6059110010,4486,3589,897
6059110011,3020,2406,614
6059110012,5167,4031,1136
6059110014,5242,3844,1398
6059110015,3546,2801,745
6059110102,5791,4658,1133
6059110104,6077,4826,1251
6059110106,3779,2812,967
6059110108,2784,2179,605
6059110109,5143,4036,1107
6059110110,6037,4719,1318
6059110111,6410,4927,1483
6059110113,2745,2374,371
6059110114,4779,3803,976
6059110115,3555,2925,630
6059110116,4760,3850,910
6059110117,6392,4890,1502
6059110118,2470,2033,437
6059110201,8372,6680,1692
6059110202,7874,6079,1795
6059110203,5620,4387,1233
6059110301,6966,5565,1401
6059110302,6153,4833,1320
6059110303,5185,4149,1036
6059110304,4661,3767,894
6059110401,5704,4475,1229
6059110402,5342,4026,1316
6059110500,8557,6409,2148
6059110603,8556,6496,2060
6059110604,8278,6932,1346
6059110605,6704,5273,1431
6059110606,4991,3747,1244
6059110607,4537,3584,953
6061020104,1327,1105,222
6061020105,1319,1105,214
6061020106,1643,1302,341
6061020107,3315,2509,806
6061020200,6429,5278,1151
6061020300,4639,3881,758
6061020401,2242,1843,399
6061020402,3511,2905,606
6061020501,2973,2402,571
6061020502,4317,3559,758
6061020601,7257,5786,1471
6061020604,5927,4563,1364
6061020605,5885,4566,1319
6061020606,4296,3323,973
6061020607,5099,3780,1319
6061020608,3811,2969,842
6061020710,4408,3479,929
6061020711,4558,3601,957
6061020712,3855,3114,741
6061020713,3323,2760,563
6061020714,3848,3112,736
6061020715,3074,2396,678
6061020717,4888,3717,1171
6061020805,4202,3332,870
6061020806,3576,2904,672
6061020901,2777,2059,718
6061020908,7512,5769,1743
6061021003,6784,5403,1381
6061021034,4331,3194,1137
6061021037,2209,1806,403
6061021038,7627,5593,2034
6061021039,1703,1686,17
6061021040,3123,3093,30
6061021043,3760,2933,827
6061021044,5765,4260,1505
6061021045,3533,2696,837
6061021046,5056,4049,1007
6061021047,4463,3254,1209
6061021048,3439,2606,833
6061021103,4904,3711,1193
6061021106,2401,1849,552
6061021108,3410,2702,708
6061021109,5594,4341,1253
6061021122,3455,2712,743
6061021123,7558,5870,1688
6061021128,3244,2502,742
6061021129,3453,2659,794
6061021130,2272,1789,483
6061021131,5722,4447,1275
6061021203,7431,5598,1833
6061021204,2748,2125,623
6061021304,6258,4900,1358
6061021323,11223,7378,3845
6061021324,6321,4565,1756
6061021325,9279,6548,2731
6061021326,4394,2826,1568
6061021327,5643,4173,1470
6061021328,8556,5935,2621
6061021401,3056,2258,798
6061021403,7164,5138,2026
6061021501,5911,4852,1059
6061021502,3806,3075,731
6061021603,4927,3889,1038
6061021604,3421,2856,565
6061021801,4663,3906,757
6061021802,6052,4997,1055
6061021901,3315,2752,563
6061021902,4462,3631,831
6061022002,6569,5316,1253
6061022011,2292,1825,467
6061022013,2833,2350,483
6061022014,1529,1283,246
6061022100,901,758,143
6061022200,902,772,130
6061022300,646,556,90
6061022400,4893,3819,1074
6061022500,4689,3608,1081
6061022600,4982,3794,1188
6061022800,4986,3683,1303
6061022900,5765,4095,1670
6061023000,3914,2873,1041
6061023100,8697,6423,2274
6061023200,6078,4111,1967
6061023300,6333,4346,1987
6061023400,5721,4087,1634
6061023501,1245,1011,234
6061023502,5315,3638,1677
6061023600,4361,4335,26
6061023700,3301,3283,18
6061023800,3211,3138,73
6061023900,3129,2337,792
6063000100,5271,4231,1040
6063000201,1830,1685,145
6063000202,1248,1066,182
6063000300,4897,3860,1037
6063000400,2564,2114,450
6063000501,2200,1806,394
6063000502,1780,1578,202
6065030101,1243,906,337
6065030103,2091,1545,546
6065030104,7253,5350,1903
6065030200,4944,4011,933
6065030300,4440,3697,743
6065030400,6978,4942,2036
6065030501,4888,3643,1245
6065030502,2120,1535,585
6065030503,3747,2525,1222
6065030602,3334,2739,595
6065030603,3181,2527,654
6065030604,2848,2317,531
6065030605,2630,2174,456
6065030700,5842,4589,1253
6065030800,7501,5787,1714
6065030900,3256,2444,812
6065031001,5893,4694,1199
6065031002,4655,3385,1270
6065031100,5047,3920,1127
6065031200,7018,5288,1730
6065031300,2698,1995,703
6065031401,6985,5185,1800
6065031402,6980,5309,1671
6065031501,5954,4829,1125
6065031503,4339,3412,927
6065031504,4280,3153,1127
6065031601,4467,3268,1199
6065031602,5377,3938,1439
6065031701,2966,2183,783
6065031702,2341,1875,466
6065031703,3711,2860,851
6065031704,5540,4275,1265
6065040101,4304,3141,1163
6065040102,5788,4305,1483
6065040201,6421,4700,1721
6065040202,3129,2314,815
6065040203,3788,2532,1256
6065040204,3742,2570,1172
6065040302,7522,5783,1739
6065040303,4072,2994,1078
6065040304,4099,2988,1111
6065040305,3498,2561,937
6065040402,4243,3156,1087
6065040403,5646,4213,1433
6065040404,3313,2460,853
6065040405,5386,4118,1268
6065040501,7196,5283,1913
6065040502,5995,4348,1647
6065040503,3874,3372,502
6065040603,2346,1776,570
6065040604,5670,4333,1337
6065040605,3410,2431,979
6065040606,3337,2435,902
6065040609,16631,11413,5218
6065040611,8431,6015,2416
6065040616,11213,8001,3212
6065040617,7275,5187,2088
6065040618,10472,7471,3001
6065040619,5933,4180,1753
6065040620,7702,5614,2088
6065040621,4230,3060,1170
6065040622,6140,4502,1638
6065040701,2167,1688,479
6065040702,2685,2129,556
6065040703,2800,2265,535
6065040806,2826,2241,585
6065040807,3429,2649,780
6065040808,6939,5170,1769
6065040809,3508,2614,894
6065040812,3419,2660,759
6065040813,6155,4768,1387
6065040814,4941,3654,1287
6065040815,3651,2923,728
6065040816,2408,1981,427
6065040821,5825,4446,1379
6065040901,7668,5860,1808
6065040902,5290,4243,1047
6065040903,2739,2071,668
6065040904,3970,2964,1006
6065041001,2725,1984,741
6065041002,3283,2418,865
6065041003,2627,2014,613
6065041004,4475,3344,1131
6065041101,5411,3526,1885
6065041102,4524,3268,1256
6065041201,4532,3436,1096
6065041202,4454,3271,1183
6065041203,3442,2537,905
6065041301,3585,2608,977
6065041302,4317,3123,1194
6065041403,4566,3576,990
6065041404,3799,2897,902
6065041405,4782,3548,1234
6065041406,5957,4557,1400
6065041407,5936,4480,1456
6065041408,4566,3408,1158
6065041410,3059,2118,941
6065041411,3095,2348,747
6065041412,4599,3635,964
6065041413,7148,5361,1787
6065041414,4217,3332,885
6065041415,4530,3456,1074
6065041500,3835,2918,917
6065041601,2899,2073,826
6065041602,3245,2182,1063
6065041702,4643,3528,1115
6065041703,5760,3916,1844
6065041704,3746,2573,1173
6065041803,5998,4436,1562
6065041804,4332,3342,990
6065041805,5832,4527,1305
6065041806,4112,3149,963
6065041807,2305,1798,507
6065041808,6771,5201,1570
6065041809,5852,4582,1270
6065041810,5895,4544,1351
6065041812,3488,2667,821
6065041813,6599,5048,1551
6065041904,4950,3829,1121
6065041905,3005,2122,883
6065041906,6360,4824,1536
6065041909,5388,4166,1222
6065041910,7655,5982,1673
6065041912,6158,4904,1254
6065041913,5564,4507,1057
6065041914,5972,4077,1895
6065041915,7451,5730,1721
6065042003,6027,4632,1395
6065042004,3344,2667,677
6065042005,5452,4142,1310
6065042007,5559,4498,1061
6065042008,8742,6760,1982
6065042009,7514,5549,1965
6065042010,6434,4627,1807
6065042012,6332,4637,1695
6065042015,5521,4168,1353
6065042016,2621,1940,681
6065042017,3978,2870,1108
6065042018,6017,4396,1621
6065042206,6400,5308,1092
6065042207,3097,2584,513
6065042208,2562,2069,493
6065042209,4627,3394,1233
6065042210,4995,4162,833
6065042212,7124,5439,1685
6065042213,5520,4984,536
6065042214,6843,5293,1550
6065042217,5488,4481,1007
6065042300,10335,7599,2736
6065042401,2075,1678,397
6065042402,5127,3853,1274
6065042403,4541,3437,1104
6065042404,2515,1780,735
6065042405,5668,3920,1748
6065042406,4267,3174,1093
6065042407,3313,2460,853
6065042408,3370,2525,845
6065042409,3385,2532,853
6065042410,5852,4348,1504
6065042411,2683,2080,603
6065042412,5566,4476,1090
6065042505,3949,2688,1261
6065042507,5714,4186,1528
6065042508,4968,3478,1490
6065042509,3460,2491,969
6065042510,5133,3695,1438
6065042511,4430,3007,1423
6065042512,3260,2295,965
6065042513,3387,2619,768
6065042514,3311,2400,911
6065042515,3794,2484,1310
6065042516,3740,2622,1118
6065042517,3361,2443,918
6065042518,3816,2687,1129
6065042519,1887,1297,590
6065042520,4866,3521,1345
6065042521,5127,3697,1430
6065042522,4703,3375,1328
6065042523,5160,3789,1371
6065042621,8004,5882,2122
6065042622,5482,4022,1460
6065042623,3962,3024,938
6065042624,4571,3377,1194
6065042625,6046,4229,1817
6065042626,9775,6627,3148
6065042627,5637,3957,1680
6065042628,5759,3993,1766
6065042629,5176,3506,1670
6065042630,6727,4582,2145
6065042631,5190,3709,1481
6065042632,3245,2231,1014
6065042708,5364,3894,1470
6065042709,5288,4422,866
6065042711,5114,4960,154
6065042714,3376,2746,630
6065042716,5222,4117,1105
6065042717,5463,3905,1558
6065042719,5438,4016,1422
6065042720,4936,3622,1314
6065042723,7675,5658,2017
6065042724,4581,3313,1268
6065042726,10185,7230,2955
6065042728,2370,1785,585
6065042730,6028,4411,1617
6065042731,7691,5650,2041
6065042732,6259,4593,1666
6065042733,14643,10172,4471
6065042737,3471,2459,1012
6065042738,8924,6334,2590
6065042739,9259,6699,2560
6065042740,2384,2331,53
6065042741,2479,2421,58
6065042742,6035,4396,1639
6065042743,4180,3017,1163
6065042744,3597,2708,889
6065042745,6212,5079,1133
6065042746,4435,3014,1421
6065042747,4310,2933,1377
6065042748,6271,4633,1638
6065042749,5614,3962,1652
6065042750,4325,3218,1107
6065042751,5369,4243,1126
6065042752,5409,4555,854
6065042801,4345,2908,1437
6065042802,6222,4078,2144
6065042902,4993,3681,1312
6065042903,5673,4088,1585
6065042905,3670,2630,1040
6065042906,6396,4501,1895
6065042907,3461,2482,979
6065042908,4371,3058,1313
6065043001,9758,7140,2618
6065043003,6647,4565,2082
6065043005,5744,4205,1539
6065043006,5079,3602,1477
6065043007,6918,5056,1862
6065043008,6146,4587,1559
6065043009,6064,4402,1662
6065043010,6039,4485,1554
6065043201,4040,2952,1088
6065043202,5630,3940,1690
6065043203,3482,2497,985
6065043204,7450,4980,2470
6065043205,4667,3295,1372
6065043206,7819,5877,1942
6065043207,4504,3288,1216
6065043208,5039,3595,1444
6065043209,4105,3220,885
6065043210,4898,4044,854
6065043211,5517,4124,1393
6065043216,7142,5391,1751
6065043217,3277,2506,771
6065043218,5680,4420,1260
6065043220,4742,3543,1199
6065043222,4775,3740,1035
6065043227,8221,5974,2247
6065043228,4503,3339,1164
6065043229,5186,4458,728
6065043235,11292,7948,3344
6065043246,5451,4036,1415
6065043248,4284,3269,1015
6065043252,9821,6818,3003
6065043254,5069,3834,1235
6065043256,3585,2566,1019
6065043262,5061,3922,1139
6065043264,7314,5382,1932
6065043265,7944,5658,2286
6065043266,4823,3552,1271
6065043267,6676,5302,1374
6065043270,6018,4623,1395
6065043271,4543,3459,1084
6065043272,5311,4323,988
6065043274,2229,1615,614
6065043276,4092,3088,1004
6065043278,6510,4830,1680
6065043279,5302,4110,1192
6065043292,3656,2930,726
6065043293,3086,2521,565
6065043294,4338,3085,1253
6065043295,4889,3409,1480
6065043296,3303,2304,999
6065043297,8903,6019,2884
6065043298,4864,3818,1046
6065043304,7744,6099,1645
6065043306,5172,3799,1373
6065043307,6770,5239,1531
6065043308,3230,2200,1030
6065043309,3329,2339,990
6065043310,3634,2544,1090
6065043311,2483,1777,706
6065043312,4391,3096,1295
6065043313,3802,2659,1143
6065043314,4126,2948,1178
6065043315,2350,1736,614
6065043316,4014,3453,561
6065043318,4406,3451,955
6065043319,4968,3466,1502
6065043401,6548,4735,1813
6065043403,3081,2198,883
6065043404,2855,2505,350
6065043405,5108,3840,1268
6065043503,4898,3955,943
6065043505,3244,2925,319
6065043506,7253,5488,1765
6065043509,6058,4447,1611
6065043512,7733,5411,2322
6065043513,2943,2193,750
6065043517,8501,5826,2675
6065043518,4781,3383,1398
6065043519,986,964,22
6065043520,2443,1866,577
6065043521,5087,3541,1546
6065043522,3215,2246,969
6065043523,3895,2838,1057
6065043524,4357,3245,1112
6065043601,5022,3436,1586
6065043602,4412,3003,1409
6065043701,3776,3029,747
6065043702,4719,3588,1131
6065043703,2996,2235,761
6065043802,6950,5279,1671
6065043807,6122,4477,1645
6065043809,6853,5314,1539
6065043810,5298,4268,1030
6065043812,6969,6867,102
6065043813,4764,3503,1261
6065043818,4257,3036,1221
6065043820,5520,4174,1346
6065043821,5622,3862,1760
6065043822,3451,2449,1002
6065043823,11441,7965,3476
6065043824,5063,4361,702
6065043900,6430,4663,1767
6065044000,2026,1427,599
6065044101,3030,2183,847
6065044102,2825,2082,743
6065044103,6106,4900,1206
6065044104,2755,2101,654
6065044200,5969,4172,1797
6065044300,5085,4129,956
6065044403,4219,3487,732
6065044404,2071,1757,314
6065044405,2368,2022,346
6065044406,2927,2413,514
6065044407,3586,3016,570
6065044505,6864,5355,1509
6065044507,7840,5541,2299
6065044509,4580,3260,1320
6065044510,7010,4831,2179
6065044515,4001,2913,1088
6065044516,7480,5302,2178
6065044517,2797,2372,425
6065044518,6562,4949,1613
6065044520,1618,1375,243
6065044521,1304,1026,278
6065044523,2254,1907,347
6065044524,3277,2359,918
6065044602,2707,2440,267
6065044604,3772,3194,578
6065044605,5222,4084,1138
6065044606,2986,2641,345
6065044701,3261,2902,359
6065044702,2087,1587,500
6065044804,2302,1934,368
6065044805,1580,1514,66
6065044806,1883,1751,132
6065044807,1343,1258,85
6065044904,4721,3704,1017
6065044907,5226,3585,1641
6065044911,5034,4180,854
6065044916,4881,3797,1084
6065044917,3854,3696,158
6065044918,2994,2802,192
6065044919,4857,4718,139
6065044921,2340,2074,266
6065044922,5980,4986,994
6065044923,3364,2641,723
6065044924,3886,3018,868
6065044925,3439,2663,776
6065044926,4714,3706,1008
6065044927,3637,3190,447
6065044928,3453,3173,280
6065044929,4151,3774,377
6065044930,3188,2554,634
6065044931,2330,1850,480
6065044932,3104,2432,672
6065044933,3456,2374,1082
6065044934,2753,1948,805
6065045000,3054,2624,430
6065045103,3291,2950,341
6065045109,3617,2948,669
6065045110,4971,3944,1027
6065045114,1912,1795,117
6065045115,1811,1629,182
6065045116,1438,1260,178
6065045117,3911,3340,571
6065045118,2676,2124,552
6065045119,2751,2203,548
6065045120,4458,3549,909
6065045122,1326,1230,96
6065045123,2274,2035,239
6065045124,1471,1348,123
6065045125,2655,2517,138
6065045126,2835,2252,583
6065045127,2572,2166,406
6065045128,1580,1495,85
6065045129,4677,3737,940
6065045207,5521,3953,1568
6065045209,6497,4687,1810
6065045212,2148,1898,250
6065045213,5619,4347,1272
6065045214,6009,4844,1165
6065045216,2253,2076,177
6065045217,7230,4932,2298
6065045222,2455,1853,602
6065045224,5696,4286,1410
6065045226,6528,4358,2170
6065045228,5662,4550,1112
6065045233,4735,3554,1181
6065045234,4699,3648,1051
6065045235,3562,2813,749
6065045302,4362,3211,1151
6065045303,3141,2081,1060
6065045305,4744,3255,1489
6065045306,6242,4366,1876
6065045501,5906,4361,1545
6065045502,3846,2834,1012
6065045606,3660,3212,448
6065045610,4124,2698,1426
6065045611,4276,2794,1482
6065045612,4810,3222,1588
6065045613,1947,1871,76
6065045614,1149,1075,74
6065045615,3535,2513,1022
6065045616,1818,1245,573
6065045617,2598,2226,372
6065045618,2181,1370,811
6065045619,4407,2729,1678
6065045703,6297,4266,2031
6065045704,3135,2205,930
6065045706,4297,2890,1407
6065045707,6289,4513,1776
6065045708,4412,2719,1693
6065045709,4579,2894,1685
6065045900,1511,1124,387
6065046101,2862,2073,789
6065046102,2028,1446,582
6065046103,2757,2063,694
6065046200,3084,2176,908
6065046401,3953,2936,1017
6065046402,5261,3974,1287
6065046403,7686,5733,1953
6065046404,6160,4438,1722
6065046405,4128,3151,977
6065046501,3455,3395,60
6065046502,4364,3726,638
6065046601,4560,4457,103
6065046602,3497,2728,769
6065046700,4243,2965,1278
6065046800,6517,4739,1778
6065046900,1725,1349,376
6065047000,1567,1182,385
6065047201,2165,1811,354
6065047202,1891,1596,295
6065047901,5122,3871,1251
6065047902,6414,4793,1621
6065048100,6631,4899,1732
6065048200,4251,3211,1040
6065048300,6497,4666,1831
6065048700,4908,3555,1353
6065048800,4556,3287,1269
6065048901,3828,2781,1047
6065048902,7472,5121,2351
6065049001,6345,4528,1817
6065049002,2848,2153,695
6065049101,2491,2030,461
6065049102,3074,2631,443
6065049400,2849,2471,378
6065049501,4600,3192,1408
6065049502,4222,2854,1368
6065049600,7361,5227,2134
6065049701,4126,2926,1200
6065049702,5401,3972,1429
6065049800,4012,2985,1027
6065050301,6337,4463,1874
6065050302,5752,4041,1711
6065050401,4855,3466,1389
6065050402,5134,3778,1356
6065050501,5398,3841,1557
6065050502,3940,2872,1068
6065050503,5542,4034,1508
6065050600,7869,5941,1928
6065050701,8318,5672,2646
6065050702,4768,3489,1279
6065050901,2147,1770,377
6065050902,2503,2036,467
6065051100,6506,4565,1941
6065051200,4682,3726,956
6065051301,5459,3910,1549
6065051302,5018,3863,1155
6065051401,3644,3630,14
6065051402,3050,3036,14
6065940100,174,164,10
6065940400,6242,4499,1743
6065940500,2421,2343,78
6065940600,3660,3434,226
6065940700,2561,2393,168
6065940800,2852,2763,89
6065940900,2044,1957,87
6065941001,1788,1645,143
6065941002,2217,2126,91
6065941100,2122,2086,36
6065941200,2845,2711,134
6065941300,3067,2839,228
6065941400,3985,3621,364
6065941500,4858,3424,1434
6065981000,5996,5989,7
6067000100,3749,2929,820
6067000200,3889,3161,728
6067000300,3347,2717,630
6067000400,3840,3530,310
6067000501,1905,1690,215
6067000502,1433,1324,109
6067000600,1686,1477,209
6067000700,2676,2567,109
6067000800,1637,1539,98
6067001102,1443,1335,108
6067001103,1604,1467,137
6067001201,2141,2040,101
6067001202,1855,1762,93
6067001300,3320,3123,197
6067001400,2930,2736,194
6067001500,4946,4239,707
6067001601,3908,3408,500
6067001602,2645,2192,453
6067001701,2574,2282,292
6067001702,3620,3109,511
6067001800,5346,4578,768
6067001900,3509,3137,372
6067002000,3882,3616,266
6067002100,2773,2400,373
6067002200,4898,3422,1476
6067002300,3380,2804,576
6067002400,4627,3704,923
6067002500,1935,1628,307
6067002600,2538,2190,348
6067002700,3545,2895,650
6067002800,3317,2553,764
6067002900,4617,3963,654
6067003001,2757,2198,559
6067003002,3897,3196,701
6067003101,3583,2756,827
6067003102,3168,2397,771
6067003202,5354,4029,1325
6067003203,3149,2300,849
6067003204,5553,4018,1535
6067003300,4256,3492,764
6067003400,4335,3483,852
6067003501,2760,2211,549
6067003502,3034,2409,625
6067003600,2728,2121,607
6067003700,4611,3297,1314
6067003800,5348,4004,1344
6067003900,3598,2954,644
6067004005,4418,3754,664
6067004006,5175,4165,1010
6067004008,3665,3033,632
6067004011,3185,2706,479
6067004012,3338,2754,584
6067004013,3580,2975,605
6067004014,2708,2183,525
6067004015,4254,3487,767
6067004016,2108,1733,375
6067004017,2813,2342,471
6067004018,2441,1977,464
6067004019,2996,2436,560
6067004020,2135,1814,321
6067004100,5459,4076,1383
6067004201,5564,4080,1484
6067004202,5774,4271,1503
6067004203,5889,3967,1922
6067004301,4919,3427,1492
6067004302,4730,3257,1473
6067004401,4431,3358,1073
6067004402,4343,3076,1267
6067004501,3643,2570,1073
6067004502,5362,3775,1587
6067004602,5663,3746,1917
6067004603,2789,1973,816
6067004604,5080,3651,1429
6067004701,3895,2659,1236
6067004702,5050,3553,1497
6067004801,6041,4524,1517
6067004802,4958,3551,1407
6067004904,6468,4829,1639
6067004906,3279,2417,862
6067004907,2523,1495,1028
6067004908,4740,3421,1319
6067004909,2892,2107,785
6067004910,4103,2944,1159
6067005002,7436,5444,1992
6067005003,5240,3986,1254
6067005004,3703,2723,980
6067005101,4879,3534,1345
6067005102,4632,3655,977
6067005201,4645,4436,209
6067005202,3513,2951,562
6067005204,4900,3947,953
6067005205,3096,2721,375
6067005301,5508,4658,850
6067005402,3272,2899,373
6067005403,2234,2106,128
6067005404,6080,5082,998
6067005502,6031,4328,1703
6067005505,5619,4173,1446
6067005506,3410,2594,816
6067005508,3491,3077,414
6067005509,2008,1703,305
6067005510,5238,4183,1055
6067005601,6136,4657,1479
6067005605,3758,2785,973
6067005606,4461,3590,871
6067005701,3175,2493,682
6067005702,4887,3732,1155
6067005801,5335,4235,1100
6067005803,3731,2953,778
6067005804,2659,2105,554
6067005901,6722,5558,1164
6067005903,2996,2177,819
6067005904,5348,4167,1181
6067006002,5309,3961,1348
6067006003,5029,3755,1274
6067006004,2626,2070,556
6067006101,5500,4213,1287
6067006102,4047,3161,886
6067006202,4319,3227,1092
6067006203,3873,2628,1245
6067006204,4137,2956,1181
6067006300,5262,3962,1300
6067006400,5918,4286,1632
6067006501,5005,3429,1576
6067006502,2565,1858,707
6067006600,7103,5114,1989
6067006703,4985,3573,1412
6067006704,3903,2844,1059
6067006705,4982,3321,1661
6067006706,3943,2642,1301
6067006801,1990,1364,626
6067006802,2806,1881,925
6067006803,3151,2255,896
6067006901,1774,1521,253
6067006902,3608,2767,841
6067007001,4493,3227,1266
6067007007,5691,4191,1500
6067007010,4015,3391,624
6067007011,6494,5049,1445
6067007012,3605,2788,817
6067007013,3015,2297,718
6067007016,5971,4269,1702
6067007017,2986,2300,686
6067007019,2815,1873,942
6067007020,4225,3346,879
6067007021,4795,3556,1239
6067007022,3489,2575,914
6067007023,5137,3857,1280
6067007024,2626,2049,577
6067007025,3695,2844,851
6067007026,5697,4460,1237
6067007027,2145,1703,442
6067007028,5110,4040,1070
6067007101,218,178,40
6067007103,4058,3213,845
6067007105,7408,5447,1961
6067007106,7378,5468,1910
6067007107,4076,3109,967
6067007108,6138,4424,1714
6067007109,3801,3332,469
6067007110,4272,3117,1155
6067007111,4327,3067,1260
6067007202,4282,3205,1077
6067007204,5509,3946,1563
6067007206,4067,3229,838
6067007207,4330,3291,1039
6067007208,4819,3627,1192
6067007209,3881,2923,958
6067007301,5251,3718,1533
6067007402,6992,5039,1953
6067007403,4969,3522,1447
6067007413,7556,5485,2071
6067007414,4409,3211,1198
6067007415,3445,2719,726
6067007416,4175,3191,984
6067007417,3685,2735,950
6067007422,2849,2073,776
6067007423,5803,3891,1912
6067007424,4087,2888,1199
6067007426,2444,1806,638
6067007427,7278,5276,2002
6067007428,3756,2850,906
6067007429,5186,3775,1411
6067007430,8078,5704,2374
6067007431,3613,2680,933
6067007432,5236,3731,1505
6067007434,6339,4580,1759
6067007435,2420,1803,617
6067007436,2251,1641,610
6067007437,7076,5291,1785
6067007438,3455,2500,955
6067007439,4749,3514,1235
6067007501,7168,5418,1750
6067007503,5605,4193,1412
6067007504,2256,1777,479
6067007602,5108,4145,963
6067007603,3167,2522,645
6067007604,4100,3241,859
6067007701,7420,5680,1740
6067007702,4855,3910,945
6067007801,5807,4635,1172
6067007802,4951,4081,870
6067007903,4869,3902,967
6067007904,5212,4047,1165
6067007905,4484,3552,932
6067007906,3832,3055,777
6067008005,4647,3839,808
6067008006,5869,4898,971
6067008007,3290,2694,596
6067008008,4939,4049,890
6067008009,4692,3852,840
6067008010,5032,4187,845
6067008111,6467,5199,1268
6067008113,3852,2927,925
6067008117,2168,1726,442
6067008119,5857,4637,1220
6067008120,4839,3867,972
6067008122,3890,3125,765
6067008124,4692,3748,944
6067008125,5405,4265,1140
6067008127,4925,3750,1175
6067008128,2392,1912,480
6067008129,3519,2770,749
6067008130,4014,3130,884
6067008131,5796,4756,1040
6067008132,3758,3115,643
6067008133,2794,2237,557
6067008134,5086,4033,1053
6067008135,4283,3534,749
6067008136,2848,2353,495
6067008137,2430,1914,516
6067008138,3724,2971,753
6067008139,3818,3047,771
6067008140,3095,2491,604
6067008141,7300,5524,1776
6067008142,3724,2940,784
6067008143,4379,3452,927
6067008144,3018,2383,635
6067008145,7520,5927,1593
6067008203,4923,4018,905
6067008204,4702,3694,1008
6067008206,5930,4671,1259
6067008207,4529,3607,922
6067008208,4715,3701,1014
6067008209,4372,3624,748
6067008210,5660,4717,943
6067008211,2959,2376,583
6067008402,5447,4252,1195
6067008403,6060,4680,1380
6067008404,3329,2716,613
6067008501,7064,5266,1798
6067008504,5367,4112,1255
6067008505,2200,1668,532
6067008506,2827,2409,418
6067008507,4109,3098,1011
6067008508,8897,6511,2386
6067008509,4748,3316,1432
6067008510,5292,3954,1338
6067008512,5453,3787,1666
6067008513,3962,2858,1104
6067008601,5563,4533,1030
6067008602,1729,1414,315
6067008702,2867,2519,348
6067008703,5786,4856,930
6067008704,3605,2424,1181
6067008706,1998,1499,499
6067008707,6648,4541,2107
6067008708,3173,2319,854
6067008802,3001,2167,834
6067008803,1766,1315,451
6067008905,4912,3847,1065
6067008907,5277,4060,1217
6067008908,5204,4102,1102
6067008909,2481,1900,581
6067008910,3768,2887,881
6067008911,2434,1714,720
6067008912,3130,2576,554
6067008913,4320,3270,1050
6067009004,4041,3028,1013
6067009005,3511,2698,813
6067009006,5649,4234,1415
6067009007,3084,2270,814
6067009008,5143,3670,1473
6067009010,6018,4796,1222
6067009011,5547,4260,1287
6067009103,3472,2668,804
6067009105,2905,2346,559
6067009106,4247,3512,735
6067009107,3361,2683,678
6067009108,3800,3079,721
6067009109,4875,3855,1020
6067009110,1873,1370,503
6067009111,5800,4528,1272
6067009112,3690,2844,846
6067009201,6781,5191,1590
6067009307,5436,4162,1274
6067009308,6197,4840,1357
6067009309,2424,1952,472
6067009310,7303,5530,1773
6067009311,6750,5073,1677
6067009312,7749,5765,1984
6067009314,6350,4730,1620
6067009316,4915,3559,1356
6067009317,7182,5302,1880
6067009318,2497,1829,668
6067009319,5588,4226,1362
6067009320,4688,3460,1228
6067009321,5975,4449,1526
6067009323,5605,4426,1179
6067009326,5117,3903,1214
6067009328,6022,4419,1603
6067009329,2471,1751,720
6067009330,4541,3277,1264
6067009331,7663,5550,2113
6067009332,1609,1233,376
6067009333,2374,1811,563
6067009334,5840,4492,1348
6067009335,6166,4417,1749
6067009336,3850,3011,839
6067009403,2077,1619,458
6067009404,6603,5182,1421
6067009406,2443,1945,498
6067009408,1767,1304,463
6067009409,4876,3547,1329
6067009410,5869,4350,1519
6067009501,2784,2059,725
6067009502,7414,5705,1709
6067009503,3326,2511,815
6067009504,2713,1970,743
6067009601,6954,5048,1906
6067009608,10056,7287,2769
6067009609,5308,3938,1370
6067009610,6864,4989,1875
6067009611,3553,2661,892
6067009612,5321,4002,1319
6067009614,7234,5405,1829
6067009616,6117,4715,1402
6067009617,3613,2931,682
6067009618,4834,3620,1214
6067009622,7565,5821,1744
6067009632,7195,5174,2021
6067009633,3573,2574,999
6067009634,5150,3615,1535
6067009635,6077,4398,1679
6067009637,6374,4496,1878
6067009639,3897,3002,895
6067009640,3124,2215,909
6067009641,4229,3255,974
6067009642,1874,1436,438
6067009643,6361,4790,1571
6067009644,3328,2686,642
6067009645,4579,3507,1072
6067009646,3783,2698,1085
6067009647,6617,4669,1948
6067009648,3562,2471,1091
6067009649,5314,3783,1531
6067009650,3455,2359,1096
6067009651,5683,4241,1442
6067009652,3810,2764,1046
6067009653,3282,2667,615
6067009800,2183,1880,303
6067009900,3730,2882,848
6067988300,5667,5629,38
6069000100,5421,4238,1183
6069000200,6729,5395,1334
6069000300,5553,3959,1594
6069000400,6748,4948,1800
6069000501,5834,4361,1473
6069000502,6952,5015,1937
6069000601,4691,3429,1262
6069000602,4260,3138,1122
6069000701,4742,3223,1519
6069000702,6423,4736,1687
6069000801,3295,2688,607
6069000802,3561,2785,776
6071000103,4307,3404,903
6071000104,6106,4829,1277
6071000105,6087,4782,1305
6071000107,2806,2279,527
6071000108,5060,3901,1159
6071000109,6483,5126,1357
6071000111,2753,2172,581
6071000115,9722,7520,2202
6071000117,6736,5509,1227
6071000118,4846,3855,991
6071000119,4687,3784,903
6071000120,7649,5782,1867
6071000121,8633,6513,2120
6071000122,3194,2457,737
6071000201,5356,4048,1308
6071000203,4189,3322,867
6071000205,4853,3812,1041
6071000207,4194,3203,991
6071000208,4145,3190,955
6071000304,6163,4736,1427
6071000305,5660,3774,1886
6071000306,3419,2478,941
6071000307,3198,2352,846
6071000308,3678,2769,909
6071000401,6359,5128,1231
6071000403,4672,3665,1007
6071000404,5037,4239,798
6071000501,6885,5463,1422
6071000503,5150,3872,1278
6071000504,5414,4410,1004
6071000603,5068,3812,1256
6071000604,5667,4329,1338
6071000605,4829,3624,1205
6071000606,4325,3244,1081
6071000804,3441,2841,600
6071000808,6173,4869,1304
6071000812,4069,3221,848
6071000813,3481,2891,590
6071000814,3867,3206,661
6071000815,3612,2937,675
6071000816,4069,3317,752
6071000817,4021,3213,808
6071000818,5531,4471,1060
6071000819,5518,4406,1112
6071000820,3979,3285,694
6071000821,4929,3784,1145
6071000823,6839,5189,1650
6071000824,5305,3947,1358
6071000825,4311,3197,1114
6071000826,4183,3235,948
6071000901,4912,3950,962
6071000903,4383,3253,1130
6071000904,3927,2920,1007
6071001001,5069,3802,1267
6071001002,5283,3709,1574
6071001101,4161,2980,1181
6071001103,4113,3171,942
6071001104,5338,4129,1209
6071001200,4728,3709,1019
6071001305,5287,3886,1401
6071001307,3966,3068,898
6071001308,4943,3606,1337
6071001309,4572,3401,1171
6071001310,5600,4300,1300
6071001311,3652,2865,787
6071001312,5865,4583,1282
6071001400,3258,2537,721
6071001501,3974,2753,1221
6071001503,3751,2432,1319
6071001504,5545,3918,1627
6071001600,5289,3808,1481
6071001702,5774,4502,1272
6071001703,5478,4404,1074
6071001704,5086,3863,1223
6071001706,6259,4464,1795
6071001707,5567,4279,1288
6071001803,3240,2685,555
6071001804,6458,5051,1407
6071001806,4528,3577,951
6071001808,4340,3276,1064
6071001809,4503,3400,1103
6071001810,4561,3402,1159
6071001812,3811,2825,986
6071001813,4048,2891,1157
6071001901,5493,4314,1179
6071001906,12054,9303,2751
6071001907,11611,8538,3073
6071001908,5106,3843,1263
6071001909,2869,1979,890
6071001910,2231,1645,586
6071001911,5583,4383,1200
6071002011,4058,3222,836
6071002013,4120,3383,737
6071002014,4770,3829,941
6071002015,4749,3699,1050
6071002016,3787,3008,779
6071002017,5686,4632,1054
6071002018,5240,4101,1139
6071002019,4816,3684,1132
6071002021,5252,4023,1229
6071002023,5314,4259,1055
6071002025,5079,4118,961
6071002027,5598,4500,1098
6071002028,5507,4130,1377
6071002029,5860,4601,1259
6071002031,6318,4853,1465
6071002035,7441,5722,1719
6071002037,7729,5879,1850
6071002038,5598,4292,1306
6071002039,5997,4364,1633
6071002040,5159,3596,1563
6071002041,5179,3729,1450
6071002042,2553,1929,624
6071002043,6295,4499,1796
6071002044,4696,3544,1152
6071002045,2799,2136,663
6071002046,6865,5072,1793
6071002047,3682,2851,831
6071002048,3950,2909,1041
6071002049,3207,2292,915
6071002050,5760,4268,1492
6071002051,5149,3819,1330
6071002101,4379,3277,1102
6071002103,4681,3509,1172
6071002105,5402,4250,1152
6071002107,5212,4021,1191
6071002109,6303,4920,1383
6071002111,4066,3139,927
6071002112,3347,2803,544
6071002204,6141,4527,1614
6071002206,6654,5103,1551
6071002207,5918,4932,986
6071002306,3696,2809,887
6071002307,5004,3767,1237
6071002308,9109,6639,2470
6071002309,3781,2801,980
6071002310,5229,3813,1416
6071002311,5102,3697,1405
6071002312,5638,4226,1412
6071002313,6874,5088,1786
6071002314,6558,4682,1876
6071002315,4712,3396,1316
6071002403,5128,3788,1340
6071002404,3412,2500,912
6071002405,5500,3881,1619
6071002406,2646,1853,793
6071002501,5613,4175,1438
6071002503,3573,2631,942
6071002504,4010,2970,1040
6071002602,7248,5363,1885
6071002604,5569,4215,1354
6071002606,7171,5238,1933
6071002608,6008,4515,1493
6071002609,3577,2703,874
6071002610,3589,2715,874
6071002611,4380,3249,1131
6071002703,5856,4480,1376
6071002705,5718,4355,1363
6071002706,14194,10436,3758
6071002707,3146,2351,795
6071002708,6397,4685,1712
6071002709,3986,2814,1172
6071002801,5580,3953,1627
6071002803,3974,2764,1210
6071002804,5749,3707,2042
6071002901,4715,3346,1369
6071002902,6514,4871,1643
6071003000,3158,2403,755
6071003101,4927,3432,1495
6071003102,5844,3900,1944
6071003201,3875,2894,981
6071003202,4424,3176,1248
6071003301,5578,4049,1529
6071003302,6937,4919,2018
6071003401,7500,5437,2063
6071003403,4320,3165,1155
6071003404,4776,3315,1461
6071003405,5338,3571,1767
6071003503,5641,4239,1402
6071003505,6554,4378,2176
6071003506,5069,3600,1469
6071003507,4787,3549,1238
6071003509,5066,3677,1389
6071003510,4824,3321,1503
6071003603,4259,3167,1092
6071003605,4308,3191,1117
6071003606,5316,3911,1405
6071003607,6230,4473,1757
6071003609,5163,3689,1474
6071003611,4827,3509,1318
6071003612,4574,3393,1181
6071003700,4018,2894,1124
6071003801,5120,3785,1335
6071003803,5020,3638,1382
6071003804,4957,3605,1352
6071003900,5514,3943,1571
6071004001,4431,3251,1180
6071004003,6176,4423,1753
6071004004,5785,4182,1603
6071004101,5736,4005,1731
6071004103,5907,4053,1854
6071004104,5183,3589,1594
6071004201,7125,4819,2306
6071004202,5515,3883,1632
6071004301,4542,3207,1335
6071004302,4348,3153,1195
6071004401,4406,3234,1172
6071004403,5736,4069,1667
6071004404,6047,4206,1841
6071004503,3829,2924,905
6071004505,5456,3909,1547
6071004507,5543,3839,1704
6071004509,5210,3864,1346
6071004510,5337,4258,1079
6071004511,3863,2825,1038
6071004512,5075,3804,1271
6071004601,7431,5428,2003
6071004603,6454,4834,1620
6071004604,5709,4102,1607
6071004700,6090,4171,1919
6071004800,3486,2364,1122
6071004901,4270,2971,1299
6071004902,3299,2315,984
6071005101,4601,3511,1090
6071005102,4189,3004,1185
6071005200,4521,3406,1115
6071005300,6064,4256,1808
6071005400,6981,4901,2080
6071005501,2865,1888,977
6071005502,6482,4310,2172
6071005601,4060,2828,1232
6071005602,3354,2233,1121
6071005701,2150,1721,429
6071005800,4039,2758,1281
6071006101,4867,3610,1257
6071006102,4752,3428,1324
6071006201,4109,2985,1124
6071006203,5500,3658,1842
6071006204,4506,3042,1464
6071006301,5370,3931,1439
6071006303,4983,3433,1550
6071006304,4743,3344,1399
6071006401,3090,2015,1075
6071006402,5286,3634,1652
6071006501,3727,2750,977
6071006502,3628,2505,1123
6071006601,4537,3337,1200
6071006603,5125,3840,1285
6071006604,4099,2972,1127
6071006700,4484,3225,1259
6071007001,3596,2492,1104
6071007002,4952,3499,1453
6071007104,4030,3232,798
6071007105,3259,2572,687
6071007106,4254,3316,938
6071007107,3416,2374,1042
6071007108,2309,1772,537
6071007110,4917,3853,1064
6071007111,3640,2879,761
6071007112,3345,2417,928
6071007201,3671,2833,838
6071007202,3027,2183,844
6071007303,4969,3970,999
6071007305,4915,3580,1335
6071007306,6044,4746,1298
6071007307,5162,4186,976
6071007308,5074,4404,670
6071007404,4638,3756,882
6071007407,3119,2125,994
6071007408,4432,3013,1419
6071007409,6278,4567,1711
6071007410,6091,4535,1556
6071007411,1729,1274,455
6071007412,6645,4912,1733
6071007603,5059,3602,1457
6071007604,4844,3610,1234
6071007605,4233,2773,1460
6071007606,3556,2392,1164
6071007800,6632,5235,1397
6071007903,4931,3732,1199
6071007904,7061,5427,1634
6071007905,3600,2935,665
6071007906,4343,3326,1017
6071008001,7038,5431,1607
6071008003,4222,2803,1419
6071008004,3250,2359,891
6071008100,3326,2647,679
6071008201,3323,2731,592
6071008202,2576,2198,378
6071008301,6616,5415,1201
6071008302,3268,2602,666
6071008402,6501,5054,1447
6071008403,5791,4555,1236
6071008404,2931,2193,738
6071008405,5752,4763,989
6071008406,5254,3908,1346
6071008501,3945,3142,803
6071008502,4782,3785,997
6071008601,6404,4855,1549
6071008602,3641,2850,791
6071008705,4669,3539,1130
6071008708,4415,3340,1075
6071008709,4627,3550,1077
6071008710,4700,3586,1114
6071008711,3720,3031,689
6071008712,4102,3318,784
6071008713,4224,3296,928
6071008714,4314,3270,1044
6071008715,7091,5243,1848
6071008716,6650,4938,1712
6071008800,6520,4991,1529
6071008901,1890,1444,446
6071009109,5922,4554,1368
6071009119,5761,4291,1470
6071009120,4433,3417,1016
6071009121,2825,2311,514
6071009122,3823,2891,932
6071009123,2760,2122,638
6071009124,5135,3371,1764
6071009125,6019,4034,1985
6071009126,6912,4766,2146
6071009127,8155,5251,2904
6071009128,5552,3737,1815
6071009129,6763,4467,2296
6071009130,5075,3299,1776
6071009131,4882,3027,1855
6071009132,2606,1622,984
6071009133,8582,6706,1876
6071009134,862,694,168
6071009135,5560,3870,1690
6071009136,5789,3807,1982
6071009137,4269,3018,1251
6071009138,5260,3668,1592
6071009139,5833,3991,1842
6071009201,4761,3735,1026
6071009202,1856,1531,325
6071009300,1193,868,325
6071009400,3939,2625,1314
6071009501,4121,2829,1292
6071009502,3820,2539,1281
6071009708,5106,4004,1102
6071009709,6492,4727,1765
6071009712,6400,4580,1820
6071009713,7303,5399,1904
6071009714,4269,3141,1128
6071009717,4473,3362,1111
6071009718,4066,4032,34
6071009719,3276,2445,831
6071009720,1743,1199,544
6071009721,5911,4077,1834
6071009722,3413,2479,934
6071009723,5853,4476,1377
6071009724,4298,3282,1016
6071009725,5666,4250,1416
6071009726,3474,2549,925
6071009727,4599,3085,1514
6071009800,5051,3534,1517
6071009906,5401,3902,1499
6071009908,5270,3717,1553
6071009910,5249,3794,1455
6071009911,7099,5140,1959
6071009912,5695,3991,1704
6071009913,6582,4609,1973
6071009914,3348,2226,1122
6071009915,2930,1984,946
6071009916,6303,4377,1926
6071009917,6607,4343,2264
6071009918,3766,2446,1320
6071010009,4386,3268,1118
6071010010,7129,5136,1993
6071010011,5377,3668,1709
6071010012,5228,3854,1374
6071010014,5020,3437,1583
6071010015,5940,4260,1680
6071010016,6228,4353,1875
6071010019,5664,4066,1598
6071010021,7189,5313,1876
6071010022,4542,3381,1161
6071010023,6399,4674,1725
6071010024,5711,4273,1438
6071010027,3966,3000,966
6071010028,4453,3251,1202
6071010029,4295,3081,1214
6071010030,3070,2259,811
6071010031,5099,3553,1546
6071010032,6546,4510,2036
6071010033,2002,1486,516
6071010034,4861,3790,1071
6071010035,3577,2510,1067
6071010036,4709,3441,1268
6071010037,7242,5018,2224
6071010038,4736,3444,1292
6071010039,2488,1927,561
6071010040,3287,2565,722
6071010041,6221,4269,1952
6071010042,5246,3538,1708
6071010300,2973,2363,610
6071010402,12280,10216,2064
6071010410,3085,2423,662
6071010413,6324,5024,1300
6071010415,5540,4252,1288
6071010417,3257,2733,524
6071010419,4112,3438,674
6071010420,3813,3055,758
6071010422,1716,1251,465
6071010424,1739,1533,206
6071010425,826,744,82
6071010426,2020,1561,459
6071010427,2805,2282,523
6071010428,4232,3341,891
6071010429,4245,3227,1018
6071010430,3915,3012,903
6071010431,1307,1163,144
6071010432,1759,1387,372
6071010433,4354,3345,1009
6071010434,1443,1145,298
6071010435,2207,1887,320
6071010436,1062,931,131
6071010700,3731,2744,987
6071010803,3669,3028,641
6071010804,3180,2534,646
6071010805,2634,2167,467
6071010806,3149,2584,565
6071010903,2737,2246,491
6071010904,2664,2162,502
6071010905,2288,1865,423
6071010906,1158,984,174
6071011002,1746,1390,356
6071011003,1439,1141,298
6071011004,1118,860,258
6071011101,3943,3137,806
6071011102,2315,1867,448
6071011203,1325,1161,164
6071011204,1241,1030,211
6071011205,1355,1053,302
6071011206,1065,921,144
6071011300,1522,1320,202
6071011404,3902,3161,741
6071011405,1686,1374,312
6071011406,2578,2005,573
6071011407,1946,1613,333
6071011408,1839,1524,315
6071011500,2109,1740,369
6071011601,6320,4906,1414
6071011602,1575,1218,357
6071011700,1432,1084,348
6071011801,4049,2991,1058
6071011802,3277,2304,973
6071011900,2603,1995,608
6071012001,6351,4401,1950
6071012002,5882,4171,1711
6071012101,5985,4636,1349
6071012103,3390,2657,733
6071012105,2955,2309,646
6071012106,2107,1668,439
6071012201,9002,6571,2431
6071012202,2898,2898,0
6071012300,1481,1476,5
6071012400,3140,2293,847
6071012500,4329,3140,1189
6071012700,4000,3073,927
6071025000,8111,5585,2526
6071025100,2038,1721,317
6071940100,1213,1078,135
6071980200,3953,3939,14
6073000100,2908,2395,513
6073000201,2001,1721,280
6073000202,4441,3899,542
6073000301,2155,2036,119
6073000302,2811,2686,125
6073000400,3794,3583,211
6073000500,3012,2699,313
6073000600,3182,2933,249
6073000700,4072,3834,238
6073000800,4890,4314,576
6073000901,3184,2897,287
6073000902,2479,2258,221
6073001000,4690,4221,469
6073001100,3000,2728,272
6073001201,2235,1989,246
6073001202,3216,2871,345
6073001301,2696,2477,219
6073001302,3331,3075,256
6073001400,3205,2821,384
6073001500,3827,3351,476
6073001600,5244,4419,825
6073001700,4521,3940,581
6073001801,2003,1677,326
6073001802,3061,2701,360
6073001900,3036,2679,357
6073002001,3459,2970,489
6073002002,2671,2247,424
6073002100,5235,4426,809
6073002201,3593,2721,872
6073002202,4928,3692,1236
6073002301,2976,2371,605
6073002302,6215,4678,1537
6073002401,4061,3259,802
6073002402,4735,3450,1285
6073002501,5172,4015,1157
6073002502,5929,4587,1342
6073002601,5326,3985,1341
6073002602,4117,2999,1118
6073002702,5695,4487,1208
6073002703,7181,5590,1591
6073002705,4373,3439,934
6073002707,4687,3285,1402
6073002708,5570,4029,1541
6073002709,3487,2576,911
6073002710,3943,2858,1085
6073002711,3170,2162,1008
6073002712,4952,3792,1160
6073002801,5347,5114,233
6073002803,5495,4688,807
6073002804,4864,4250,614
6073002902,6540,5466,1074
6073002903,3826,2984,842
6073002904,8957,8113,844
6073002905,4335,3517,818
6073003001,4567,3512,1055
6073003003,5233,4157,1076
6073003004,4974,3577,1397
6073003101,3919,3034,885
6073003103,6242,4821,1421
6073003105,4261,3226,1035
6073003107,5870,4599,1271
6073003108,3454,2571,883
6073003109,3037,2535,502
6073003111,6139,4523,1616
6073003112,4754,3615,1139
6073003113,5045,4117,928
6073003114,3133,2602,531
6073003115,6554,5040,1514
6073003201,5077,3653,1424
6073003202,4755,3720,1035
6073003204,3725,2951,774
6073003207,6024,4786,1238
6073003208,6944,5312,1632
6073003209,5397,4159,1238
6073003211,3144,2513,631
6073003212,4231,3363,868
6073003213,3965,3239,726
6073003214,4764,3702,1062
6073003301,3394,2408,986
6073003303,4330,2943,1387
6073003304,3601,2534,1067
6073003305,5823,4158,1665
6073003401,6259,4934,1325
6073003403,4054,3037,1017
6073003404,4481,3238,1243
6073003501,3994,2824,1170
6073003502,4599,3296,1303
6073003601,2951,2103,848
6073003602,3056,2160,896
6073003603,4092,2963,1129
6073003800,7014,6976,38
6073003901,3892,2789,1103
6073003902,4673,3415,1258
6073004000,4521,3303,1218
6073004101,3986,3388,598
6073004102,1899,1568,331
6073004200,5818,4702,1116
6073004300,3660,3102,558
6073004400,3750,3187,563
6073004501,2612,2334,278
6073004600,1912,1745,167
6073004700,1493,1263,230
6073004800,3384,2586,798
6073004900,4978,3718,1260
6073005000,2312,1743,569
6073005101,3199,2808,391
6073005102,4428,4262,166
6073005103,4242,3540,702
6073005201,3562,3256,306
6073005202,4270,3967,303
6073005301,2975,2851,124
6073005302,4328,4226,102
6073005401,1723,1653,70
6073005402,4126,3924,202
6073005403,3705,3512,193
6073005500,390,365,25
6073005601,2728,2483,245
6073005602,2365,2199,166
6073005700,1416,1348,68
6073005801,1959,1869,90
6073005802,2535,2397,138
6073005900,2959,2785,174
6073006000,4381,4071,310
6073006100,2274,2002,272
6073006200,109,103,6
6073006300,2183,1940,243
6073006500,3338,3050,288
6073006600,1845,1064,781
6073006801,2739,2336,403
6073006802,5704,4838,866
6073006900,5427,4315,1112
6073007002,3155,2514,641
6073007100,4646,3992,654
6073007200,5589,4807,782
6073007302,2193,1770,423
6073007303,1744,1563,181
6073007304,3303,2999,304
6073007401,3197,2648,549
6073007402,3631,3034,597
6073007501,3993,3606,387
6073007502,3150,2801,349
6073007601,2419,2183,236
6073007602,1876,1722,154
6073007701,3682,3373,309
6073007702,3837,3544,293
6073007800,5764,4608,1156
6073007905,2508,2345,163
6073007907,3039,2843,196
6073007908,2874,2631,243
6073007910,2740,2566,174
6073007911,2571,2371,200
6073007912,1932,1763,169
6073008002,2598,2092,506
6073008003,3288,2938,350
6073008006,3885,3401,484
6073008101,3859,3282,577
6073008102,3424,2702,722
6073008201,1845,1624,221
6073008202,1524,1455,69
6073008301,3371,2823,548
6073008303,3531,2974,557
6073008305,14126,13892,234
6073008306,3163,2544,619
6073008307,3887,3215,672
6073008310,5731,4531,1200
6073008311,2849,2301,548
6073008312,3787,3248,539
6073008313,2245,1740,505
6073008324,6745,5542,1203
6073008327,6247,4942,1305
6073008328,8213,5792,2421
6073008330,5524,4134,1390
6073008331,2568,1908,660
6073008336,2191,1727,464
6073008337,4358,3289,1069
6073008339,1886,1697,189
6073008343,4322,3730,592
6073008344,3609,2875,734
6073008345,3609,3095,514
6073008346,4831,4017,814
6073008347,6598,5360,1238
6073008348,5178,4339,839
6073008349,3526,2851,675
6073008350,6228,5165,1063
6073008351,4393,3616,777
6073008352,3544,2834,710
6073008353,4941,4035,906
6073008355,3366,2741,625
6073008356,3697,2998,699
6073008357,4500,3653,847
6073008358,6856,5683,1173
6073008359,4121,3436,685
6073008360,6159,5098,1061
6073008361,2616,2353,263
6073008362,3334,2731,603
6073008363,5025,4427,598
6073008364,5132,4600,532
6073008365,2881,2293,588
6073008366,7113,5291,1822
6073008367,3491,2489,1002
6073008368,6580,4951,1629
6073008369,3151,2478,673
6073008370,4080,3215,865
6073008371,4434,3372,1062
6073008372,4260,3133,1127
6073008373,3317,2485,832
6073008374,4298,2897,1401
6073008375,4318,3886,432
6073008376,5686,4991,695
6073008377,2608,2389,219
6073008378,1024,932,92
6073008379,4287,3826,461
6073008380,7165,5766,1399
6073008381,2722,2169,553
6073008501,5271,4313,958
6073008502,6218,5127,1091
6073008503,6869,5731,1138
6073008504,6150,4980,1170
6073008505,5657,4718,939
6073008506,3981,3311,670
6073008507,7520,6230,1290
6073008509,6949,5719,1230
6073008510,6912,5778,1134
6073008511,5480,4806,674
6073008512,4386,3583,803
6073008513,2798,2253,545
6073008600,6535,4991,1544
6073008701,3353,2409,944
6073008702,4750,3868,882
6073008800,6128,4928,1200
6073008901,5036,4408,628
6073008902,2601,2449,152
6073009000,3746,2986,760
6073009101,5652,4719,933
6073009102,3529,3082,447
6073009103,3850,3182,668
6073009104,2886,2334,552
6073009107,5739,5309,430
6073009108,1943,1651,292
6073009109,4033,4000,33
6073009201,6165,4461,1704
6073009203,4141,3683,458
6073009204,3362,2725,637
6073009301,4337,3569,768
6073009305,4948,4278,670
6073009306,6125,4975,1150
6073009307,4863,4379,484
6073009308,4319,3864,455
6073009400,8035,7153,882
6073009502,3801,3054,747
6073009504,7198,5323,1875
6073009505,6559,5328,1231
6073009506,4385,3391,994
6073009507,3550,2847,703
6073009509,5314,4658,656
6073009510,4813,2551,2262
6073009511,3852,1894,1958
6073009602,3946,3264,682
6073009603,6293,5559,734
6073009604,3553,2942,611
6073009703,3590,2887,703
6073009704,6152,4939,1213
6073009705,3847,3016,831
6073009706,7520,5968,1552
6073009801,5164,4202,962
6073009802,6586,5134,1452
6073009804,5024,3932,1092
6073009805,4802,3881,921
6073009901,678,655,23
6073010001,4032,3222,810
6073010003,5806,4653,1153
6073010004,4538,3537,1001
6073010005,7060,5348,1712
6073010009,6517,4724,1793
6073010010,5506,4343,1163
6073010011,3603,2804,799
6073010012,4567,3322,1245
6073010013,6009,4299,1710
6073010015,4582,3592,990
6073010016,4126,4105,21
6073010017,5818,4483,1335
6073010018,6718,4989,1729
6073010019,4045,2956,1089
6073010103,6248,4776,1472
6073010104,3378,2697,681
6073010106,5237,3997,1240
6073010107,6578,5087,1491
6073010109,4597,3553,1044
6073010110,7510,5790,1720
6073010111,3289,2489,800
6073010112,5204,3703,1501
6073010201,2768,2291,477
6073010202,3499,2777,722
6073010300,4485,3508,977
6073010401,2452,1824,628
6073010402,5800,4295,1505
6073010501,1365,1156,209
6073010502,5766,4365,1401
6073010601,2106,1759,347
6073010800,2339,1828,511
6073010900,1627,1323,304
6073011000,2983,2485,498
6073011100,3795,2960,835
6073011300,4036,3956,80
6073011601,5713,4258,1455
6073011602,3520,2678,842
6073011700,7569,5941,1628
6073011801,3692,2801,891
6073011802,6636,4696,1940
6073011902,5797,4730,1067
6073012002,3394,2701,693
6073012003,3372,2620,752
6073012101,2167,1715,452
6073012102,3160,2399,761
6073012200,3513,2659,854
6073012302,1889,1546,343
6073012303,3669,3000,669
6073012304,3997,3239,758
6073012401,3693,2828,865
6073012402,5822,4485,1337
6073012501,4401,3323,1078
6073012502,4576,3425,1151
6073012600,5143,3929,1214
6073012700,4945,3775,1170
6073012800,4009,3140,869
6073012900,3540,2829,711
6073013000,5997,4742,1255
6073013102,7294,5424,1870
6073013103,2922,2223,699
6073013104,6017,4585,1432
6073013203,6471,4902,1569
6073013204,4114,3120,994
6073013205,2473,1793,680
6073013206,6909,5413,1496
6073013301,5271,4100,1171
6073013302,5073,3946,1127
6073013303,5130,4058,1072
6073013306,4615,3554,1061
6073013307,4274,3287,987
6073013308,3962,2935,1027
6073013309,6866,5415,1451
6073013312,2798,2111,687
6073013315,3431,2667,764
6073013316,7461,5425,2036
6073013317,16159,11202,4957
6073013318,7876,5533,2343
6073013319,7458,5501,1957
6073013320,6556,4608,1948
6073013321,8312,5670,2642
6073013322,4635,3438,1197
6073013323,6428,4623,1805
6073013324,2644,1914,730
6073013325,5367,3919,1448
6073013326,4478,3329,1149
6073013327,5401,4136,1265
6073013401,4499,3530,969
6073013409,5590,4439,1151
6073013411,5270,4209,1061
6073013412,5187,4149,1038
6073013414,7375,5752,1623
6073013415,1640,1267,373
6073013416,3930,3048,882
6073013417,1971,1562,409
6073013418,6095,4748,1347
6073013420,3608,2708,900
6073013421,4720,3715,1005
6073013422,3964,3092,872
6073013423,3934,2870,1064
6073013424,5698,4183,1515
6073013425,2243,1625,618
6073013503,6168,4652,1516
6073013504,3847,3038,809
6073013505,5060,3996,1064
6073013506,4422,3252,1170
6073013601,5253,4199,1054
6073013604,6256,4904,1352
6073013605,5804,4723,1081
6073013607,2665,2075,590
6073013608,4048,3109,939
6073013701,2588,2100,488
6073013702,5530,4051,1479
6073013801,5178,4020,1158
6073013802,3311,2366,945
6073013903,3927,3113,814
6073013905,4084,3139,945
6073013906,4965,3782,1183
6073013907,4159,2958,1201
6073013908,3972,2960,1012
6073013909,4521,3409,1112
6073014001,4941,3876,1065
6073014002,4291,3288,1003
6073014101,3867,2972,895
6073014102,3827,2921,906
6073014200,7130,5657,1473
6073014300,3957,3027,930
6073014400,4270,3279,991
6073014500,4076,3115,961
6073014601,4779,3761,1018
6073014602,4902,3835,1067
6073014701,4045,3226,819
6073014702,4239,3345,894
6073014803,5048,4249,799
6073014804,4588,3820,768
6073014805,5104,4325,779
6073014806,2677,2196,481
6073014901,4742,3797,945
6073014902,3340,2763,577
6073015001,4294,3387,907
6073015002,2468,2057,411
6073015100,5011,4050,961
6073015200,3958,3268,690
6073015301,3411,2542,869
6073015302,4591,3720,871
6073015403,2545,2037,508
6073015405,5980,4641,1339
6073015406,2520,2061,459
6073015407,4323,3116,1207
6073015408,3817,3080,737
6073015501,5346,4197,1149
6073015502,2950,2288,662
6073015601,6340,4815,1525
6073015602,2472,1978,494
6073015701,6503,4856,1647
6073015704,4559,3364,1195
6073015705,4515,3450,1065
6073015706,2473,1838,635
6073015801,4010,2896,1114
6073015802,5027,3830,1197
6073015901,3671,2537,1134
6073015902,5340,3952,1388
6073016000,2628,2024,604
6073016100,5991,4786,1205
6073016201,6079,4794,1285
6073016202,3793,2913,880
6073016301,5533,4024,1509
6073016302,5750,4174,1576
6073016401,5311,4107,1204
6073016403,4778,3684,1094
6073016404,3190,2409,781
6073016502,7271,5396,1875
6073016503,3056,2318,738
6073016504,7171,5292,1879
6073016606,3576,2792,784
6073016607,7111,5510,1601
6073016608,2475,1907,568
6073016609,5470,4171,1299
6073016610,4334,3293,1041
6073016613,2006,1616,390
6073016614,4115,3046,1069
6073016615,4278,3471,807
6073016616,4452,3388,1064
6073016617,3550,2900,650
6073016618,3947,3145,802
6073016619,4576,3645,931
6073016620,2664,2060,604
6073016621,4386,3357,1029
6073016703,2750,2071,679
6073016704,7174,5622,1552
6073016705,4629,3582,1047
6073016706,2966,2301,665
6073016804,7727,5543,2184
6073016806,4462,3309,1153
6073016807,7707,6034,1673
6073016809,6056,4646,1410
6073016810,2733,2126,607
6073016811,4677,3743,934
6073016812,3463,2893,570
6073016813,3441,2863,578
6073016901,7217,5538,1679
6073016902,2562,1970,592
6073017006,2924,2328,596
6073017009,4482,3363,1119
6073017010,3110,2362,748
6073017014,2493,2462,31
6073017018,3727,2970,757
6073017020,3986,3140,846
6073017021,3182,2523,659
6073017022,5665,4290,1375
6073017031,4003,2940,1063
6073017033,5608,4189,1419
6073017034,4893,3672,1221
6073017035,3319,2525,794
6073017036,3352,2493,859
6073017037,5876,4655,1221
6073017039,6915,5467,1448
6073017040,4277,3356,921
6073017041,6111,4629,1482
6073017043,5891,4566,1325
6073017044,5638,4086,1552
6073017045,2703,2051,652
6073017046,3727,2928,799
6073017047,3996,3019,977
6073017048,6627,4985,1642
6073017049,3033,2273,760
6073017050,3011,2372,639
6073017051,4669,3890,779
6073017052,5137,4159,978
6073017053,3406,2611,795
6073017054,5654,4431,1223
6073017055,5125,3973,1152
6073017056,4426,3576,850
6073017057,3763,2986,777
6073017058,4048,3192,856
6073017059,3609,3169,440
6073017060,2728,2333,395
6073017061,3838,3109,729
6073017062,5489,4138,1351
6073017063,4659,3545,1114
6073017064,7844,5099,2745
6073017065,9344,5995,3349
6073017066,5989,4462,1527
6073017067,3213,2436,777
6073017068,4778,3523,1255
6073017069,2544,1932,612
6073017070,6376,4208,2168
6073017071,5073,3769,1304
6073017104,4014,3090,924
6073017106,5100,4084,1016
6073017107,2858,2181,677
6073017108,4717,3566,1151
6073017109,6845,4996,1849
6073017111,4415,3497,918
6073017112,2602,1822,780
6073017113,5381,3696,1685
6073017201,1905,1688,217
6073017202,2035,1753,282
6073017303,3033,2403,630
6073017305,3100,2537,563
6073017306,2855,2375,480
6073017307,2264,1924,340
6073017308,3178,2608,570
6073017403,4998,4055,943
6073017405,3604,2791,813
6073017406,3135,2549,586
6073017407,3080,2567,513
6073017408,2684,2301,383
6073017501,2755,2387,368
6073017502,3674,2879,795
6073017601,5511,4564,947
6073017603,2498,2048,450
6073017605,3692,2873,819
6073017606,3988,3171,817
6073017701,5379,4474,905
6073017702,2923,2470,453
6073017801,7000,5563,1437
6073017808,6166,5066,1100
6073017809,2324,1819,505
6073017810,5067,4169,898
6073017811,6806,5325,1481
6073017813,4370,3452,918
6073017901,3767,3276,491
6073017902,2883,2330,553
6073018000,3089,2789,300
6073018101,3474,2842,632
6073018102,2544,2241,303
6073018201,2942,2383,559
6073018202,3122,2463,659
6073018301,1008,925,83
6073018302,1335,1207,128
6073018400,3561,3081,480
6073018504,6797,5583,1214
6073018509,4974,3728,1246
6073018510,3419,2633,786
6073018511,4959,3925,1034
6073018512,3647,3369,278
6073018515,5064,4276,788
6073018516,3940,3090,850
6073018517,3996,3451,545
6073018518,3132,2370,762
6073018519,5575,4189,1386
6073018520,5540,4106,1434
6073018521,4888,3927,961
6073018522,5371,4078,1293
6073018523,5116,3963,1153
6073018524,3642,2950,692
6073018525,4395,3556,839
6073018601,4622,3665,957
6073018608,3103,2465,638
6073018609,6286,4774,1512
6073018612,4098,3187,911
6073018613,4117,3201,916
6073018615,2814,2168,646
6073018616,3724,3007,717
6073018617,3561,2803,758
6073018618,3969,2820,1149
6073018619,6194,4775,1419
6073018620,2718,2054,664
6073018621,1640,1343,297
6073018622,5130,4079,1051
6073018700,37892,31280,6612
6073018801,3808,3132,676
6073018803,5056,4108,948
6073018804,5536,4687,849
6073018805,3572,3093,479
6073018903,5161,4001,1160
6073018904,6316,4587,1729
6073018905,6764,4934,1830
6073018906,6298,4678,1620
6073019001,6395,5453,942
6073019002,3581,2734,847
6073019103,7046,5472,1574
6073019105,6920,5883,1037
6073019107,2470,1981,489
6073019108,3072,2221,851
6073019109,4793,3534,1259
6073019110,5438,4279,1159
6073019111,4417,3390,1027
6073019203,2952,2352,600
6073019205,6472,5044,1428
6073019206,5586,4002,1584
6073019208,3564,2885,679
6073019209,3270,2766,504
6073019210,5882,4230,1652
6073019301,6651,5334,1317
6073019303,8025,6488,1537
6073019304,3548,2703,845
6073019305,3983,3403,580
6073019403,6489,5049,1440
6073019404,3697,2772,925
6073019405,3813,2920,893
6073019406,4959,3892,1067
6073019501,3831,2570,1261
6073019502,5492,3790,1702
6073019503,5032,3754,1278
6073019601,6622,5021,1601
6073019602,5438,4192,1246
6073019701,7022,5823,1199
6073019702,5069,4133,936
6073019803,5937,4595,1342
6073019804,4567,3562,1005
6073019805,4138,3261,877
6073019808,4853,4415,438
6073019809,4096,3472,624
6073019810,6412,4843,1569
6073019811,7330,5624,1706
6073019902,4211,3265,946
6073019903,4718,3731,987
6073019904,6865,5658,1207
6073019905,4326,3620,706
6073020015,5171,4130,1041
6073020017,3187,2500,687
6073020019,6728,5644,1084
6073020021,6034,4282,1752
6073020023,4734,3616,1118
6073020024,4129,3341,788
6073020025,5021,3838,1183
6073020026,4345,3499,846
6073020028,3690,2386,1304
6073020029,6854,5412,1442
6073020030,7193,5219,1974
6073020031,6659,4978,1681
6073020032,3649,2909,740
6073020033,3720,3004,716
6073020034,2737,2033,704
6073020035,6858,5168,1690
6073020036,3613,2480,1133
6073020037,4331,3210,1121
6073020038,5773,4132,1641
6073020039,2226,1674,552
6073020040,4299,3349,950
6073020041,3028,2264,764
6073020042,3794,3179,615
6073020043,6475,4092,2383
6073020044,8509,6023,2486
6073020105,4122,3208,914
6073020106,3852,3035,817
6073020107,4248,3296,952
6073020108,5901,4208,1693
6073020109,5178,3907,1271
6073020110,7812,6186,1626
6073020111,4128,3263,865
6073020202,6955,4653,2302
6073020206,5009,3603,1406
6073020207,5183,3517,1666
6073020208,2615,1973,642
6073020209,4882,3734,1148
6073020210,5105,3854,1251
6073020211,6918,5265,1653
6073020213,3674,2515,1159
6073020214,5808,4235,1573
6073020304,6641,5361,1280
6073020305,6124,4942,1182
6073020308,5981,4832,1149
6073020309,4093,3120,973
6073020310,8703,7129,1574
6073020311,3600,2935,665
6073020312,4487,3537,950
6073020313,3012,2471,541
6073020401,2373,2023,350
6073020403,4220,3276,944
6073020404,5426,4411,1015
6073020405,3685,3075,610
6073020500,4952,3594,1358
6073020601,5715,4017,1698
6073020602,5970,4565,1405
6073020705,4861,3817,1044
6073020706,6656,5383,1273
6073020707,5077,3628,1449
6073020708,3728,3010,718
6073020710,1798,1470,328
6073020711,3593,2721,872
6073020712,4856,3800,1056
6073020801,5295,4308,987
6073020805,3674,2791,883
6073020806,6158,4580,1578
6073020807,3070,2504,566
6073020810,5349,4092,1257
6073020811,5923,4520,1403
6073020812,2003,1500,503
6073020813,4983,3799,1184
6073020902,2306,1848,458
6073020903,3030,2620,410
6073020904,3266,2743,523
6073021001,2085,1779,306
6073021002,1946,1656,290
6073021101,5310,3962,1348
6073021102,2613,2097,516
6073021202,3073,2487,586
6073021204,5491,4370,1121
6073021205,7029,5394,1635
6073021206,3039,2454,585
6073021302,7237,6223,1014
6073021304,2709,2210,499
6073021305,4389,3584,805
6073021306,5762,4283,1479
6073021401,4383,3331,1052
6073021402,2793,2389,404
6073021501,3882,2860,1022
6073021502,9851,6696,3155
6073021600,3584,2863,721
6073021800,1980,1568,412
6073021900,2625,2024,601
6073022000,4526,3496,1030
6073022101,2631,2114,517
6073022102,7024,5257,1767
6075010101,2026,1945,81
6075010102,2000,1735,265
6075010201,2468,2277,191
6075010202,2074,1911,163
6075010300,4062,3744,318
6075010401,2214,1997,217
6075010402,2293,2129,164
6075010500,3234,2945,289
6075010600,3718,3439,279
6075010701,3721,3311,410
6075010702,1626,1477,149
6075010800,4573,4237,336
6075010901,2338,2136,202
6075010902,2332,2214,118
6075011001,3079,2877,202
6075011002,2363,2177,186
6075011101,3143,2975,168
6075011102,2504,2392,112
6075011200,3441,3243,198
6075011300,3068,2767,301
6075011700,1905,1799,106
6075011800,1589,1423,166
6075011901,2275,2182,93
6075011902,2738,2624,114
6075012001,2002,1899,103
6075012002,2267,2136,131
6075012100,3455,3337,118
6075012202,2490,2317,173
6075012203,1931,1737,194
6075012204,2570,2347,223
6075012301,3088,2857,231
6075012302,2875,2766,109
6075012403,2157,1888,269
6075012404,3849,3345,504
6075012405,4152,3852,300
6075012406,1936,1712,224
6075012502,4482,4245,237
6075012503,4260,3655,605
6075012504,2277,2223,54
6075012601,2577,2287,290
6075012602,3058,2693,365
6075012700,3769,3352,417
6075012801,2742,2380,362
6075012802,1901,1740,161
6075012901,2853,2651,202
6075012902,3667,3388,279
6075013001,2405,2175,230
6075013002,2144,1926,218
6075013101,4197,3863,334
6075013102,2938,2676,262
6075013200,4464,3826,638
6075013300,4344,3474,870
6075013401,1623,1419,204
6075013402,2253,1943,310
6075013500,2912,2626,286
6075015100,3104,2967,137
6075015201,1888,1778,110
6075015202,2286,2073,213
6075015300,2387,2141,246
6075015401,3659,3215,444
6075015402,2541,2096,445
6075015500,3899,3641,258
6075015600,3274,2885,389
6075015701,4882,4575,307
6075015702,3220,2865,355
6075015801,3869,3277,592
6075015802,3116,2844,272
6075015900,4630,4157,473
6075016000,2969,2846,123
6075016101,2780,2530,250
6075016102,2880,2424,456
6075016200,3672,3421,251
6075016300,4296,3827,469
6075016400,3920,3638,282
6075016500,5171,4556,615
6075016601,3133,2887,246
6075016602,2350,2172,178
6075016700,4835,4377,458
6075016801,4282,3910,372
6075016802,3928,3581,347
6075016900,3425,3145,280
6075017000,4088,3702,386
6075017101,3766,3151,615
6075017102,3798,3274,524
6075017602,3649,3384,265
6075017603,5518,4914,604
6075017604,4008,3712,296
6075017700,2841,2568,273
6075017801,3567,3447,120
6075017803,2254,2113,141
6075017804,4752,4385,367
6075017903,2747,2364,383
6075018000,4758,4436,322
6075020101,3841,3464,377
6075020102,3081,2802,279
6075020201,2494,2288,206
6075020202,3914,3534,380
6075020300,3624,3350,274
6075020401,3235,2924,311
6075020402,4547,4166,381
6075020500,2663,2374,289
6075020601,2906,2677,229
6075020602,2272,2062,210
6075020701,2987,2680,307
6075020702,2520,2247,273
6075020801,3618,3221,397
6075020802,3143,2775,368
6075020900,4296,3835,461
6075021000,4213,3806,407
6075021100,4111,3524,587
6075021200,3015,2529,486
6075021300,2652,2178,474
6075021400,3404,2930,474
6075021500,5237,4405,832
6075021600,4403,3733,670
6075021700,4222,3470,752
6075021800,4091,3331,760
6075022600,5001,4646,355
6075022702,2194,1939,255
6075022704,3734,3230,504
6075022801,4956,4258,698
6075022802,1975,1752,223
6075022803,4380,3752,628
6075022901,4275,3587,688
6075022902,2283,1977,306
6075022903,3007,2601,406
6075023001,5412,4487,925
6075023003,4143,3420,723
6075023102,3377,2636,741
6075023103,4901,3308,1593
6075023200,4987,3896,1091
6075023300,4369,3565,804
6075023400,4110,3125,985
6075025100,3364,2819,545
6075025200,5164,4311,853
6075025300,4412,3754,658
6075025401,3331,2719,612
6075025402,2869,2373,496
6075025403,4430,3610,820
6075025501,3606,3040,566
6075025502,4354,3589,765
6075025600,5482,4654,828
6075025701,4716,4013,703
6075025702,4551,3772,779
6075025800,2030,1700,330
6075025900,4537,3863,674
6075026001,5553,4642,911
6075026002,3282,2818,464
6075026003,4890,4037,853
6075026004,4162,3457,705
6075026100,6890,5792,1098
6075026201,4174,3437,737
6075026202,3323,2775,548
6075026301,4761,4012,749
6075026302,4760,3974,786
6075026303,4632,3884,748
6075026401,3954,3204,750
6075026402,4174,3464,710
6075026403,4050,3402,648
6075026404,3100,2483,617
6075030101,4592,4101,491
6075030102,5500,4703,797
6075030201,3988,3549,439
6075030202,4507,4021,486
6075030301,6076,5150,926
6075030302,3670,3116,554
6075030400,5269,4316,953
6075030500,3220,2729,491
6075030600,2343,1890,453
6075030700,6859,5487,1372
6075030800,5898,4779,1119
6075030900,6707,5541,1166
6075031000,4192,3509,683
6075031100,6305,5345,960
6075031201,6064,5181,883
6075031202,3051,2609,442
6075031301,3786,3246,540
6075031302,5673,4856,817
6075031401,2942,2460,482
6075031402,4287,3529,758
6075032601,4412,3841,571
6075032602,4289,3692,597
6075032700,6472,5538,934
6075032801,4234,3651,583
6075032802,4097,3497,600
6075032901,5015,4307,708
6075032902,3850,3240,610
6075033001,3893,3313,580
6075033002,4021,3347,674
6075033100,4025,3303,722
6075033201,1729,1659,70
6075033203,4003,3392,611
6075033204,3839,3318,521
6075035101,3551,3062,489
6075035102,4252,3558,694
6075035201,5288,4438,850
6075035202,4353,3753,600
6075035300,7360,6191,1169
6075035400,6696,5673,1023
6075040100,4417,3857,560
6075040200,5539,4750,789
6075042601,3917,3315,602
6075042602,3469,2913,556
6075042700,5496,4771,725
6075042800,2433,1916,517
6075045100,5048,4414,634
6075045201,3368,2836,532
6075045202,3405,3000,405
6075047600,5302,4500,802
6075047701,4435,3845,590
6075047702,3823,3294,529
6075047801,4140,3543,597
6075047802,3786,3232,554
6075047902,3691,3191,500
6075047903,3782,3247,535
6075047904,3026,2649,377
6075060100,3690,2929,761
6075060400,2325,2068,257
6075060502,3214,2332,882
6075060701,8610,7447,1163
6075060702,3142,2770,372
6075060703,5680,5236,444
6075061000,5044,4046,998
6075061101,2008,1754,254
6075061102,2443,2114,329
6075061200,4166,3319,847
6075061401,3336,2774,562
6075061402,2545,2128,417
6075061501,2106,1941,165
6075061502,2454,2296,158
6075061503,4039,3727,312
6075061504,2246,2099,147
6075061505,1051,932,119
6075061506,4452,4124,328
6075061507,1738,1504,234
6075061508,2507,2303,204
6075980200,79,78,1
6075980300,284,267,17
6075980501,125,120,5
6075980600,1340,1081,259
6075980900,1248,1135,113
6077000101,2220,1594,626
6077000102,2678,2112,566
6077000300,2938,2220,718
6077000401,3351,2616,735
6077000402,4640,3469,1171
6077000500,3071,2044,1027
6077000600,2305,1591,714
6077000700,5939,4107,1832
6077000802,2030,1406,624
6077000803,5242,3662,1580
6077000900,6351,4512,1839
6077001000,5632,4246,1386
6077001101,5400,4018,1382
6077001102,5343,3965,1378
6077001200,5750,5117,633
6077001300,5350,4190,1160
6077001400,5015,3934,1081
6077001501,4887,3377,1510
6077001502,4596,3151,1445
6077001600,2522,1638,884
6077001700,4026,2792,1234
6077001800,4036,2784,1252
6077001900,5782,3902,1880
6077002000,4068,2807,1261
6077002100,5996,3998,1998
6077002201,3169,2139,1030
6077002202,5693,3667,2026
6077002300,5285,3628,1657
6077002401,5226,3729,1497
6077002402,2284,1595,689
6077002503,2440,1562,878
6077002504,4156,2982,1174
6077002701,7161,4981,2180
6077002702,4237,2934,1303
6077002800,6992,4795,2197
6077003106,3862,3104,758
6077003108,4653,3499,1154
6077003109,5961,4484,1477
6077003110,4175,3093,1082
6077003111,4253,3337,916
6077003112,3183,2539,644
6077003115,3543,2671,872
6077003116,3011,2242,769
6077003117,3607,2958,649
6077003118,2923,2297,626
6077003119,3751,2781,970
6077003203,3882,2963,919
6077003205,4016,3006,1010
6077003209,3964,2967,997
6077003210,3025,2426,599
6077003213,5007,3642,1365
6077003214,3221,2491,730
6077003215,4074,3130,944
6077003216,3046,2176,870
6077003217,3399,2246,1153
6077003218,3666,2658,1008
6077003219,9976,7477,2499
6077003305,4275,3213,1062
6077003306,4444,3216,1228
6077003307,5262,3772,1490
6077003308,1665,1254,411
6077003310,4678,3373,1305
6077003311,3812,2529,1283
6077003312,3450,2200,1250
6077003313,3356,2316,1040
6077003403,5064,3605,1459
6077003404,5849,4224,1625
6077003405,4216,3093,1123
6077003406,3769,2611,1158
6077003407,3083,2145,938
6077003409,4638,3426,1212
6077003410,6188,4459,1729
6077003501,2837,2255,582
6077003502,3140,2398,742
6077003503,9397,6882,2515
6077003504,8310,5928,2382
6077003601,3519,2761,758
6077003602,3274,2433,841
6077003700,3845,2742,1103
6077003803,5968,4830,1138
6077003804,6409,4502,1907
6077003805,3366,2395,971
6077003806,3772,2668,1104
6077003807,2256,1604,652
6077003808,4791,3418,1373
6077003900,1494,1143,351
6077004001,2484,1942,542
6077004003,5433,4003,1430
6077004004,6185,4495,1690
6077004104,4123,3223,900
6077004105,4973,3910,1063
6077004106,1969,1524,445
6077004107,3604,2824,780
6077004108,8480,6135,2345
6077004202,1707,1404,303
6077004203,4009,2926,1083
6077004204,2986,2432,554
6077004205,3476,2674,802
6077004206,3231,2494,737
6077004302,6122,4791,1331
6077004305,5898,4523,1375
6077004307,3984,3122,862
6077004308,3968,2846,1122
6077004309,2437,1914,523
6077004310,2549,2080,469
6077004402,5599,4077,1522
6077004403,4108,2650,1458
6077004404,3869,2546,1323
6077004501,2422,1840,582
6077004502,4160,2802,1358
6077004600,6099,4691,1408
6077004701,2815,2178,637
6077004703,3744,2967,777
6077004704,5013,3995,1018
6077004800,5509,4178,1331
6077004903,2679,2076,603
6077004904,4916,3657,1259
6077004905,3177,2413,764
6077004906,2941,2135,806
6077005001,5781,4370,1411
6077005003,6555,4773,1782
6077005004,5959,4352,1607
6077005106,12643,9257,3386
6077005108,4582,3379,1203
6077005109,3996,2954,1042
6077005119,9931,7076,2855
6077005122,7036,5210,1826
6077005123,4676,3525,1151
6077005124,3725,2792,933
6077005125,1899,1446,453
6077005126,4294,3178,1116
6077005127,6129,4455,1674
6077005129,3857,2872,985
6077005130,3275,2363,912
6077005131,7255,6149,1106
6077005132,3295,2367,928
6077005133,4319,3256,1063
6077005134,4783,3565,1218
6077005135,8680,7029,1651
6077005136,3210,2325,885
6077005137,7717,5628,2089
6077005138,2968,2381,587
6077005139,3580,2758,822
6077005140,3748,2748,1000
6077005141,3085,2304,781
6077005208,6267,4747,1520
6077005211,5476,4104,1372
6077005212,7169,5245,1924
6077005213,3656,2674,982
6077005214,9131,6435,2696
6077005215,4299,3246,1053
6077005216,5138,3914,1224
6077005217,3327,2387,940
6077005218,4117,2951,1166
6077005219,5164,3798,1366
6077005220,2547,1891,656
6077005221,9532,6263,3269
6077005222,4712,3137,1575
6077005223,10774,7005,3769
6077005224,4902,3559,1343
6077005225,3419,2637,782
6077005303,4966,3519,1447
6077005307,3294,2485,809
6077005308,4391,3342,1049
6077005309,3283,2468,815
6077005310,4003,2910,1093
6077005311,3056,2217,839
6077005312,3615,2709,906
6077005403,6046,4626,1420
6077005405,3644,2645,999
6077005406,3428,2486,942
6077005502,2312,1776,536
6077005503,1878,1502,376
6077980000,1904,1897,7
6079010016,5643,4187,1456
6079010017,3618,2935,683
6079010101,1672,1392,280
6079010103,3621,2830,791
6079010104,3285,2222,1063
6079010202,5499,4211,1288
6079010204,6120,4548,1572
6079010205,4470,3344,1126
6079010206,4001,3145,856
6079010207,4256,3401,855
6079010301,3949,3025,924
6079010302,3394,2727,667
6079010303,3241,2474,767
6079010403,3466,3141,325
6079010404,2219,1915,304
6079010504,2505,2192,313
6079010505,3280,2794,486
6079010506,2338,1990,348
6079010602,3956,3521,435
6079010603,1407,1230,177
6079010701,4717,3837,880
6079010703,3497,2845,652
6079010707,5874,4954,920
6079010902,3726,3420,306
6079010903,7459,7383,76
6079010904,3284,3264,20
6079011001,5603,4557,1046
6079011002,2933,2554,379
6079011101,3666,3329,337
6079011103,3522,2882,640
6079011104,2063,1805,258
6079011105,3534,3017,517
6079011201,4276,3673,603
6079011202,3502,3104,398
6079011300,7850,6427,1423
6079011400,3806,3803,3
6079011501,1788,1508,280
6079011505,4920,4006,914
6079011600,4334,3660,674
6079011704,3514,3089,425
6079011705,1462,1273,189
6079011706,3105,2700,405
6079011800,7510,6165,1345
6079011901,3101,2574,527
6079011903,1725,1399,326
6079011904,7289,5710,1579
6079012001,2549,2075,474
6079012002,4612,3729,883
6079012102,5482,4459,1023
6079012201,3185,2497,688
6079012202,3785,3017,768
6079012302,5774,4739,1035
6079012305,5987,5144,843
6079012306,4770,4118,652
6079012403,3903,3044,859
6079012404,6295,4737,1558
6079012405,3303,2545,758
6079012406,3677,2706,971
6079012502,5201,4021,1180
6079012503,6462,4953,1509
6079012505,4971,3938,1033
6079012601,6319,5001,1318
6079012602,1760,1402,358
6079012705,6120,4887,1233
6079012706,4233,3627,606
6079012707,4752,3700,1052
6079012708,1074,848,226
6079013000,2644,2174,470
6079013100,5566,4221,1345
6081600100,5474,4457,1017
6081600200,4368,3512,856
6081600300,4057,3378,679
6081600401,3263,2758,505
6081600402,4772,3937,835
6081600501,3900,3173,727
6081600502,3748,3139,609
6081600600,5464,4444,1020
6081600701,4884,4016,868
6081600702,2958,2503,455
6081600800,7648,6211,1437
6081600900,4039,3377,662
6081601000,6826,5704,1122
6081601100,5917,4944,973
6081601200,6746,5480,1266
6081601301,3982,3240,742
6081601302,4629,3647,982
6081601400,7129,6060,1069
6081601501,5194,4388,806
6081601502,5479,4486,993
6081601601,2884,2372,512
6081601603,5923,4930,993
6081601604,2431,2122,309
6081601605,6157,5205,952
6081601700,4313,3545,768
6081601800,6366,5165,1201
6081601901,4117,3362,755
6081601902,5841,4847,994
6081602001,4730,3908,822
6081602002,3233,2666,567
6081602100,3710,2758,952
6081602201,4929,3885,1044
6081602202,3857,3081,776
6081602300,4238,3396,842
6081602400,6924,5758,1166
6081602500,5156,4267,889
6081602601,4276,3546,730
6081602602,4034,3291,743
6081602700,6080,4802,1278
6081602800,4639,3759,880
6081602900,3958,3333,625
6081603000,4597,3854,743
6081603100,3306,2653,653
6081603200,3966,3114,852
6081603300,6568,5291,1277
6081603400,5561,4517,1044
6081603700,5667,4647,1020
6081603801,2291,2024,267
6081603802,5267,4234,1033
6081603900,5590,4599,991
6081604000,3314,2648,666
6081604102,3565,3221,344
6081604103,4847,3811,1036
6081604104,3267,2598,669
6081604200,4197,3317,880
6081604400,5287,4259,1028
6081604500,3648,2904,744
6081604600,2808,2221,587
6081604700,2879,2367,512
6081604800,5207,4170,1037
6081604900,3387,2759,628
6081605000,8603,6592,2011
6081605100,3339,2608,731
6081605200,3816,2759,1057
6081605300,5022,3801,1221
6081605400,6364,4965,1399
6081605501,2999,2595,404
6081605502,2479,1928,551
6081605600,5832,4362,1470
6081605700,5563,4247,1316
6081605800,2621,2113,508
6081605901,3267,2720,547
6081605902,2989,2480,509
6081606000,5242,4221,1021
6081606100,4380,3382,998
6081606201,4083,3034,1049
6081606202,3854,3076,778
6081606300,4159,3480,679
6081606400,5261,4502,759
6081606500,3713,2771,942
6081606600,3740,2939,801
6081606700,2617,1984,633
6081606800,3344,2670,674
6081606900,2446,1861,585
6081607000,3582,2871,711
6081607100,2967,2344,623
6081607200,4971,3939,1032
6081607300,3642,2891,751
6081607400,4919,4043,876
6081607500,6613,5201,1412
6081607600,4269,3327,942
6081607701,3998,3223,775
6081607702,2893,2350,543
6081607800,3198,2552,646
6081607900,3518,3042,476
6081608001,3534,2820,714
6081608002,3728,2903,825
6081608013,4188,3295,893
6081608023,2531,1957,574
6081608024,3025,2365,660
6081608025,5931,4809,1122
6081608100,3645,2789,856
6081608200,3749,2910,839
6081608300,3474,2717,757
6081608400,5664,4648,1016
6081608501,5013,3933,1080
6081608502,2750,2312,438
6081608600,4729,3815,914
6081608700,7670,6018,1652
6081608800,6179,4646,1533
6081608900,7261,5774,1487
6081609000,2808,2204,604
6081609100,1647,1265,382
6081609201,3902,2995,907
6081609202,4357,3589,768
6081609300,3499,2561,938
6081609400,3458,2475,983
6081609500,5161,3843,1318
6081609601,3243,2501,742
6081609602,1818,1379,439
6081609603,5510,4439,1071
6081609700,4462,3593,869
6081609800,4733,3746,987
6081609900,3068,2414,654
6081610000,4782,3928,854
6081610100,2489,1966,523
6081610201,5501,4275,1226
6081610202,5118,4709,409
6081610203,3244,2447,797
6081610302,4796,4118,678
6081610303,8278,6307,1971
6081610304,4503,3580,923
6081610400,5580,4228,1352
6081610500,4737,3593,1144
6081610601,5797,4285,1512
6081610602,3403,2725,678
6081610700,5200,4245,955
6081610800,4664,3589,1075
6081610901,3115,2435,680
6081610902,3631,2842,789
6081611000,5978,4836,1142
6081611100,6423,4959,1464
6081611200,3013,2330,683
6081611300,4891,3911,980
6081611400,4453,3701,752
6081611500,2735,2124,611
6081611600,2466,1723,743
6081611700,6437,5013,1424
6081611800,4481,3414,1067
6081611901,4465,3372,1093
6081611902,6335,4759,1576
6081612001,4120,3121,999
6081612002,3249,2496,753
6081612101,4174,2969,1205
6081612102,4187,2998,1189
6081612500,4728,3700,1028
6081612600,4653,3776,877
6081612700,2291,1726,565
6081612800,3354,2347,1007
6081612900,4728,3517,1211
6081613000,3279,2570,709
6081613200,6846,5451,1395
6081613300,2759,2208,551
6081613400,3134,2483,651
6081613501,4148,3270,878
6081613502,6047,4984,1063
6081613600,6053,4912,1141
6081613701,4312,3591,721
6081613702,4899,3891,1008
6081613800,4299,3614,685
6081613900,5963,4538,1425
6081614000,6172,5012,1160
6083000101,5922,4898,1024
6083000102,5386,4381,1005
6083000103,3477,2920,557
6083000201,2651,2365,286
6083000202,2423,2034,389
6083000301,2884,2438,446
6083000302,4136,3488,648
6083000400,4913,4301,612
6083000501,3328,2840,488
6083000502,5946,4828,1118
6083000600,4817,4238,579
6083000700,6536,5682,854
6083000801,4021,3140,881
6083000805,1332,1271,61
6083000806,5689,4347,1342
6083000900,3497,2991,506
6083001001,2665,2273,392
6083001002,3104,2727,377
6083001101,4422,3495,927
6083001102,4372,3333,1039
6083001203,2834,2444,390
6083001206,4238,3435,803
6083001208,4276,3595,681
6083001306,3250,2776,474
6083001307,3867,3263,604
6083001308,3607,3077,530
6083001403,1483,1209,274
6083001404,1663,1397,266
6083001500,2834,2387,447
6083001601,5405,4212,1193
6083001604,4833,3964,869
6083001704,3101,2424,677
6083001706,4569,3935,634
6083001800,1120,858,262
6083001905,3172,2655,517
6083001907,940,745,195
6083001908,5303,4352,951
6083001909,3914,3282,632
6083001910,2719,2251,468
6083001911,2813,2219,594
6083001912,5269,4025,1244
6083002005,5396,4113,1283
6083002006,2790,2247,543
6083002008,6580,5050,1530
6083002009,4229,3265,964
6083002010,4583,3492,1091
6083002011,5953,4498,1455
6083002012,3209,2446,763
6083002013,2887,2297,590
6083002014,6335,4820,1515
6083002015,4161,3270,891
6083002101,4754,3281,1473
6083002102,2435,1747,688
6083002103,5044,3555,1489
6083002205,5395,3540,1855
6083002206,5358,3702,1656
6083002209,3635,2528,1107
6083002210,6401,4606,1795
6083002211,6298,5088,1210
6083002303,6535,4586,1949
6083002304,6478,4134,2344
6083002307,4994,3633,1361
6083002308,3688,2826,862
6083002309,3849,2653,1196
6083002310,3452,2336,1116
6083002405,4373,2668,1705
6083002406,3583,2209,1374
6083002407,5039,3030,2009
6083002408,2222,1433,789
6083002409,9707,6903,2804
6083002410,6166,4012,2154
6083002503,2317,1545,772
6083002504,6078,4256,1822
6083002703,4222,3208,1014
6083002705,4634,3411,1223
6083002706,6222,4295,1927
6083002707,2526,2013,513
6083002708,2665,2158,507
6083002709,3474,2352,1122
6083002710,4365,2938,1427
6083002802,7574,5753,1821
6083002806,2878,2169,709
6083002808,7314,5710,1604
6083002809,4992,3883,1109
6083002906,3974,3285,689
6083002907,3883,3142,741
6083002909,5884,4657,1227
6083002913,4090,3341,749
6083002914,3295,2709,586
6083002924,6055,5639,416
6083002926,5492,4989,503
6083002932,2449,2000,449
6083002933,6742,6001,741
6083002934,3620,3036,584
6083002935,3507,2833,674
6083002936,3953,3555,398
6083002937,3160,2605,555
6083003001,6243,5024,1219
6083003004,4820,3889,931
6083003005,5020,3939,1081
6083003007,3766,3236,530
6083003102,3337,2683,654
6083980200,3533,2326,1207
6083980300,4909,4855,54
6083980400,2929,2879,50
6085500100,7969,6508,1461
6085500200,5281,4636,645
6085500300,4765,4104,661
6085500400,2476,2038,438
6085500500,5506,4566,940
6085500600,5548,4718,830
6085500800,4669,4181,488
6085500901,4011,3664,347
6085500902,4957,4767,190
6085501000,5468,4639,829
6085501101,4305,3670,635
6085501102,4437,3578,859
6085501200,4129,3359,770
6085501300,3786,3345,441
6085501401,3496,2623,873
6085501402,2962,2275,687
6085501501,4392,3298,1094
6085501502,4734,3621,1113
6085501601,3728,3145,583
6085501602,3441,2829,612
6085501700,5155,3972,1183
6085501800,4852,3834,1018
6085501901,2918,2483,435
6085501902,4176,3536,640
6085502001,5010,4095,915
6085502002,5166,3911,1255
6085502101,5101,4265,836
6085502103,4449,3482,967
6085502104,2645,2150,495
6085502202,3018,2589,429
6085502203,4118,3553,565
6085502204,3220,2539,681
6085502301,3338,2646,692
6085502302,2995,2402,593
6085502400,7235,5783,1452
6085502500,6540,4974,1566
6085502601,2831,2300,531
6085502603,2655,2117,538
6085502604,4494,3834,660
6085502701,5048,3989,1059
6085502703,4744,3676,1068
6085502704,4006,2973,1033
6085502800,4422,3313,1109
6085502901,6250,4780,1470
6085502902,7864,6005,1859
6085502903,5333,4062,1271
6085502906,4848,3597,1251
6085502907,3857,2956,901
6085502908,6951,5145,1806
6085502909,5324,4100,1224
6085502910,3908,3039,869
6085503001,4430,3416,1014
6085503002,3611,2850,761
6085503003,5218,4041,1177
6085503105,2417,2035,382
6085503110,4407,3140,1267
6085503111,4739,3782,957
6085503112,4379,3469,910
6085503113,4604,3484,1120
6085503116,5785,4741,1044
6085503117,2911,2199,712
6085503118,5223,4024,1199
6085503121,4767,3614,1153
6085503122,4108,3243,865
6085503123,3889,3043,846
6085503124,4723,3528,1195
6085503125,3680,2931,749
6085503126,3943,3144,799
6085503127,5065,4145,920
6085503207,4115,3362,753
6085503208,3737,2904,833
6085503210,4114,3230,884
6085503211,4731,3819,912
6085503212,4117,3334,783
6085503213,4769,3832,937
6085503217,4406,3345,1061
6085503218,4359,3276,1083
6085503219,2890,2229,661
6085503220,5635,4307,1328
6085503221,2980,2349,631
6085503222,4691,3599,1092
6085503304,6537,5226,1311
6085503305,6333,5105,1228
6085503306,4069,3242,827
6085503312,3562,2905,657
6085503313,4600,3670,930
6085503315,7722,6137,1585
6085503321,4571,3796,775
6085503322,4310,3443,867
6085503323,4712,3702,1010
6085503324,3577,2790,787
6085503325,4449,3488,961
6085503326,6625,4996,1629
6085503327,4856,3878,978
6085503329,3953,2893,1060
6085503330,7319,5396,1923
6085503331,3273,2812,461
6085503332,5435,4827,608
6085503333,4714,3712,1002
6085503336,3370,2648,722
6085503337,3851,3142,709
6085503338,4726,3455,1271
6085503339,4047,3150,897
6085503401,4910,3768,1142
6085503402,4843,3612,1231
6085503504,5888,4479,1409
6085503506,6180,4685,1495
6085503507,2224,1690,534
6085503508,6172,4650,1522
6085503509,3897,3026,871
6085503510,5901,4426,1475
6085503511,3622,2931,691
6085503601,2993,2300,693
6085503602,4735,3615,1120
6085503703,3927,2886,1041
6085503707,5406,4153,1253
6085503708,2686,2223,463
6085503709,6878,5489,1389
6085503710,3836,2830,1006
6085503711,4632,3343,1289
6085503712,4217,3355,862
6085503713,3014,2275,739
6085503802,8208,6494,1714
6085503803,4617,3674,943
6085503804,5700,4660,1040
6085503902,6023,4499,1524
6085503903,3289,2578,711
6085504001,6022,4548,1474
6085504002,5908,4581,1327
6085504101,4217,3258,959
6085504102,5818,4480,1338
6085504201,5269,4230,1039
6085504202,4896,4052,844
6085504307,5722,4568,1154
6085504308,4613,3762,851
6085504311,8308,6907,1401
6085504314,4745,3762,983
6085504315,6696,5251,1445
6085504316,4902,4011,891
6085504317,4312,3613,699
6085504318,7427,6063,1364
6085504319,7917,6328,1589
6085504320,2866,2331,535
6085504321,5419,4359,1060
6085504322,5505,4466,1039
6085504323,5738,4542,1196
6085504410,4282,3431,851
6085504411,5350,4281,1069
6085504412,4703,3634,1069
6085504413,1906,1485,421
6085504414,5059,4087,972
6085504415,5218,4080,1138
6085504416,3758,2866,892
6085504418,4852,3746,1106
6085504421,4804,3771,1033
6085504422,3680,2949,731
6085504423,2307,1838,469
6085504424,4869,4010,859
6085504505,11204,9003,2201
6085504506,6951,5339,1612
6085504507,5973,4700,1273
6085504508,3810,3227,583
6085504509,5600,4359,1241
6085504510,4119,3157,962
6085504601,1031,899,132
6085504602,2056,1657,399
6085504700,661,415,246
6085504802,5393,4413,980
6085504805,7454,6453,1001
6085504806,2776,2274,502
6085504807,6001,5127,874
6085504808,1623,1345,278
6085504902,4579,3369,1210
6085504903,5353,4239,1114
6085505006,11912,10244,1668
6085505007,3760,3006,754
6085505010,4315,3451,864
6085505011,5413,4469,944
6085505012,2861,2520,341
6085505013,5705,4965,740
6085505014,6446,5350,1096
6085505015,4580,3776,804
6085505100,4616,3878,738
6085505202,7715,6356,1359
6085505203,5673,5117,556
6085505301,5484,4513,971
6085505302,4690,3836,854
6085505303,6127,4847,1280
6085505304,3281,2675,606
6085505305,6114,4958,1156
6085505401,6492,5417,1075
6085505402,3090,2456,634
6085505403,8695,6958,1737
6085505500,4217,3338,879
6085505600,4338,3849,489
6085505700,5738,4736,1002
6085505800,4027,3266,761
6085505901,3794,3117,677
6085505902,3829,3208,621
6085506000,4938,3967,971
6085506101,4829,3824,1005
6085506102,4574,3707,867
6085506103,5052,3764,1288
6085506202,7512,5786,1726
6085506203,7138,5333,1805
6085506204,6423,4851,1572
6085506301,5631,4676,955
6085506302,6210,4976,1234
6085506304,5412,4239,1173
6085506305,7257,5623,1634
6085506401,5096,4244,852
6085506402,5719,4598,1121
6085506502,4723,3940,783
6085506503,6802,5579,1223
6085506504,2712,1999,713
6085506505,4788,3535,1253
6085506601,4726,3639,1087
6085506603,4084,3138,946
6085506604,7714,5773,1941
6085506605,4320,3433,887
6085506606,4537,3568,969
6085506701,4093,3073,1020
6085506702,5956,4631,1325
6085506703,3937,3055,882
6085506801,6454,4775,1679
6085506802,5533,4044,1489
6085506803,7357,5368,1989
6085506804,3936,2828,1108
6085506900,8031,6190,1841
6085507002,3012,2373,639
6085507003,2793,2261,532
6085507004,4154,3292,862
6085507100,3020,2394,626
6085507203,2891,2179,712
6085507205,4853,3821,1032
6085507206,2928,2325,603
6085507301,6725,5459,1266
6085507302,2883,2298,585
6085507401,5709,4542,1167
6085507402,4091,3265,826
6085507500,5984,4749,1235
6085507600,5815,4698,1117
6085507701,4092,3209,883
6085507702,6107,4933,1174
6085507704,3466,2673,793
6085507705,4560,3548,1012
6085507805,5180,3995,1185
6085507806,5824,4143,1681
6085507807,3191,2417,774
6085507808,5674,4306,1368
6085507903,4888,3832,1056
6085507904,3404,2653,751
6085507905,6188,4595,1593
6085507906,4508,3493,1015
6085508003,2266,1653,613
6085508004,6561,4868,1693
6085508005,4321,3252,1069
6085508006,3690,2801,889
6085508101,6726,4905,1821
6085508102,4143,3097,1046
6085508203,5573,3973,1600
6085508204,4339,3171,1168
6085508205,3862,2910,952
6085508206,4341,3332,1009
6085508301,4689,3648,1041
6085508303,2631,2020,611
6085508305,5103,3893,1210
6085508306,3192,2449,743
6085508401,7168,5265,1903
6085508403,3092,2369,723
6085508404,6884,5122,1762
6085508503,6909,5220,1689
6085508505,4741,3882,859
6085508507,3191,2573,618
6085508508,5894,4576,1318
6085508509,4231,3633,598
6085508510,3428,2700,728
6085508601,4169,3257,912
6085508602,5461,4537,924
6085508705,4581,3769,812
6085508706,4505,3741,764
6085508707,4095,3408,687
6085508708,4653,4007,646
6085508800,3635,3001,634
6085508900,4887,3965,922
6085509001,3355,2698,657
6085509002,3833,3102,731
6085509102,5094,4357,737
6085509106,4678,3829,849
6085509107,5242,4301,941
6085509108,4654,3724,930
6085509109,5663,4544,1119
6085509110,3633,2988,645
6085509111,4326,3549,777
6085509201,5324,4591,733
6085509202,4655,3766,889
6085509302,3122,2435,687
6085509303,3536,3046,490
6085509304,3316,2712,604
6085509401,3754,3076,678
6085509403,5095,4136,959
6085509404,6651,5304,1347
6085509500,5553,4592,961
6085509600,3614,3072,542
6085509700,3230,2584,646
6085509801,6196,4794,1402
6085509802,2967,2195,772
6085509901,2244,1674,570
6085509902,5301,4030,1271
6085510001,6295,4727,1568
6085510002,3754,2847,907
6085510100,3016,2338,678
6085510200,4549,3399,1150
6085510300,4621,3498,1123
6085510400,3631,2737,894
6085510500,5371,4154,1217
6085510600,6286,4893,1393
6085510700,5487,4248,1239
6085510801,5999,4522,1477
6085510802,1971,1477,494
6085510803,2781,2180,601
6085510900,5404,4185,1219
6085511000,6939,5150,1789
6085511100,5513,4165,1348
6085511200,4706,3598,1108
6085511301,3860,3123,737
6085511302,4118,3615,503
6085511400,3649,2870,779
6085511501,4914,3947,967
6085511502,3176,2744,432
6085511608,3705,3659,46
6085511609,3481,2901,580
6085511701,4285,3377,908
6085511702,2906,2209,697
6085511704,4702,3877,825
6085511705,1716,1339,377
6085511707,2959,2493,466
6085511800,4185,3325,860
6085511905,3243,2409,834
6085511907,4033,3031,1002
6085511910,3097,2380,717
6085511911,4885,3975,910
6085511912,5348,4099,1249
6085511913,4336,3284,1052
6085511914,5664,4363,1301
6085511915,3562,2631,931
6085511916,4836,3597,1239
6085511917,5060,3978,1082
6085511918,3545,2667,878
6085512001,7025,5356,1669
6085512005,6601,5222,1379
6085512019,4653,3733,920
6085512021,6292,5103,1189
6085512022,5877,4667,1210
6085512023,5655,4295,1360
6085512024,4698,3692,1006
6085512025,3232,2598,634
6085512026,3949,3140,809
6085512027,4371,3479,892
6085512029,6813,5403,1410
6085512030,3096,2367,729
6085512031,4447,3375,1072
6085512032,3487,2727,760
6085512034,3179,2500,679
6085512035,4234,3242,992
6085512036,5047,3874,1173
6085512037,3149,2465,684
6085512038,3086,2485,601
6085512039,5097,3996,1101
6085512042,2972,2279,693
6085512043,6028,4357,1671
6085512045,5635,4415,1220
6085512047,5379,4290,1089
6085512052,4119,3424,695
6085512053,4687,3628,1059
6085512054,4373,3448,925
6085512055,2998,2446,552
6085512056,4084,3117,967
6085512057,3883,2979,904
6085512058,6070,4776,1294
6085512059,6299,4765,1534
6085512100,1755,1357,398
6085512200,4790,3891,899
6085512305,4761,3768,993
6085512307,6841,5353,1488
6085512308,8984,6790,2194
6085512309,4983,3917,1066
6085512310,5163,3883,1280
6085512311,4123,3137,986
6085512312,3756,2868,888
6085512313,4151,2993,1158
6085512314,6940,5141,1799
6085512401,4830,3877,953
6085512402,5136,4119,1017
6085512505,7643,5661,1982
6085512509,6469,4614,1855
6085512510,7791,6015,1776
6085512511,3716,2890,826
6085512512,4458,3190,1268
6085512513,4133,2879,1254
6085512514,3404,2454,950
6085512515,5695,4138,1557
6085512516,4069,3132,937
6085512602,3531,2792,739
6085512603,5303,3601,1702
6085512604,5101,3658,1443
6085513000,14272,13749,523
6085513500,960,786,174
6087100100,2294,1861,433
6087100200,6825,5745,1080
6087100300,4020,3470,550
6087100400,8452,8200,252
6087100500,5490,4693,797
6087100600,3358,2840,518
6087100700,2275,2077,198
6087100801,3956,3362,594
6087100802,3010,2593,417
6087100900,4274,3775,499
6087101001,4030,3480,550
6087101002,4771,4156,615
6087101100,5501,4763,738
6087101200,3461,3014,447
6087110101,2788,2139,649
6087110102,4629,3438,1191
6087110201,2796,2035,761
6087110202,4899,3634,1265
6087110301,4327,3009,1318
6087110302,2879,1971,908
6087110401,3681,2500,1181
6087110402,4774,3370,1404
6087110503,3862,2714,1148
6087110504,2511,1783,728
6087110505,4580,3327,1253
6087110506,3189,2278,911
6087110601,5322,3918,1404
6087110602,2828,1968,860
6087110700,3307,2434,873
6087120200,4680,3897,783
6087120301,5019,4142,877
6087120302,3152,2602,550
6087120400,5411,4444,967
6087120500,6007,5017,990
6087120600,4735,3927,808
6087120700,4567,3787,780
6087120800,6157,5012,1145
6087120901,3450,2786,664
6087120902,5231,4029,1202
6087121000,3579,2841,738
6087121100,3041,2520,521
6087121200,6914,5616,1298
6087121300,4210,3426,784
6087121401,2691,2253,438
6087121402,4109,3340,769
6087121403,3355,2785,570
6087121501,2859,2499,360
6087121502,2085,1727,358
6087121601,3455,2934,521
6087121602,2777,2316,461
6087121701,4059,3452,607
6087121702,3462,2779,683
6087121801,2007,1726,281
6087121802,2660,2306,354
6087122001,5135,4231,904
6087122002,3548,2983,565
6087122004,2941,2440,501
6087122005,3889,3200,689
6087122100,3315,2776,539
6087122202,2235,1844,391
6087122203,3688,3016,672
6087122204,3025,2418,607
6087122205,3205,2711,494
6087122300,3965,3201,764
6087122401,2956,2464,492
6087122402,4280,3624,656
6087122500,6717,4892,1825
6087123100,2640,2032,608
6087123300,1561,1222,339
6089010100,1680,1471,209
6089010200,2225,1871,354
6089010300,4125,3271,854
6089010400,4452,3510,942
6089010500,4927,3898,1029
6089010601,2495,1951,544
6089010602,5683,4424,1259
6089010603,906,704,202
6089010702,3731,2997,734
6089010703,3423,2926,497
6089010704,4623,3591,1032
6089010803,5768,4546,1222
6089010804,2279,1808,471
6089010805,5012,3808,1204
6089010806,3128,2537,591
6089010807,4647,3724,923
6089010900,4248,3317,931
6089011001,1674,1316,358
6089011002,5429,4235,1194
6089011100,3467,2638,829
6089011209,6384,4805,1579
6089011300,5379,3989,1390
6089011401,3969,3044,925
6089011402,3279,2489,790
6089011403,3255,2451,804
6089011501,3412,2625,787
6089011502,2631,2235,396
6089011600,3788,3069,719
6089011701,2695,2058,637
6089011702,3449,2623,826
6089011703,3134,2451,683
6089011801,2482,2002,480
6089011802,2540,2086,454
6089011803,2818,2299,519
6089011900,4910,3801,1109
6089012000,5357,3932,1425
6089012101,4915,3689,1226
6089012102,2152,1708,444
6089012200,5579,4237,1342
6089012301,2604,2010,594
6089012302,5426,4324,1102
6089012303,4009,3089,920
6089012400,3464,2879,585
6089012500,1408,1225,183
6089012603,4295,3677,618
6089012604,2205,1874,331
6089012605,1985,1640,345
6089012606,3346,2797,549
6089012701,4154,3247,907
6089012702,3209,2614,595
6091010000,3236,2698,538
6093000100,1234,855,379
6093000200,1671,1285,386
6093000300,3966,3214,752
6093000600,1759,1407,352
6093000701,3884,3136,748
6093000702,4525,3474,1051
6093000703,3291,2542,749
6093000800,3370,2698,672
6093000901,4135,3367,768
6093000902,3339,2743,596
6093001001,1299,1062,237
6093001002,1698,1459,239
6093001003,3914,3286,628
6093001100,2183,1828,355
6093001200,1279,1138,141
6093001300,2529,2096,433
6095250103,4804,3760,1044
6095250104,2257,1890,367
6095250105,7243,5934,1309
6095250106,3684,3118,566
6095250200,4280,3249,1031
6095250300,3539,2780,759
6095250400,3372,2661,711
6095250501,2215,1740,475
6095250502,3266,2697,569
6095250601,4833,3692,1141
6095250604,3848,3239,609
6095250605,4012,3409,603
6095250701,3473,2631,842
6095250801,4916,4082,834
6095250900,3038,2437,601
6095251000,2742,2181,561
6095251100,3490,2648,842
6095251200,3639,2809,830
6095251300,3168,2578,590
6095251400,6010,4769,1241
6095251500,3992,3036,956
6095251600,2694,2109,585
6095251701,3800,2936,864
6095251702,2819,2163,656
6095251802,3132,2500,632
6095251803,5526,4246,1280
6095251804,3621,3019,602
6095251901,5264,4157,1107
6095251902,6123,4697,1426
6095251903,5906,4528,1378
6095252000,4361,3711,650
6095252102,3992,3160,832
6095252103,5643,4586,1057
6095252104,5981,4608,1373
6095252105,3204,2634,570
6095252106,4122,3309,813
6095252107,3535,2782,753
6095252108,3067,2507,560
6095252203,4964,3833,1131
6095252204,5267,4018,1249
6095252205,8669,6422,2247
6095252206,4908,3860,1048
6095252305,6084,4713,1371
6095252306,3523,2799,724
6095252310,3067,2579,488
6095252311,4623,3829,794
6095252312,3443,2773,670
6095252313,5887,4814,1073
6095252314,4599,3607,992
6095252315,4283,3467,816
6095252316,3622,2782,840
6095252317,11656,8707,2949
6095252401,4855,3614,1241
6095252402,5419,4094,1325
6095252501,2870,2189,681
6095252502,1896,1423,473
6095252604,3652,2701,951
6095252605,5985,4291,1694
6095252606,5423,3911,1512
6095252607,3836,2667,1169
6095252608,4190,2985,1205
6095252610,3317,2592,725
6095252611,3607,2605,1002
6095252702,7039,5478,1561
6095252703,4263,3239,1024
6095252704,5325,4128,1197
6095252705,6144,4751,1393
6095252706,4182,3196,986
6095252707,5044,3898,1146
6095252801,2635,1540,1095
6095252802,1472,1257,215
6095252903,4475,3767,708
6095252904,8478,6632,1846
6095252908,3825,2905,920
6095252909,4421,3315,1106
6095252910,5788,4402,1386
6095252911,5070,4662,408
6095252912,5612,4333,1279
6095252913,4998,3831,1167
6095252914,5592,4177,1415
6095252915,6318,4599,1719
6095253000,6640,6633,7
6095253101,5302,4165,1137
6095253105,6489,4990,1499
6095253106,3427,2645,782
6095253107,5999,4692,1307
6095253108,4353,3427,926
6095253201,4821,3842,979
6095253203,4179,3139,1040
6095253205,3091,2311,780
6095253206,3688,2702,986
6095253207,2332,1826,506
6095253208,5173,3693,1480
6095253300,2527,2012,515
6095253402,8381,6153,2228
6095253403,5369,4146,1223
6095253404,5815,4413,1402
6095253501,6327,5955,372
6095253502,4637,3647,990
6097150100,2148,1792,356
6097150203,4529,3847,682
6097150204,3559,3011,548
6097150205,3977,3342,635
6097150206,1247,1113,134
6097150303,4013,3658,355
6097150304,5834,4645,1189
6097150305,5353,3868,1485
6097150306,3746,3070,676
6097150501,2457,2172,285
6097150502,1736,1401,335
6097150601,4411,3389,1022
6097150602,4347,3477,870
6097150603,7277,5916,1361
6097150607,5157,4025,1132
6097150609,4988,3975,1013
6097150610,3956,3064,892
6097150611,4180,3195,985
6097150612,4449,3623,826
6097150701,4744,3978,766
6097150702,5187,4100,1087
6097150800,4941,4032,909
6097150901,5104,3939,1165
6097150902,3406,2751,655
6097151000,3359,2817,542
6097151100,4855,3921,934
6097151203,5269,4248,1021
6097151204,3651,2945,706
6097151205,2786,2310,476
6097151206,5137,4092,1045
6097151301,4467,3530,937
6097151305,5533,4304,1229
6097151306,3795,3096,699
6097151307,5218,4205,1013
6097151308,4870,4090,780
6097151309,6361,5150,1211
6097151310,6959,6065,894
6097151311,6792,5434,1358
6097151403,4932,3678,1254
6097151404,3290,2365,925
6097151405,6755,4915,1840
6097151406,3669,2776,893
6097151503,3446,2889,557
6097151504,3705,3009,696
6097151505,1451,1255,196
6097151506,5469,4415,1054
6097151601,2983,2919,64
6097151602,3212,3051,161
6097151701,3327,2569,758
6097151702,3876,3227,649
6097151800,5056,4129,927
6097151900,2921,2423,498
6097152000,2168,1757,411
6097152100,2804,2409,395
6097152201,3839,3146,693
6097152203,3628,3106,522
6097152204,5103,4039,1064
6097152205,2004,1552,452
6097152300,4153,3466,687
6097152401,4009,3347,662
6097152402,3418,2991,427
6097152501,4396,3424,972
6097152502,3498,2884,614
6097152601,6554,5157,1397
6097152602,1163,1008,155
6097152701,5122,4138,984
6097152702,5007,3878,1129
6097152801,4526,3643,883
6097152803,4164,3041,1123
6097152804,2807,2209,598
6097152903,5185,3840,1345
6097152904,5366,4258,1108
6097152905,4058,3259,799
6097152906,6084,4761,1323
6097153001,7397,5666,1731
6097153002,6578,5043,1535
6097153003,5834,4473,1361
6097153005,6614,5364,1250
6097153006,7343,5906,1437
6097153102,5566,4036,1530
6097153103,4860,3549,1311
6097153104,4093,3008,1085
6097153201,4705,3447,1258
6097153202,3910,2861,1049
6097153301,6622,5116,1506
6097153302,5611,4305,1306
6097153403,4010,3324,686
6097153404,4094,3414,680
6097153405,3513,2853,660
6097153406,2662,2183,479
6097153501,4505,3830,675
6097153502,3720,3186,534
6097153601,1880,1568,312
6097153602,3150,2689,461
6097153705,3382,2901,481
6097153707,1517,1343,174
6097153708,1696,1509,187
6097153709,1591,1347,244
6097153710,2269,1928,341
6097153711,2213,1839,374
6097153712,1929,1636,293
6097153804,3231,2505,726
6097153806,2686,2173,513
6097153807,3957,3142,815
6097153808,4313,3409,904
6097153809,4510,3550,960
6097153810,4135,3219,916
6097153811,5154,3852,1302
6097153902,4436,3480,956
6097153903,3588,2989,599
6097153904,1753,1544,209
6097153905,3391,2717,674
6097154000,2235,1950,285
6097154100,3399,2903,496
6097154201,4088,3180,908
6097154202,6306,5062,1244
6097154304,2181,1925,256
6097154305,1665,1474,191
6097154306,2093,1794,299
6097154307,745,703,42
6097154308,787,734,53
6099000101,5672,4452,1220
6099000102,3765,2959,806
6099000201,6211,4804,1407
6099000202,8312,5817,2495
6099000204,5178,3980,1198
6099000205,4115,3014,1101
6099000301,2038,1502,536
6099000302,2782,2028,754
6099000303,6285,4524,1761
6099000304,5126,3676,1450
6099000403,4651,3669,982
6099000404,5991,4672,1319
6099000405,2613,1900,713
6099000406,6247,4444,1803
6099000407,3027,2252,775
6099000501,7672,5822,1850
6099000503,5252,3969,1283
6099000505,5187,3952,1235
6099000506,4607,3552,1055
6099000511,6096,4657,1439
6099000512,2999,2459,540
6099000513,4574,3317,1257
6099000514,3743,2667,1076
6099000601,4737,3574,1163
6099000602,3035,2288,747
6099000801,6826,5329,1497
6099000803,5153,3647,1506
6099000805,6584,4786,1798
6099000806,4474,3363,1111
6099000807,3782,3121,661
6099000905,6221,4805,1416
6099000906,6106,4822,1284
6099000907,3371,2644,727
6099000908,5480,4220,1260
6099000909,4746,3625,1121
6099000910,6936,5153,1783
6099000911,4966,3802,1164
6099000913,7366,5428,1938
6099000914,7093,5173,1920
6099000915,4833,3655,1178
6099001001,6746,5270,1476
6099001002,3427,2655,772
6099001100,4381,3369,1012
6099001200,3961,3127,834
6099001300,6342,4976,1366
6099001400,7546,5567,1979
6099001500,7108,5271,1837
6099001601,4968,3416,1552
6099001603,5959,4088,1871
6099001604,4031,2637,1394
6099001700,2645,1865,780
6099001800,2011,1652,359
6099001900,5863,4573,1290
6099002002,4662,3524,1138
6099002004,6759,4808,1951
6099002005,3988,2826,1162
6099002006,4765,3470,1295
6099002100,3713,2641,1072
6099002200,6502,4549,1953
6099002302,3991,2799,1192
6099002303,5729,3883,1846
6099002304,2841,1982,859
6099002401,3852,2601,1251
6099002402,5509,3735,1774
6099002503,4755,3291,1464
6099002504,4532,3220,1312
6099002505,5064,3567,1497
6099002506,2015,1521,494
6099002602,5495,3728,1767
6099002603,3131,2345,786
6099002604,4917,3398,1519
6099002605,4231,3088,1143
6099002701,4186,3118,1068
6099002702,7175,5080,2095
6099002801,6122,4312,1810
6099002802,6931,5088,1843
6099002803,2933,2341,592
6099002901,4990,3802,1188
6099002903,6235,4471,1764
6099002904,2208,1660,548
6099003002,7207,5105,2102
6099003003,7984,5716,2268
6099003004,2112,1532,580
6099003100,3843,2829,1014
6099003201,5641,3993,1648
6099003203,5614,4049,1565
6099003204,2614,1876,738
6099003205,4654,3315,1339
6099003206,5753,4022,1731
6099003300,5992,4299,1693
6099003400,1675,1245,430
6099003501,7529,5253,2276
6099003502,5297,3687,1610
6099003603,4012,2923,1089
6099003607,2403,1782,621
6099003608,6530,4888,1642
6099003609,3693,2838,855
6099003610,4826,3936,890
6099003611,4172,3101,1071
6099003612,7303,5325,1978
6099003700,4996,3564,1432
6099003802,5724,4017,1707
6099003803,3045,2221,824
6099003804,6826,4959,1867
6099003805,3087,2318,769
6099003904,4732,3526,1206
6099003905,3940,2997,943
6099003906,5129,3742,1387
6099003907,7566,6082,1484
6099003908,2449,1793,656
6099003909,6625,5232,1393
6099004000,3834,2906,928
6101050101,7292,5339,1953
6101050102,5008,3660,1348
6101050201,3277,2361,916
6101050202,3982,2942,1040
6101050301,2593,1988,605
6101050302,6286,4446,1840
6101050401,5109,3773,1336
6101050402,4270,3177,1093
6101050403,3970,2796,1174
6101050501,6325,4787,1538
6101050503,7368,5621,1747
6101050504,7395,5677,1718
6101050601,6281,4730,1551
6101050603,5350,4247,1103
6101050604,4379,3527,852
6101050701,4533,3298,1235
6101050702,6616,4845,1771
6101050800,3518,2674,844
6101050900,1388,1073,315
6101051000,2237,1682,555
6101051100,2456,1938,518
6103000100,4670,3736,934
6103000201,3775,2846,929
6103000202,4358,3348,1010
6103000300,4682,3676,1006
6103000400,5598,4510,1088
6103000500,5858,4364,1494
6103000600,5813,4497,1316
6103000701,4380,3278,1102
6103000702,3517,2500,1017
6103000800,3905,2953,952
6103000900,3820,2995,825
6103001000,7139,5335,1804
6103001101,2554,1858,696
6103001102,5760,3955,1805
6105000101,2686,2242,444
6105000102,4405,3528,877
6105000200,2014,1723,291
6105000500,7007,5926,1081
6107000101,2538,2131,407
6107000102,2542,2025,517
6107000202,2381,1635,746
6107000203,4861,3347,1514
6107000204,4081,2792,1289
6107000302,2971,2008,963
6107000303,3662,2664,998
6107000304,2869,1971,898
6107000401,6976,4632,2344
6107000402,6999,4974,2025
6107000501,7313,4798,2515
6107000502,4065,2721,1344
6107000600,5670,3742,1928
6107000701,2625,1881,744
6107000702,5533,3749,1784
6107000801,4540,3127,1413
6107000802,2804,2080,724
6107000901,5899,3732,2167
6107000902,3377,2542,835
6107001005,2808,2115,693
6107001006,5861,4641,1220
6107001007,5167,3396,1771
6107001008,5763,3946,1817
6107001009,4289,2928,1361
6107001010,4157,2698,1459
6107001011,8227,5697,2530
6107001012,10311,6837,3474
6107001101,2460,1636,824
6107001102,4026,2735,1291
6107001200,1276,1017,259
6107001303,5149,3673,1476
6107001304,3965,2822,1143
6107001305,2806,2028,778
6107001306,5516,3819,1697
6107001400,5562,3964,1598
6107001501,5257,3859,1398
6107001502,5915,4293,1622
6107001601,5059,3440,1619
6107001602,5792,4066,1726
6107001701,6634,4810,1824
6107001703,8210,6128,2082
6107001705,3122,2267,855
6107001706,5401,4039,1362
6107001800,5137,3819,1318
6107001901,3559,2718,841
6107001902,4201,3203,998
6107002002,4834,3604,1230
6107002003,6178,4620,1558
6107002004,5026,3793,1233
6107002006,4369,3424,945
6107002008,2855,2158,697
6107002009,4760,3633,1127
6107002010,5498,4037,1461
6107002011,3207,2275,932
6107002100,2470,1716,754
6107002202,5992,3907,2085
6107002203,5644,3676,1968
6107002204,6175,4247,1928
6107002302,5244,4039,1205
6107002303,6696,5161,1535
6107002304,1786,1341,445
6107002401,5202,3653,1549
6107002402,5182,3624,1558
6107002403,6905,4545,2360
6107002500,4183,2841,1342
6107002601,4422,2893,1529
6107002602,5517,3799,1718
6107002701,1542,1341,201
6107002702,4849,3628,1221
6107002800,3607,2312,1295
6107002901,3629,2445,1184
6107002903,5157,3704,1453
6107002904,5379,3762,1617
6107003001,4810,3159,1651
6107003002,3513,2307,1206
6107003100,3317,2293,1024
6107003201,3656,2395,1261
6107003202,2526,1689,837
6107003301,4586,3134,1452
6107003302,3057,2161,896
6107003401,4465,3184,1281
6107003402,2626,2002,624
6107003501,2882,2128,754
6107003503,6072,4083,1989
6107003504,5505,3775,1730
6107003601,7894,5548,2346
6107003602,7878,5367,2511
6107003700,6762,4493,2269
6107003801,3614,2567,1047
6107003802,4615,3191,1424
6107003902,6028,4076,1952
6107003903,3342,2202,1140
6107003904,3811,2497,1314
6107004102,2011,1388,623
6107004103,5374,3483,1891
6107004104,4778,3101,1677
6107004200,6673,4325,2348
6107004301,3064,2016,1048
6107004302,2385,1522,863
6107004401,3958,2669,1289
6107004402,3808,2472,1336
6107004500,6439,4526,1913
6109001100,3880,3141,739
6109001200,4079,3287,792
6109002101,3280,2726,554
6109002102,1496,1233,263
6109002201,5340,4277,1063
6109002202,2862,2339,523
6109003101,2455,2023,432
6109003102,2570,2207,363
6109003103,1314,1116,198
6109003200,5672,4442,1230
6109004101,3082,2495,587
6109004102,2472,2159,313
6109004201,1976,1780,196
6109004202,2088,1838,250
6109005101,5502,4469,1033
6109005102,2989,2479,510
6109005201,1829,1525,304
6109985202,2734,2732,2
6111000302,8101,5980,2121
6111000303,5194,3843,1351
6111000304,4818,3494,1324
6111000400,6338,4794,1544
6111000500,1786,1366,420
6111000600,6229,4418,1811
6111000701,6974,4917,2057
6111000702,3113,2362,751
6111000800,8724,6578,2146
6111000901,2555,2170,385
6111000902,2107,1774,333
6111000903,5689,4689,1000
6111001002,6934,5598,1336
6111001101,4708,3736,972
6111001102,3657,2984,673
6111001201,6018,4671,1347
6111001202,6954,5561,1393
6111001204,2620,2089,531
6111001302,2526,1966,560
6111001303,4826,3785,1041
6111001304,3272,2485,787
6111001401,3954,3081,873
6111001402,5656,4524,1132
6111001506,4876,3876,1000
6111001507,4705,3680,1025
6111001508,4680,3861,819
6111001509,4644,3681,963
6111001510,2574,2246,328
6111001511,2423,1799,624
6111001602,2471,1998,473
6111001801,3738,2998,740
6111001901,3498,2834,664
6111002000,2533,2185,348
6111002102,1664,1513,151
6111002200,6791,5136,1655
6111002301,2859,2193,666
6111002302,4456,3121,1335
6111002400,3112,2719,393
6111002500,5038,4222,816
6111002600,3094,2610,484
6111002700,4267,3483,784
6111002800,6296,5028,1268
6111002901,5682,4597,1085
6111002905,5305,4240,1065
6111003010,3238,2385,853
6111003011,5361,3872,1489
6111003013,4833,3722,1111
6111003101,4403,3193,1210
6111003102,4766,3687,1079
6111003201,4040,2694,1346
6111003301,3192,2424,768
6111003302,5522,3942,1580
6111003608,3746,2834,912
6111003613,3866,2970,896
6111003614,5139,4140,999
6111003615,2680,2426,254
6111003616,3556,3286,270
6111003617,1992,1812,180
6111003618,2174,1885,289
6111003700,6426,4629,1797
6111003801,5377,3751,1626
6111003802,2821,1963,858
6111003901,3265,2333,932
6111003902,3761,2691,1070
6111004000,6247,4489,1758
6111004101,6570,4682,1888
6111004200,5206,3967,1239
6111004304,7051,5516,1535
6111004305,1985,1432,553
6111004400,7712,6004,1708
6111004503,4600,3195,1405
6111004504,5086,3749,1337
6111004505,2077,1478,599
6111004507,3142,1957,1185
6111004508,4120,2484,1636
6111004600,1430,1023,407
6111004704,1537,1107,430
6111004710,5298,3782,1516
6111004711,3163,2478,685
6111004715,5213,3858,1355
6111004716,4240,3065,1175
6111004717,3851,2720,1131
6111004901,7081,5424,1657
6111004902,4502,3262,1240
6111005002,3182,2125,1057
6111005004,10297,7731,2566
6111005005,4830,3336,1494
6111005006,3252,2429,823
6111005202,2740,2239,501
6111005203,5548,4355,1193
6111005204,3274,2789,485
6111005205,8259,6826,1433
6111005304,5801,5255,546
6111005305,5559,4561,998
6111005306,4730,3750,980
6111005307,6648,5077,1571
6111005308,2898,2245,653
6111005401,3955,3084,871
6111005403,2651,2081,570
6111005404,3849,3002,847
6111005502,5241,4129,1112
6111005503,4014,2898,1116
6111005504,4430,3474,956
6111005601,6831,5133,1698
6111005602,4849,4108,741
6111005700,2931,2609,322
6111005801,5214,3984,1230
6111005803,3512,2843,669
6111005804,5390,3923,1467
6111005901,6525,5170,1355
6111005906,6630,5291,1339
6111005907,3464,3080,384
6111005908,2945,2327,618
6111005909,3482,2847,635
6111005910,1727,1425,302
6111005911,3912,3228,684
6111006000,4795,3734,1061
6111006101,3866,2999,867
6111006102,4727,3499,1228
6111006200,2967,2438,529
6111006301,6472,5262,1210
6111006302,3807,3328,479
6111006400,7190,5877,1313
6111006500,3531,2774,757
6111006600,4018,3255,763
6111006700,3153,2575,578
6111006800,3786,2989,797
6111006900,4002,3239,763
6111007000,4183,3381,802
6111007100,6638,5273,1365
6111007201,3504,2774,730
6111007202,4175,3395,780
6111007300,2097,1753,344
6111007402,6058,5133,925
6111007403,5728,4378,1350
6111007405,5822,4521,1301
6111007406,2349,1785,564
6111007505,3327,2683,644
6111007506,7514,6019,1495
6111007507,6808,5323,1485
6111007508,3696,2948,748
6111007509,4418,3443,975
6111007510,6208,4820,1388
6111007511,2676,2210,466
6111007512,6264,4876,1388
6111007513,1765,1497,268
6111007515,3444,2803,641
6111007516,3371,2943,428
6111007607,5832,4669,1163
6111007609,2455,1923,532
6111007610,4926,3868,1058
6111007611,4604,3338,1266
6111007612,5184,3876,1308
6111007613,4992,3626,1366
6111007614,7185,5640,1545
6111007700,6456,4971,1485
6111007800,4403,3367,1036
6111007901,5354,4143,1211
6111007903,4893,3743,1150
6111007904,5730,4501,1229
6111008001,3258,2551,707
6111008002,4712,3633,1079
6111008004,5141,3950,1191
6111008005,2733,2076,657
6111008101,3379,2668,711
6111008201,4640,3665,975
6111008202,4331,3430,901
6111008302,5458,4387,1071
6111008303,3887,3160,727
6111008304,5487,4488,999
6111008307,3248,2612,636
6111008308,4455,3596,859
6111008401,5332,4289,1043
6111008402,5302,4202,1100
6111008501,4751,3932,819
6111008502,3647,2954,693
6111008601,4395,3059,1336
6111008602,3348,2496,852
6111008700,6150,4598,1552
6111008800,5513,4192,1321
6111008900,3457,2524,933
6111009100,6270,4405,1865
6111009200,6128,4710,1418
6111009300,6058,4780,1278
6111009400,2084,1635,449
6111009500,3486,2897,589
6111009600,3112,2623,489
6111009700,3410,2544,866
6113010102,1401,1143,258
6113010103,5882,4371,1511
6113010104,5045,3964,1081
6113010105,2008,1594,414
6113010201,3985,3131,854
6113010203,5722,4249,1473
6113010204,5186,4118,1068
6113010310,5956,4212,1744
6113010312,5320,4095,1225
6113010313,5406,3956,1450
6113010314,2322,1727,595
6113010315,1442,1120,322
6113010401,4678,3665,1013
6113010402,4379,3075,1304
6113010501,8696,8334,362
6113010505,5968,4631,1337
6113010508,2569,2194,375
6113010509,3578,2976,602
6113010510,4908,4288,620
6113010511,3333,2895,438
6113010512,3322,2730,592
6113010513,2964,2630,334
6113010602,5597,5005,592
6113010605,3627,2738,889
6113010607,4395,3452,943
6113010608,5675,4783,892
6113010609,2575,1996,579
6113010610,3721,3090,631
6113010611,1673,1339,334
6113010701,4779,4248,531
6113010703,5438,4924,514
6113010704,2275,1976,299
6113010800,3824,2895,929
6113010901,5595,4136,1459
6113010902,6385,5008,1377
6113011001,6744,5122,1622
6113011002,3244,2631,613
6113011101,2922,2299,623
6113011102,5123,3733,1390
6113011103,3271,2456,815
6113011203,2657,2094,563
6113011204,5707,4372,1335
6113011207,2754,2151,603
6113011208,7643,5625,2018
6113011209,4037,2954,1083
6113011210,2738,2089,649
6113011211,1653,1251,402
6113011301,2079,1496,583
6113011302,3634,2759,875
6113011303,1446,1136,310
6113011304,1361,992,369
6113011400,4052,3130,922
6113011500,5709,4278,1431
6115040100,5029,4006,1023
6115040201,3827,2889,938
6115040202,4346,3127,1219
6115040301,3600,2424,1176
6115040302,2479,1727,752
6115040304,6587,4562,2025
6115040305,2755,1977,778
6115040400,5938,4292,1646
6115040500,4002,2751,1251
6115040600,6396,4572,1824
6115040701,8299,5575,2724
6115040702,6231,4339,1892
6115040800,4405,3246,1159
6115040901,3047,2353,694
6115040902,2412,1798,614
6115041001,3594,2844,750
6115041002,3935,3204,731
6115041101,3187,2615,572
6115041102,1506,1244,262
8001007801,3936,2792,1144
8001007802,3893,2738,1155
8001007900,5490,4033,1457
8001008000,6775,4977,1798
8001008100,1378,1280,98
8001008200,6521,4930,1591
8001008308,6714,4667,2047
8001008309,4278,2904,1374
8001008354,4022,2930,1092
8001008355,4820,3589,1231
8001008401,5537,4074,1463
8001008402,5325,3935,1390
8001008505,7126,5548,1578
8001008506,6460,4948,1512
8001008507,6290,4818,1472
8001008508,5558,4282,1276
8001008524,9374,6692,2682
8001008526,7509,5778,1731
8001008533,7706,5884,1822
8001008534,4344,3281,1063
8001008535,4389,3172,1217
8001008536,4353,3157,1196
8001008538,11712,8034,3678
8001008540,10376,7224,3152
8001008544,6242,4316,1926
8001008545,6731,5027,1704
8001008546,3517,2663,854
8001008547,3468,2718,750
8001008548,1713,1222,491
8001008549,4581,3222,1359
8001008550,8319,6276,2043
8001008551,1788,1245,543
8001008552,5185,3771,1414
8001008553,5596,4250,1346
8001008554,2507,2105,402
8001008555,5848,4757,1091
8001008556,6076,4255,1821
8001008557,852,669,183
8001008558,4220,2879,1341
8001008559,8672,5894,2778
8001008560,2203,1677,526
8001008561,4824,4147,677
8001008562,5787,4137,1650
8001008563,4429,3053,1376
8001008564,1192,866,326
8001008565,7013,5134,1879
8001008603,2118,1502,616
8001008604,4551,3519,1032
8001008605,4103,3102,1001
8001008606,6101,4567,1534
8001008705,5399,3795,1604
8001008706,5572,3923,1649
8001008709,8139,5740,2399
8001008801,5138,3609,1529
8001008802,4375,3141,1234
8001008901,2478,1757,721
8001009001,4770,3453,1317
8001009003,4405,3262,1143
8001009004,5040,3741,1299
8001009101,4220,3219,1001
8001009103,4383,2930,1453
8001009104,6470,4722,1748
8001009202,4386,3175,1211
8001009203,4594,3404,1190
8001009204,6918,5292,1626
8001009206,2630,2024,606
8001009207,4560,3315,1245
8001009304,5809,4454,1355
8001009306,3863,2977,886
8001009307,3828,2874,954
8001009308,4372,3267,1105
8001009309,3782,2948,834
8001009310,6201,4571,1630
8001009316,8150,5710,2440
8001009318,6414,4388,2026
8001009319,3026,2172,854
8001009320,3202,2349,853
8001009321,4383,3215,1168
8001009322,5241,3772,1469
8001009323,3704,2755,949
8001009325,5721,4722,999
8001009326,2619,2184,435
8001009327,4248,3413,835
8001009401,5060,3930,1130
8001009406,4493,3653,840
8001009407,5352,4127,1225
8001009408,4802,3655,1147
8001009409,5807,4762,1045
8001009410,3381,2747,634
8001009411,3014,2448,566
8001009501,3215,2483,732
8001009502,5764,4430,1334
8001009553,3528,2768,760
8001009603,6246,4755,1491
8001009604,4724,3684,1040
8001009606,3442,2448,994
8001009607,4884,3824,1060
8001009608,2892,2347,545
8001009751,4048,3084,964
8001009752,3014,2341,673
8001015000,3112,2413,699
8001060001,2581,2096,485
8001060002,4287,3004,1283
8001060100,7318,5224,2094
8001060200,5227,4421,806
8001061200,3819,2714,1105
8003960000,1696,1349,347
8003960100,2637,1991,646
8003960201,2693,2096,597
8003960202,4173,3316,857
8003960300,5177,3792,1385
8005004951,1599,1453,146
8005004952,3014,2719,295
8005005551,3171,2386,785
8005005552,2782,2216,566
8005005553,3909,3103,806
8005005611,5012,3997,1015
8005005612,3661,2828,833
8005005614,3215,2560,655
8005005619,4700,3606,1094
8005005620,2613,2394,219
8005005621,3026,2376,650
8005005622,3491,2812,679
8005005623,4066,3246,820
8005005624,2203,1724,479
8005005625,4079,3251,828
8005005626,3546,2842,704
8005005627,4613,3492,1121
8005005628,5837,4469,1368
8005005629,2308,1725,583
8005005630,5314,4186,1128
8005005631,3182,2514,668
8005005632,3311,2504,807
8005005633,3120,2477,643
8005005634,3061,2693,368
8005005635,4824,3896,928
8005005636,1873,1444,429
8005005701,1739,1441,298
8005005702,2619,2238,381
8005005800,2591,2191,400
8005005951,4362,3966,396
8005005952,3848,3267,581
8005006000,2708,2284,424
8005006100,3308,2800,508
8005006200,3096,2645,451
8005006300,2655,2222,433
8005006400,2995,2433,562
8005006501,2133,1920,213
8005006502,3302,2720,582
8005006601,5531,4357,1174
8005006603,3200,2526,674
8005006604,3766,2997,769
8005006704,4596,3244,1352
8005006705,1846,1309,537
8005006706,5003,3765,1238
8005006707,4705,3709,996
8005006708,5155,3886,1269
8005006709,5822,4463,1359
8005006711,4315,3116,1199
8005006712,1498,1205,293
8005006713,1754,1481,273
8005006808,5650,3975,1675
8005006815,4617,3580,1037
8005006854,3194,2488,706
8005006857,2233,1716,517
8005006859,3561,2963,598
8005006860,1742,1473,269
8005006861,4220,3082,1138
8005006862,1810,1416,394
8005006863,6669,4965,1704
8005006864,3203,2950,253
8005007101,6272,4725,1547
8005007103,1715,1376,339
8005007106,6492,4431,2061
8005007108,3226,2229,997
8005007109,2355,1716,639
8005007110,7369,5329,2040
8005007111,1790,1170,620
8005007112,7916,5314,2602
8005007113,7952,5300,2652
8005007201,3817,2866,951
8005007202,3899,2804,1095
8005007301,3215,2446,769
8005007302,5365,3740,1625
8005007400,5333,3853,1480
8005007500,2625,1922,703
8005007600,3584,2657,927
8005007702,4424,3325,1099
8005007703,4701,3484,1217
8005007704,4793,3494,1299
8005015100,2683,2130,553
8005080000,3780,2909,871
8005080100,4632,3570,1062
8005080200,6104,4824,1280
8005080300,6162,4847,1315
8005080400,4996,4018,978
8005080500,3854,3245,609
8005080600,3674,3050,624
8005080700,5604,4276,1328
8005080800,3307,2442,865
8005080900,4396,3330,1066
8005081001,2026,1546,480
8005081002,3686,2793,893
8005081101,3490,2791,699
8005081102,2357,1846,511
8005081200,4849,3671,1178
8005081300,3412,2546,866
8005081400,5588,4594,994
8005081500,3152,3137,15
8005081600,5074,4026,1048
8005081700,2864,2172,692
8005081800,5533,3836,1697
8005081900,7123,5198,1925
8005082000,4325,3224,1101
8005082100,7124,5298,1826
8005082200,6177,4701,1476
8005082300,3752,2843,909
8005082400,4533,3427,1106
8005082500,2378,1811,567
8005082600,5968,4415,1553
8005082700,3586,2756,830
8005082800,5352,4118,1234
8005082900,5094,3903,1191
8005083000,4040,3055,985
8005083100,7649,5957,1692
8005083201,6292,4399,1893
8005083202,3334,2278,1056
8005083300,4705,3743,962
8005083400,7265,5407,1858
8005083500,5541,4247,1294
8005083600,3692,2966,726
8005083700,4399,3605,794
8005083800,3102,2429,673
8005083900,3220,2741,479
8005084000,2454,1859,595
8005084100,4713,3561,1152
8005084200,3835,2875,960
8005084300,3636,2717,919
8005084400,3213,2327,886
8005084500,2914,2318,596
8005084600,5508,4204,1304
8005084700,4940,3726,1214
8005084800,3519,2617,902
8005084900,3243,2467,776
8005085000,2704,2031,673
8005085100,6770,4633,2137
8005085200,3131,2330,801
8005085300,2576,2033,543
8005085400,4444,3320,1124
8005085500,5286,3967,1319
8005085600,3257,2374,883
8005085700,4878,3639,1239
8005085800,1712,1343,369
8005085900,9218,6309,2909
8005086001,4012,2760,1252
8005086002,3850,2639,1211
8005086100,4986,3616,1370
8005086200,6484,4642,1842
8005086300,4468,3509,959
8005086400,2018,1611,407
8005086500,5351,4082,1269
8005086600,6842,5617,1225
8005086700,6707,4497,2210
8005086801,4342,3418,924
8005086802,2909,2248,661
8005086900,3251,2580,671
8005087000,5117,3998,1119
8005087100,2589,2120,469
8005087200,4739,3920,819
8005087301,4977,3701,1276
8005087302,2654,1966,688
8005980000,130,99,31
8007940400,1431,1211,220
8007974201,1876,1564,312
8007974202,4308,3469,839
8007974300,3731,3025,706
8007974400,2013,1679,334
8009964600,1588,1246,342
8009964700,1918,1507,411
8011966701,2081,1927,154
8011966702,3569,2818,751
8013012101,4793,3792,1001
8013012103,3810,3165,645
8013012104,2666,2115,551
8013012105,6635,5099,1536
8013012106,2800,2260,540
8013012107,4200,3451,749
8013012201,3482,3059,423
8013012204,3462,3229,233
8013012205,2938,2743,195
8013012206,3319,3204,115
8013012207,5467,4462,1005
8013012208,2501,2314,187
8013012300,7059,6948,111
8013012401,5878,5472,406
8013012501,2472,2086,386
8013012505,4251,3399,852
8013012507,4404,3855,549
8013012508,2952,2505,447
8013012509,3322,2527,795
8013012510,4318,3555,763
8013012511,6805,6375,430
8013012603,3399,2809,590
8013012605,1681,1595,86
8013012608,2247,1978,269
8013012609,1404,1330,74
8013012610,5042,4861,181
8013012701,6449,5194,1255
8013012705,4508,4033,475
8013012707,2070,1693,377
8013012708,5101,4189,912
8013012709,1823,1445,378
8013012710,3752,3064,688
8013012801,8718,6225,2493
8013012802,6432,4745,1687
8013012903,2304,1810,494
8013012904,5864,4669,1195
8013012905,2632,2065,567
8013012907,3594,2797,797
8013013003,7724,5986,1738
8013013004,3463,2547,916
8013013005,3538,2712,826
8013013006,5515,4193,1322
8013013201,2428,1939,489
8013013202,1379,1154,225
8013013205,5331,4420,911
8013013207,4565,3776,789
8013013208,5832,4845,987
8013013210,5605,4304,1301
8013013211,7042,5380,1662
8013013212,4615,3694,921
8013013214,5508,4108,1400
8013013215,5788,4134,1654
8013013302,5166,4277,889
8013013305,5045,4036,1009
8013013306,4580,3574,1006
8013013307,3803,2995,808
8013013308,3535,3039,496
8013013401,3791,3091,700
8013013402,8046,6345,1701
8013013503,5432,4071,1361
8013013505,3950,3025,925
8013013506,4885,3824,1061
8013013507,3684,2792,892
8013013508,7976,6240,1736
8013013601,3925,3162,763
8013013602,968,867,101
8013013703,1213,1063,150
8013013704,5222,4322,900
8013013705,1923,1644,279
8013013706,3863,3336,527
8013060601,4571,3681,890
8013060602,1320,1057,263
8013060700,3055,2496,559
8013060801,3905,3042,863
8013060802,5100,3915,1185
8013060900,5441,4207,1234
8013061300,3341,2306,1035
8013061400,4131,2924,1207
8014030000,3402,2682,720
8014030100,2261,1799,462
8014030200,2134,1735,399
8014030300,3759,3117,642
8014030400,3807,2928,879
8014030500,5794,4133,1661
8014030600,6745,4987,1758
8014030700,3120,2472,648
8014030800,5777,4267,1510
8014030900,5964,4674,1290
8014031000,5886,4127,1759
8014031101,3219,2975,244
8014031102,2008,1862,146
8014031103,1983,1895,88
8014031104,1505,1409,96
8014031201,2576,2362,214
8014031202,2762,2180,582
8014031300,2578,1783,795
8014031401,2199,2184,15
8014031402,2016,1485,531
8014031403,4617,2860,1757
8015000100,2555,2141,414
8015000200,4854,4003,851
8015000300,3341,2870,471
8015000402,3771,3311,460
8015000403,1674,1455,219
8015000404,3281,2691,590
8017960600,1748,1338,410
8019014701,2565,2180,385
8019014702,2494,2139,355
8019014800,1694,1435,259
8019014900,2644,2257,387
8021974800,3357,2493,864
8021974900,4104,3022,1082
8023972600,1754,1431,323
8023972700,1745,1448,297
8025969601,2906,2658,248
8025969602,3016,2626,390
8027970101,2422,2042,380
8027970102,2282,1954,328
8029964600,4134,3410,724
8029964700,4125,3392,733
8029964800,3704,2966,738
8029964900,6293,4716,1577
8029965001,2246,1829,417
8029965002,2413,1918,495
8029965100,3760,2946,814
8029965201,2281,1863,418
8029965202,2240,1953,287
8031000102,3622,3017,605
8031000201,3913,3222,691
8031000202,4042,3206,836
8031000301,5779,4885,894
8031000302,4412,3731,681
8031000303,5479,4718,761
8031000401,3174,2735,439
8031000403,3682,3176,506
8031000404,2956,2801,155
8031000501,2014,1691,323
8031000503,2269,1820,449
8031000504,3648,3029,619
8031000600,4742,4398,344
8031000703,2603,2222,381
8031000704,2715,2136,579
8031000705,3134,2414,720
8031000706,2872,2355,517
8031000800,1127,593,534
8031000902,5345,4151,1194
8031000903,5780,4290,1490
8031000904,4711,3546,1165
8031000905,3269,2580,689
8031001000,3683,2668,1015
8031001101,2743,2251,492
8031001102,5274,4868,406
8031001301,4834,3683,1151
8031001302,3759,2856,903
8031001401,5935,4504,1431
8031001402,4048,3009,1039
8031001403,3374,2987,387
8031001500,4580,3741,839
8031001601,2995,2750,245
8031001602,5167,5063,104
8031001603,6613,6014,599
8031001703,3487,3401,86
8031001704,2383,2301,82
8031001705,4401,4261,140
8031001706,2449,2379,70
8031001707,2478,2384,94
8031001800,3306,3001,305
8031001901,3903,3009,894
8031002000,4053,3914,139
8031002101,3078,2706,372
8031002102,3114,2901,213
8031002300,4975,3935,1040
8031002402,1971,1633,338
8031002404,1415,1222,193
8031002405,4526,4028,498
8031002602,2835,2700,135
8031002603,3250,3179,71
8031002604,2097,2036,61
8031002704,2423,2374,49
8031002705,2675,2603,72
8031002706,3286,3211,75
8031002707,2996,2869,127
8031002708,3011,2934,77
8031002709,2284,2167,117
8031002801,3217,3004,213
8031002802,4708,4396,312
8031002804,2209,2138,71
8031002805,3784,3506,278
8031002901,3839,3453,386
8031002902,4211,3511,700
8031003002,2749,2338,411
8031003003,3188,2913,275
8031003004,6308,5516,792
8031003005,3144,2718,426
8031003006,3644,3000,644
8031003101,1701,1420,281
8031003102,4082,3787,295
8031003202,3429,3206,223
8031003203,3100,2462,638
8031003204,2159,1973,186
8031003205,3196,3048,148
8031003300,3329,2632,697
8031003401,2998,2577,421
8031003402,4860,3770,1090
8031003501,3238,2285,953
8031003502,2727,1960,767
8031003601,4236,3432,804
8031003602,4337,3350,987
8031003603,3583,3035,548
8031003701,3746,3344,402
8031003702,4759,4293,466
8031003703,3276,2825,451
8031003801,3666,3436,230
8031003802,3970,3629,341
8031003901,5266,4441,825
8031003902,4606,3505,1101
8031004002,3448,2561,887
8031004003,4408,3622,786
8031004004,1968,1571,397
8031004005,3751,3429,322
8031004006,5373,4325,1048
8031004101,4802,3816,986
8031004102,4081,3210,871
8031004103,5494,4169,1325
8031004104,4519,3515,1004
8031004108,7604,4883,2721
8031004109,3284,2196,1088
8031004110,5541,4127,1414
8031004111,6848,4500,2348
8031004112,6127,4605,1522
8031004113,1756,1209,547
8031004201,4906,3661,1245
8031004202,4467,3528,939
8031004302,2699,2214,485
8031004303,4341,3129,1212
8031004306,6092,4686,1406
8031004307,1988,1659,329
8031004308,4132,3731,401
8031004309,3633,3010,623
8031004310,2347,1905,442
8031004403,4274,3469,805
8031004404,5887,4315,1572
8031004406,3965,2977,988
8031004407,4941,3906,1035
8031004503,4303,2900,1403
8031004504,3881,2752,1129
8031004505,4549,3070,1479
8031004506,3610,2458,1152
8031004601,5666,4246,1420
8031004602,6688,4981,1707
8031004603,5324,4121,1203
8031004700,6172,4726,1446
8031004801,3077,2438,639
8031005001,2869,2202,667
8031005003,2744,2138,606
8031005004,4687,3800,887
8031005102,3506,2845,661
8031005104,3470,2956,514
8031005200,3338,2677,661
8031005300,1859,1609,250
8031005502,1868,1467,401
8031005503,5071,3944,1127
8031006701,4282,4038,244
8031006804,3776,3441,335
8031006810,5928,4721,1207
8031006812,3932,3476,456
8031006813,4550,3786,764
8031006814,5409,4119,1290
8031006815,2017,1614,403
8031006816,5511,4570,941
8031006817,2048,1649,399
8031006818,4221,3730,491
8031006902,3638,3032,606
8031006903,2475,2105,370
8031007006,4431,3501,930
8031007013,3730,3307,423
8031007037,4128,3160,968
8031007088,4921,4208,713
8031007090,1542,1266,276
8031007091,3497,3469,28
8031008304,3846,2576,1270
8031008305,4253,2834,1419
8031008306,6005,4152,1853
8031008312,8133,5643,2490
8031008386,4664,3225,1439
8031008387,6220,4280,1940
8031008388,14773,10828,3945
8031008389,13336,9601,3735
8031008390,9000,6291,2709
8031008391,7855,5543,2312
8031011902,6682,5344,1338
8031011903,2304,1862,442
8031012001,2047,1724,323
8031012010,5121,4347,774
8031012015,4014,3286,728
8031012016,2659,2218,441
8031015300,3697,3306,391
8031015400,4487,3795,692
8031015500,3399,3019,380
8031015600,6618,4813,1805
8031015700,5907,4625,1282
8031015800,2893,1899,994
8031980200,252,234,18
8033000100,2326,1924,402
8035013904,4198,3386,812
8035013905,5468,4201,1267
8035013907,6177,4545,1632
8035013909,6407,4826,1581
8035013910,8222,5790,2432
8035013911,6693,4816,1877
8035013912,7399,6006,1393
8035013913,2660,2065,595
8035013914,3757,3026,731
8035013915,3177,2547,630
8035014005,4761,3477,1284
8035014006,7394,5017,2377
8035014007,3425,2734,691
8035014008,11741,8032,3709
8035014009,4741,3303,1438
8035014010,6009,4564,1445
8035014011,7059,4945,2114
8035014013,11075,7464,3611
8035014014,4916,3781,1135
8035014015,4074,3180,894
8035014016,5719,3870,1849
8035014017,3287,2614,673
8035014107,3812,2801,1011
8035014108,4823,3700,1123
8035014109,2920,2413,507
8035014110,5341,4115,1226
8035014112,3811,2864,947
8035014113,2953,2168,785
8035014114,3370,2670,700
8035014115,4075,3234,841
8035014116,6184,5041,1143
8035014123,4012,3210,802
8035014124,5276,3890,1386
8035014125,5998,4824,1174
8035014126,1887,1570,317
8035014127,5437,3957,1480
8035014128,4581,3454,1127
8035014129,3604,2628,976
8035014130,7352,5292,2060
8035014131,6142,5391,751
8035014132,6161,4333,1828
8035014133,6300,4585,1715
8035014134,5849,3993,1856
8035014135,5818,3944,1874
8035014138,2961,2520,441
8035014139,4142,3289,853
8035014140,5433,3941,1492
8035014141,5447,4019,1428
8035014142,1884,1552,332
8035014143,3153,2075,1078
8035014144,6089,4068,2021
8035014145,3684,2606,1078
8035014146,4896,3447,1449
8035014203,6556,5075,1481
8035014205,2913,2200,713
8035014206,788,639,149
8035014207,1794,1306,488
8035014208,1509,1117,392
8035014300,781,671,110
8035014404,2669,2258,411
8035014405,7923,5486,2437
8035014407,3595,2833,762
8035014408,2553,2118,435
8035014409,3918,2580,1338
8035014410,12675,8957,3718
8035014503,6166,4728,1438
8035014504,5656,4385,1271
8035014505,5630,4558,1072
8035014506,6865,5068,1797
8035014602,2616,2078,538
8035014603,7165,5033,2132
8035014604,4452,3133,1319
8037000100,1664,1192,472
8037000200,8385,6060,2325
8037000301,6420,4984,1436
8037000302,2150,1762,388
8037000401,5956,4655,1301
8037000402,5052,3783,1269
8037000404,2411,1871,540
8037000405,6876,4962,1914
8037000501,1222,1098,124
8037000502,3587,2887,700
8037000504,2944,2291,653
8037000505,2603,2067,536
8037000600,1347,1114,233
8037000701,1201,1067,134
8037000702,1389,1240,149
8037000703,2524,2230,294
8039961100,2019,1593,426
8039961204,7999,6160,1839
8039961205,2107,1648,459
8039961206,3521,2804,717
8039961207,4045,3206,839
8039961208,3985,3093,892
8039961209,2386,1891,495
8041000102,3413,2702,711
8041000103,3025,2441,584
8041000104,3484,2970,514
8041000202,4472,3590,882
8041000203,4425,3702,723
8041000301,3262,2644,618
8041000302,4360,3569,791
8041000400,2486,2072,414
8041000500,2016,1741,275
8041000600,3227,2563,664
8041000700,3325,2651,674
8041000800,2606,2209,397
8041000900,2269,1911,358
8041001000,2301,1931,370
8041001101,1347,1165,182
8041001104,3349,2788,561
8041001301,2203,1932,271
8041001302,5392,4455,937
8041001400,3365,2950,415
8041001500,2453,2080,373
8041001600,3648,3437,211
8041001700,1733,1500,233
8041001800,1967,1658,309
8041001901,2126,1814,312
8041001902,2276,1843,433
8041002000,6759,5358,1401
8041002101,3972,3312,660
8041002102,4989,3705,1284
8041002200,2719,2276,443
8041002300,2139,1978,161
8041002401,2807,2495,312
8041002402,3512,2913,599
8041002501,3550,2835,715
8041002502,3754,3084,670
8041002700,3172,2643,529
8041002801,3072,2368,704
8041002802,4474,3603,871
8041002901,4532,3532,1000
8041002902,1420,1045,375
8041003001,1878,1533,345
8041003002,2655,2263,392
8041003100,4706,3776,930
8041003303,5522,4412,1110
8041003305,7325,5772,1553
8041003306,3248,2463,785
8041003307,3660,2925,735
8041003308,6111,4838,1273
8041003401,2310,1968,342
8041003402,1446,1243,203
8041003702,5251,4113,1138
8041003705,6494,5152,1342
8041003706,4714,3745,969
8041003707,3458,2686,772
8041003708,2984,2441,543
8041003710,3205,2531,674
8041003711,3154,2676,478
8041003712,5422,3999,1423
8041003713,4505,3629,876
8041003801,3750,2930,820
8041003802,2865,2844,21
8041003905,4326,3593,733
8041003906,6306,4948,1358
8041003910,2591,2009,582
8041003911,4423,3438,985
8041003912,8255,5535,2720
8041003913,1566,1277,289
8041003914,7703,5196,2507
8041004008,3020,2020,1000
8041004009,1460,1033,427
8041004100,5247,3967,1280
8041004200,4066,3038,1028
8041004300,6642,4871,1771
8041004402,6641,6506,135
8041004403,2204,1728,476
8041004404,3277,1705,1572
8041004405,3663,2133,1530
8041004406,2567,1465,1102
8041004501,5938,4611,1327
8041004502,6921,5117,1804
8041004506,4963,3646,1317
8041004507,3150,2351,799
8041004512,2635,1900,735
8041004513,3723,2704,1019
8041004514,6060,4079,1981
8041004515,6520,4348,2172
8041004516,3528,2548,980
8041004517,5122,3649,1473
8041004518,6598,4711,1887
8041004519,5482,4003,1479
8041004520,2360,1792,568
8041004601,4324,3397,927
8041004602,4669,3558,1111
8041004603,9811,6615,3196
8041004701,4948,3800,1148
8041004702,2188,1633,555
8041004703,6287,4832,1455
8041004706,5524,4050,1474
8041004707,3389,2490,899
8041004708,5176,4038,1138
8041004800,4904,3890,1014
8041004901,3771,2894,877
8041004902,5385,4358,1027
8041005000,5445,4163,1282
8041005110,4224,3129,1095
8041005112,3932,2693,1239
8041005113,3362,2420,942
8041005114,1804,1324,480
8041005115,6577,4559,2018
8041005116,4437,3310,1127
8041005117,4026,3079,947
8041005118,4913,3824,1089
8041005119,4867,3585,1282
8041005120,5636,4168,1468
8041005121,6150,4248,1902
8041005122,11238,7565,3673
8041005123,3014,2389,625
8041005124,3855,2695,1160
8041005125,5394,4199,1195
8041005201,4079,3088,991
8041005202,2731,2182,549
8041005300,4566,3397,1169
8041005400,5918,4343,1575
8041005501,6953,5558,1395
8041005502,4567,3514,1053
8041005601,3503,2785,718
8041005602,2964,2391,573
8041005700,5861,4710,1151
8041005800,3047,2456,591
8041005900,6930,5513,1417
8041006000,6804,5112,1692
8041006100,4069,2922,1147
8041006200,5354,4014,1340
8041006301,4946,3668,1278
8041006302,5363,4034,1329
8041006400,7445,5251,2194
8041006501,4062,2791,1271
8041006502,7873,5517,2356
8041006600,2427,1983,444
8041006701,2500,2229,271
8041006702,3013,2559,454
8041006801,4228,3245,983
8041006802,3940,2936,1004
8041006901,5344,3710,1634
8041006902,5019,3670,1349
8041007000,4764,3589,1175
8041007103,5207,3791,1416
8041007104,4316,3304,1012
8041007105,8338,5788,2550
8041007106,6720,4448,2272
8041007203,4188,3100,1088
8041007204,5504,4106,1398
8041007205,5899,4516,1383
8041007206,7441,5421,2020
8041007301,7203,5294,1909
8041007302,6043,4610,1433
8041007401,6828,5281,1547
8041007402,2749,2040,709
8041007501,1227,948,279
8041007502,9264,7119,2145
8041007602,3868,3014,854
8041007603,10167,7220,2947
8041007604,3684,2647,1037
8041007700,6437,5453,984
8041007801,1720,1446,274
8041007802,2110,1876,234
8041007900,2610,2318,292
8041008000,4331,3574,757
8043978100,4436,3660,776
8043978200,3922,3150,772
8043978300,5994,4688,1306
8043978400,2221,1815,406
8043978500,6443,5098,1345
8043978600,3594,2947,647
8043978800,2557,2081,476
8043979001,2675,2357,318
8043979002,1687,1472,215
8043979100,3661,2974,687
8043979200,1880,1603,277
8043979400,2772,2262,510
8043980100,564,564,0
8043980200,2532,2532,0
8043980300,4001,4001,0
8045951600,4064,3082,982
8045951701,4513,3447,1066
8045951702,3407,2804,603
8045951802,4180,3197,983
8045951803,5985,4662,1323
8045951804,4621,3649,972
8045951901,5555,3986,1569
8045951902,7590,5592,1998
8045952001,5713,4045,1668
8045952003,2371,1779,592
8045952004,6402,4606,1796
8045952100,7284,5317,1967
8047013801,2160,1800,360
8047013802,3648,3116,532
8049000100,3226,2534,692
8049000203,2041,1843,198
8049000204,1734,1479,255
8049000205,3543,2909,634
8049000206,1678,1507,171
8049000207,3495,2818,677
8051963601,2134,1702,432
8051963602,1915,1530,385
8051963701,3898,3189,709
8051963702,2888,2564,324
8051963800,5116,4178,938
8051963900,967,865,102
8053973100,788,657,131
8055960600,3248,2589,659
8055960901,1753,1524,229
8055960902,1819,1609,210
8057955600,1379,1137,242
8059009806,4266,3336,930
8059009807,1727,1437,290
8059009815,5182,4040,1142
8059009823,4495,3582,913
8059009824,5044,4019,1025
8059009827,6305,4950,1355
8059009828,5315,4386,929
8059009829,1780,1370,410
8059009830,2155,1758,397
8059009831,2768,2373,395
8059009832,2567,2008,559
8059009833,5601,4345,1256
8059009834,4499,3689,810
8059009835,3584,2860,724
8059009836,4106,3205,901
8059009837,7944,5744,2200
8059009838,5428,4243,1185
8059009839,2353,1826,527
8059009840,3705,2977,728
8059009841,2337,1938,399
8059009842,3434,2659,775
8059009845,4014,3339,675
8059009846,5060,3914,1146
8059009847,3323,2533,790
8059009848,2614,2075,539
8059009850,2633,2131,502
8059009851,3958,3182,776
8059009852,4524,3559,965
8059009853,2758,2053,705
8059009854,5599,4377,1222
8059009855,3430,2802,628
8059009856,2983,2534,449
8059009857,2946,2389,557
8059009858,3358,2867,491
8059009901,3121,2891,230
8059010001,4096,3651,445
8059010100,4736,4050,686
8059010205,2572,2069,503
8059010206,4053,3291,762
8059010208,5804,4628,1176
8059010209,6637,5324,1313
8059010210,3739,3060,679
8059010211,3214,2607,607
8059010212,4512,3636,876
8059010213,4751,3897,854
8059010303,5634,4494,1140
8059010304,2764,2222,542
8059010305,3565,2932,633
8059010306,2714,2134,580
8059010307,4656,3736,920
8059010308,6507,5372,1135
8059010402,6187,5143,1044
8059010403,5434,4497,937
8059010405,2715,2375,340
8059010406,3080,2482,598
8059010502,5436,4487,949
8059010503,4806,3898,908
8059010504,3003,2360,643
8059010603,3607,3107,500
8059010604,2497,2030,467
8059010701,4159,3532,627
8059010702,5187,4191,996
8059010801,2512,2099,413
8059010901,5207,4228,979
8059010902,3165,2623,542
8059011000,5707,4684,1023
8059011101,3380,2786,594
8059011102,3242,2549,693
8059011202,5424,4605,819
8059011300,3011,2626,385
8059011401,2753,2268,485
8059011402,3906,3325,581
8059011551,4054,3473,581
8059011552,2962,2423,539
8059011601,3728,2842,886
8059011602,4245,3261,984
8059011701,4653,3870,783
8059011702,5730,4709,1021
8059011708,4199,3384,815
8059011709,3449,2805,644
8059011710,4113,3376,737
8059011711,4281,3472,809
8059011712,4188,3480,708
8059011720,5147,4141,1006
8059011721,2719,2230,489
8059011723,3310,2827,483
8059011724,7559,5685,1874
8059011725,1740,1385,355
8059011726,5767,4633,1134
8059011727,3735,3092,643
8059011728,2713,2197,516
8059011729,3815,3207,608
8059011730,3706,2929,777
8059011731,4364,3636,728
8059011732,4466,3935,531
8059011733,2339,1995,344
8059011803,5275,4113,1162
8059011804,4111,3380,731
8059011806,5320,4254,1066
8059011807,2558,2320,238
8059011808,2682,2338,344
8059011904,3126,2643,483
8059011951,4472,3701,771
8059012022,5540,4361,1179
8059012023,3453,2682,771
8059012024,5750,4495,1255
8059012026,3495,2847,648
8059012027,3114,2571,543
8059012030,3842,3044,798
8059012031,3779,3060,719
8059012032,2647,2123,524
8059012033,2821,2321,500
8059012034,3999,3193,806
8059012035,5161,3854,1307
8059012036,3729,2863,866
8059012037,3466,2824,642
8059012038,3605,2764,841
8059012039,5272,4088,1184
8059012041,5682,4523,1159
8059012042,3935,3041,894
8059012043,5878,4649,1229
8059012044,4057,3152,905
8059012045,6017,4629,1388
8059012046,2327,1811,516
8059012047,4180,3258,922
8059012048,2479,2016,463
8059012049,3840,2941,899
8059012050,4127,3329,798
8059012051,3616,2796,820
8059012052,5558,4391,1167
8059012053,3877,3053,824
8059012054,4139,3229,910
8059012055,3877,3038,839
8059012057,5783,4660,1123
8059012058,3955,3243,712
8059012059,3428,2584,844
8059012060,3350,2625,725
8059015800,4384,3696,688
8059015900,3477,2739,738
8059060300,4512,3519,993
8059060400,5420,4387,1033
8059060501,10399,7426,2973
8059980400,1109,1102,7
8061960100,1446,1099,347
8063962100,4478,3305,1173
8063962400,2609,2000,609
8065961701,2024,1631,393
8065961702,3257,2709,548
8065961900,2155,1544,611
8067940300,5385,4092,1293
8067940400,5485,4446,1039
8067970601,3877,3249,628
8067970602,6340,4817,1523
8067970701,4560,3713,847
8067970703,6766,5351,1415
8067970705,2702,2255,447
8067970706,1321,1164,157
8067970800,7368,6299,1069
8067970900,4175,3465,710
8067971000,3217,2557,660
8067971100,4442,3861,581
8069000100,3200,2984,216
8069000201,2669,2391,278
8069000202,2515,2114,401
8069000300,2834,2392,442
8069000401,1926,1629,297
8069000402,2658,2155,503
8069000503,6019,5494,525
8069000504,2933,2676,257
8069000505,3094,2754,340
8069000506,2911,2471,440
8069000600,8151,8080,71
8069000700,2660,2340,320
8069000801,1608,1367,241
8069000802,1264,1052,212
8069000901,5676,4830,846
8069000902,3528,2889,639
8069001003,5961,5014,947
8069001004,3615,2863,752
8069001007,3006,2607,399
8069001008,1871,1557,314
8069001009,6372,5040,1332
8069001010,2961,2542,419
8069001104,5714,4647,1067
8069001106,5312,4293,1019
8069001107,5786,4672,1114
8069001109,5121,3924,1197
8069001110,5042,4230,812
8069001111,2729,2423,306
8069001112,4713,3532,1181
8069001113,3545,2726,819
8069001114,2432,1985,447
8069001301,3732,3077,655
8069001304,2838,2127,711
8069001305,3130,2481,649
8069001306,4596,3707,889
8069001307,4781,3738,1043
8069001308,6098,4709,1389
8069001601,1668,1393,275
8069001602,5780,4542,1238
8069001603,5753,4278,1475
8069001605,7775,6209,1566
8069001606,3537,2797,740
8069001607,4144,3036,1108
8069001608,7666,5188,2478
8069001706,6476,5215,1261
8069001707,5472,4254,1218
8069001708,4109,3171,938
8069001710,6888,5257,1631
8069001711,3655,3065,590
8069001712,4053,3236,817
8069001713,4965,3684,1281
8069001714,7436,5919,1517
8069001715,5029,4011,1018
8069001804,3646,2942,704
8069001807,5829,4713,1116
8069001808,5146,4378,768
8069001810,5298,4139,1159
8069001811,2499,2066,433
8069001812,6633,5228,1405
8069001813,5436,4079,1357
8069001901,3890,3209,681
8069001902,4591,3800,791
8069001904,2130,1811,319
8069001905,1801,1541,260
8069002005,5078,3942,1136
8069002007,3730,3215,515
8069002008,4007,3239,768
8069002010,2452,2084,368
8069002011,5506,4472,1034
8069002300,3593,2912,681
8069002401,1394,1264,130
8069002403,1666,1435,231
8069002404,1454,1250,204
8069002503,2836,2299,537
8069002504,2501,1885,616
8069002505,7983,5411,2572
8069002506,3592,2902,690
8069002507,4947,3601,1346
8069002508,7999,5649,2350
8069002601,2263,1906,357
8069002602,7054,5585,1469
8069002700,7356,5594,1762
8069002801,3161,2760,401
8069002803,122,102,20
8069002804,3096,2597,499
8069002805,2970,2556,414
8071000100,3759,3025,734
8071000200,1957,1643,314
8071000300,2184,1931,253
8071000400,2130,1719,411
8071000500,1972,1585,387
8071000800,2553,2141,412
8073961700,3495,2825,670
8073961800,2180,1660,520
8075965900,1101,854,247
8075966000,2150,1664,486
8075966101,2854,2224,630
8075966102,4114,3142,972
8075966200,3167,2599,568
8075966300,4063,3242,821
8075966400,4079,3706,373
8077000200,2009,1732,277
8077000300,1381,1195,186
8077000400,3465,2838,627
8077000500,3115,2942,173
8077000601,4444,3751,693
8077000602,5062,4232,830
8077000700,4350,3451,899
8077000801,3907,2985,922
8077000802,5114,3792,1322
8077000900,4417,3525,892
8077001001,4973,4095,878
8077001002,6912,5640,1272
8077001102,4954,3892,1062
8077001103,3390,2609,781
8077001104,5267,4031,1236
8077001200,2083,1805,278
8077001302,5652,4508,1144
8077001303,2798,2174,624
8077001304,6219,4836,1383
8077001402,6419,4986,1433
8077001403,3638,2916,722
8077001404,5199,4364,835
8077001502,8100,6186,1914
8077001503,6251,4651,1600
8077001504,7184,5344,1840
8077001600,3997,3240,757
8077001702,4296,3572,724
8077001703,4614,3562,1052
8077001705,5820,4275,1545
8077001706,6072,4422,1650
8077001707,6333,4778,1555
8077001800,3110,2493,617
8077001900,5158,4233,925
8079973600,865,773,92
8081000300,3173,2390,783
8081000400,4460,3243,1217
8081000500,4183,3179,1004
8081000600,1476,1181,295
8083941100,1551,1054,497
8083969000,3459,2826,633
8083969100,3266,2709,557
8083969200,2818,2323,495
8083969301,3265,2666,599
8083969302,3298,2542,756
8083969400,3963,2969,994
8083969600,4229,3375,854
8085966100,2178,1819,359
8085966201,2753,2163,590
8085966202,4460,3422,1038
8085966301,2306,1863,443
8085966302,3812,2823,989
8085966401,1175,993,182
8085966402,5099,3972,1127
8085966501,3019,2502,517
8085966502,4280,3420,860
8085966503,3543,2816,727
8085966601,5362,3999,1363
8085966602,4692,3816,876
8087000100,2636,2011,625
8087000200,3420,2475,945
8087000300,1805,1369,436
8087000400,4522,3386,1136
8087000500,2636,1870,766
8087000600,6374,4427,1947
8087000700,5882,4438,1444
8087000800,1836,1414,422
8089968000,1653,1317,336
8089968100,2529,1911,618
8089968200,2743,2142,601
8089968300,3966,3085,881
8089968400,1013,781,232
8089968500,1763,1359,404
8089968600,5023,3723,1300
8091967601,1339,1197,142
8091967602,3535,2986,549
8093000101,1642,1349,293
8093000102,4432,3645,787
8093000200,3688,3015,673
8093000300,2770,2306,464
8093000400,2375,2077,298
8093000500,2483,2203,280
8095967600,3074,2292,782
8095967700,1456,1109,347
8097000101,3989,3318,671
8097000102,3795,3114,681
8097000402,2582,2216,366
8097000403,2332,2066,266
8097000404,2059,1744,315
8097000500,2601,2023,578
8099000100,1425,1092,333
8099000200,2448,1764,684
8099000300,4789,3607,1182
8099000600,1406,1048,358
8099000700,1931,1449,482
8101000100,2820,2293,527
8101000200,1906,1452,454
8101000300,1495,1459,36
8101000400,2664,2116,548
8101000500,2321,1880,441
8101000600,2089,1585,504
8101000800,3156,2356,800
8101000902,6075,4578,1497
8101000903,226,222,4
8101000904,4410,3472,938
8101000905,2441,1943,498
8101001000,4768,3458,1310
8101001100,2822,2126,696
8101001200,2169,1579,590
8101001400,1461,1173,288
8101001500,2188,1761,427
8101001600,1753,1457,296
8101001700,4457,3575,882
8101001800,2308,1813,495
8101001900,1423,1164,259
8101002000,3071,2329,742
8101002100,1517,1141,376
8101002200,1668,1267,401
8101002300,3802,2924,878
8101002400,1937,1512,425
8101002500,2777,2172,605
8101002600,3921,2849,1072
8101002700,5699,4350,1349
8101002801,5366,4188,1178
8101002802,3732,3134,598
8101002804,4626,3723,903
8101002806,3885,3060,825
8101002807,4833,3710,1123
8101002808,3044,2420,624
8101002901,3395,2451,944
8101002906,4643,3641,1002
8101002911,3067,2396,671
8101002912,1732,1233,499
8101002913,3553,2863,690
8101002914,3412,2515,897
8101002915,2598,1924,674
8101002916,3071,2406,665
8101002917,3116,2373,743
8101002919,4809,3741,1068
8101002920,2966,2348,618
8101002921,3111,2311,800
8101002922,3252,2406,846
8101002923,1905,1480,425
8101003001,1527,1070,457
8101003004,2946,2370,576
8101003103,1750,1414,336
8101003104,2280,1830,450
8101003105,3227,2565,662
8101003106,1220,971,249
8101003200,3449,2716,733
8101003500,2172,1935,237
8101003600,2131,1663,468
8103951100,3840,2881,959
8103951200,2689,2008,681
8105976700,5228,3934,1294
8105976800,1622,1297,325
8105977001,2173,1869,304
8105977002,2516,1859,657
8107000100,2122,1711,411
8107000200,2026,1574,452
8107000300,2319,1898,421
8107000400,3960,2944,1016
8107000500,4026,3287,739
8107000600,3412,2700,712
8107000701,2169,1878,291
8107000702,1561,1342,219
8107000703,1190,1042,148
8107000800,2044,1684,360
8109977600,3601,3106,495
8109977700,2767,1990,777
8111972600,705,600,105
8113968101,2616,2167,449
8113968102,1605,1339,266
8113968103,2334,1806,528
8113968200,1517,1203,314
8115968300,2404,1920,484
8117000101,1416,1167,249
8117000102,5283,4215,1068
8117000103,1354,1135,219
8117000201,1536,1438,98
8117000202,2780,2187,593
8117000203,4028,3223,805
8117000301,1977,1736,241
8117000302,2207,1900,307
8117000403,1850,1562,288
8117000404,1861,1611,250
8117000405,3809,3143,666
8117000406,2954,2536,418
8119010104,2315,1926,389
8119010107,3603,2942,661
8119010108,4354,3475,879
8119010109,2655,2266,389
8119010110,2329,1908,421
8119010111,2957,2471,486
8119010112,3200,2710,490
8119010203,3297,2846,451
8121924100,2082,1588,494
8121924200,2735,2134,601
8123000100,2653,2164,489
8123000200,3193,2850,343
8123000300,1547,1527,20
8123000401,3562,2808,754
8123000402,3605,2745,860
8123000501,3330,2119,1211
8123000502,3577,2685,892
8123000600,1784,1494,290
8123000701,1663,1209,454
8123000703,7245,4727,2518
8123000704,1069,700,369
8123000705,1481,1179,302
8123000800,3267,2705,562
8123000900,3057,2283,774
8123001003,4778,3228,1550
8123001004,4646,3483,1163
8123001005,7975,5607,2368
8123001006,4934,3583,1351
8123001100,5033,3852,1181
8123001201,4584,3335,1249
8123001202,3052,2312,740
8123001300,7376,5198,2178
8123001404,2965,2212,753
8123001405,5229,3795,1434
8123001406,7472,5669,1803
8123001407,4320,3043,1277
8123001408,1991,1619,372
8123001409,3757,2869,888
8123001410,3352,2791,561
8123001411,2690,2161,529
8123001412,3430,2671,759
8123001413,2859,2185,674
8123001414,2272,1710,562
8123001415,3589,2682,907
8123001416,3282,2631,651
8123001417,3163,2252,911
8123001500,8197,6014,2183
8123001600,4486,3359,1127
8123001700,5049,3770,1279
8123001800,4955,3684,1271
8123001905,4712,3367,1345
8123001906,1578,1163,415
8123001909,495,376,119
8123001910,2059,1578,481
8123001911,1055,811,244
8123001912,1976,1501,475
8123001913,8927,6167,2760
8123001914,1812,1401,411
8123002004,4953,3650,1303
8123002005,1478,1031,447
8123002006,406,309,97
8123002007,6712,4850,1862
8123002008,6148,4395,1753
8123002009,5954,4051,1903
8123002010,2170,1560,610
8123002011,2277,1599,678
8123002012,1306,978,328
8123002013,3437,2395,1042
8123002014,2424,1853,571
8123002015,1375,992,383
8123002016,3864,2957,907
8123002017,753,586,167
8123002018,1954,1365,589
8123002019,7063,4990,2073
8123002020,6136,4217,1919
8123002021,796,615,181
8123002101,12329,8528,3801
8123002104,1689,1335,354
8123002105,5543,4207,1336
8123002106,4844,3631,1213
8123002107,6570,4734,1836
8123002108,6698,4903,1795
8123002203,3340,2302,1038
8123002204,2069,1544,525
8123002205,4812,3635,1177
8123002206,3680,2923,757
8123002207,4084,2730,1354
8123002208,10618,7466,3152
8123002209,3676,2742,934
8123002210,2593,1762,831
8123002300,5867,4351,1516
8123002501,5889,4429,1460
8123002502,6391,4944,1447
8125963100,4698,3419,1279
8125963200,5290,3901,1389
9110400101,2928,2483,445
9110400102,4299,3500,799
9110400200,5997,4839,1158
9110400300,6951,5645,1306
9110415300,2521,1735,786
9110415400,6179,4592,1587
9110415500,3094,2253,841
9110415600,4198,3108,1090
9110415700,3256,2479,777
9110415800,2873,2302,571
9110415900,1647,1253,394
9110416000,4537,3479,1058
9110416100,4955,3601,1354
9110416200,3025,2170,855
9110416300,3810,2919,891
9110416400,3152,2698,454
9110416500,4833,3732,1101
9110416600,3150,2263,887
9110416700,6877,5270,1607
9110416800,3079,2522,557
9110417100,1857,1499,358
9110417200,1702,1438,264
9110417300,2045,2038,7
9110417400,3012,2626,386
9110417500,4333,3608,725
9110420400,3021,2410,611
9110420500,5321,4445,876
9110420601,2596,2149,447
9110420602,3224,2734,490
9110420700,3363,2741,622
9110430100,4141,3380,761
9110430201,3373,2727,646
9110430202,4616,3661,955
9110430203,4024,3393,631
9110430301,3855,2958,897
9110430302,2878,2335,543
9110430400,5092,4129,963
9110430501,1705,1390,315
9110430502,5157,4001,1156
9110430602,3451,2716,735
9110430603,2170,1695,475
9110430604,3039,2415,624
9110460100,3441,2781,660
9110460202,4820,3937,883
9110460203,3313,2561,752
9110460204,6190,4909,1281
9110460301,5025,3925,1100
9110460302,3923,3064,859
9110462101,6151,4800,1351
9110462102,4391,3095,1296
9110462201,5439,4366,1073
9110462202,2951,2323,628
9110464101,5185,4028,1157
9110464102,4939,3964,975
9110466101,5675,4503,1172
9110466102,5496,4135,1361
9110466201,2685,2098,587
9110466202,3678,2805,873
9110466300,4608,3478,1130
9110466400,2375,1831,544
9110468101,6912,5337,1575
9110468102,3991,3215,776
9110470100,5214,4047,1167
9110471100,3554,2868,686
9110471200,3171,2579,592
9110471300,5161,4434,727
9110471400,5665,4973,692
9110471500,3984,3378,606
9110473100,6162,5025,1137
9110473400,2050,1725,325
9110473501,4638,3740,898
9110473502,3397,2780,617
9110473601,3286,2690,596
9110473602,2374,1892,482
9110473700,5748,4541,1207
9110473800,1837,1433,404
9110476100,4734,3839,895
9110476200,2723,2255,468
9110476300,5156,4295,861
9110477101,4144,3306,838
9110477103,5657,4895,762
9110477104,2959,2298,661
9110477200,2992,2370,622
9110480300,2173,1742,431
9110480400,3466,2846,620
9110480500,3256,2547,709
9110480600,4938,3729,1209
9110480700,2175,1689,486
9110480800,4177,3545,632
9110480900,2989,2585,404
9110481000,3411,2757,654
9110481100,3686,2993,693
9110481200,3734,3116,618
9110481300,2807,2327,480
9110484100,5665,4829,836
9110484200,5525,4527,998
9110487100,7158,5428,1730
9110487201,4581,3504,1077
9110487202,3517,2625,892
9110487300,1434,1170,264
9110487400,2621,2019,602
9110487500,7607,5971,1636
9110490100,5577,4629,948
9110490303,4579,3481,1098
9110490304,4031,3325,706
9110492100,3354,2732,622
9110492200,4263,3278,985
9110492300,6118,4995,1123
9110492400,3007,2398,609
9110492500,3436,2813,623
9110492600,7120,5720,1400
9110494100,6293,5215,1078
9110494201,4687,3849,838
9110494202,2792,2273,519
9110494300,4034,3263,771
9110494400,4747,3880,867
9110494500,4366,3533,833
9110494600,3617,2964,653
9110496100,2683,2065,618
9110496200,4747,3864,883
9110496300,3650,2847,803
9110496400,2939,2252,687
9110496500,2801,2104,697
9110496600,2781,2276,505
9110496700,3674,2987,687
9110496800,3616,2844,772
9110496900,6179,5145,1034
9110497000,4279,3184,1095
9110497100,4041,3441,600
9110497200,2478,2101,377
9110497300,5478,4402,1076
9110497400,4068,2987,1081
9110497500,3972,3080,892
9110497600,2246,1807,439
9110497700,4451,3346,1105
9110500100,3720,2597,1123
9110500200,2179,1603,576
9110500300,1937,1465,472
9110500400,1862,1331,531
9110500500,1533,1307,226
9110500900,2027,1343,684
9110501200,2552,1628,924
9110501300,1707,1139,568
9110501400,2627,1917,710
9110501500,3783,2699,1084
9110501700,1512,1055,457
9110501800,2898,1914,984
9110502100,2832,2635,197
9110502300,5910,4448,1462
9110502400,5582,4086,1496
9110502500,1768,1336,432
9110502600,3743,2751,992
9110502700,5001,4204,797
9110502800,2971,2023,948
9110502900,2776,2038,738
9110503000,2978,2135,843
9110503101,1677,1240,437
9110503102,2851,2522,329
9110503300,2617,2019,598
9110503500,1616,1147,469
9110503700,2450,1909,541
9110503800,2462,2394,68
9110503900,4772,3769,1003
9110504000,3365,2630,735
9110504100,1918,1411,507
9110504200,4713,4125,588
9110504300,2022,1602,420
9110504500,3478,2525,953
9110504800,4576,3610,966
9110504900,4342,3376,966
9110510100,2224,1752,472
9110510200,2367,1943,424
9110510300,4185,3097,1088
9110510400,5614,4203,1411
9110510500,3139,2517,622
9110510600,5051,3708,1343
9110510700,4915,3814,1101
9110510800,3110,2508,602
9110510900,3699,2984,715
9110511000,3581,2913,668
9110511100,3742,2992,750
9110511200,3455,2544,911
9110511300,3542,2688,854
9110511400,2421,1978,443
9110514101,3160,2611,549
9110514103,4038,3410,628
9110514104,4244,3376,868
9110514200,3382,2650,732
9110514300,4363,3395,968
9110514400,4899,3864,1035
9110514500,4481,3589,892
9110514600,5258,4198,1060
9110514700,4403,3574,829
9110514800,3577,2591,986
9110514900,2987,2392,595
9110515000,2899,2375,524
9110515101,2525,2100,425
9110515102,6054,4575,1479
9110515200,3443,2908,535
9110520100,5668,4477,1191
9110520201,3883,2876,1007
9110520202,4253,3200,1053
9110520301,4732,3712,1020
9110520302,4467,3813,654
9110520400,7794,6017,1777
9110520501,4362,3341,1021
9110524100,6133,4867,1266
9110524200,6658,5456,1202
9110524300,5329,4706,623
9110524400,3157,2376,781
9110524501,3422,2747,675
9110524502,2229,1927,302
9110524600,3198,2511,687
9110524700,3402,2682,720
9110526101,4418,3471,947
9110526102,4680,3790,890
9110528100,3151,2592,559
9110529100,4858,3902,956
9110530100,2286,1832,454
9110530200,6259,4881,1378
9110530301,5532,4549,983
9110530302,6240,5345,895
9110530400,4118,3530,588
9110530500,3236,2635,601
9110530600,2544,2159,385
9110533102,5562,4354,1208
9110533103,4026,3212,814
9110533104,4975,3771,1204
9110535101,5533,4525,1008
9110535102,4153,3202,951
9110535200,6740,5124,1616
9110538100,1300,1298,2
9110538201,5007,3927,1080
9110538202,3948,3179,769
9110840100,5566,4698,868
9110850100,5586,4370,1216
9110850200,6649,5393,1256
9110860100,5272,4328,944
9110881100,4977,4252,725
9110881200,9522,9476,46
9110881300,5349,4869,480
9110881500,6044,4971,1073
9110890100,3696,2982,714
9110890202,4949,4065,884
9110890204,2827,2245,582
9110980100,889,875,14
9120060100,4551,3897,654
9120060200,4211,3271,940
9120060300,3986,3022,964
9120060400,4494,3315,1179
9120060500,3092,2207,885
9120060600,2235,1809,426
9120060700,8087,6708,1379
9120060800,2089,1515,574
9120060900,2546,1867,679
9120061000,4060,3153,907
9120061100,3826,2760,1066
9120061200,2342,1832,510
9120061300,3031,2323,708
9120061400,3004,2391,613
9120061500,4936,3703,1233
9120061600,5022,3930,1092
9120070100,5178,4479,699
9120070200,3984,3182,802
9120070300,1359,770,589
9120070400,1712,1536,176
9120070500,1684,1309,375
9120070600,2795,2443,352
9120070900,2792,2007,785
9120071000,3850,2657,1193
9120071100,4623,3382,1241
9120071200,5302,3907,1395
9120071300,3547,2661,886
9120071400,3876,2769,1107
9120071600,2514,1623,891
9120071900,4714,3640,1074
9120072000,3699,2834,865
9120072100,6399,5173,1226
9120072200,3944,3139,805
9120072300,5404,4087,1317
9120072400,2833,2131,702
9120072500,5843,4704,1139
9120072600,7746,6783,963
9120072700,3849,3029,820
9120072800,5722,4056,1666
9120072900,4849,3690,1159
9120073000,1998,1542,456
9120073100,4666,3636,1030
9120073200,3765,3093,672
9120073300,3430,2625,805
9120073400,3882,2979,903
9120073500,3613,2603,1010
9120073600,2318,1661,657
9120073700,5173,3882,1291
9120073800,2375,1712,663
9120073900,3542,2605,937
9120074000,2262,1650,612
9120074300,4652,3386,1266
9120074400,4673,3320,1353
9120080100,4998,3863,1135
9120080200,4446,3382,1064
9120080400,6073,4561,1512
9120080500,3107,2676,431
9120080600,2533,2115,418
9120080700,1980,1596,384
9120080800,4929,3813,1116
9120080900,4897,3827,1070
9120081000,4359,3546,813
9120081100,4767,3846,921
9120081200,5247,4234,1013
9120081300,5019,4517,502
9120090100,3305,2513,792
9120090200,8152,6306,1846
9120090300,4681,3581,1100
9120090400,6714,5033,1681
9120090500,4814,3603,1211
9120090600,3578,2704,874
9120090700,5583,4027,1556
9120100100,5583,4345,1238
9120100200,6749,5197,1552
9120100300,6493,5007,1486
9120105100,4220,3173,1047
9120105200,3385,2617,768
9120257200,4087,3031,1056
9130541100,2549,2051,498
9130541200,5427,4448,979
9130541301,2047,1903,144
9130541302,4123,3507,616
9130541401,3333,2683,650
9130541402,5639,4757,882
9130541500,3324,3119,205
9130541600,1475,1202,273
9130541700,3664,3042,622
9130542000,4482,3689,793
9130542100,3571,2909,662
9130542200,1628,1331,297
9130550100,5759,4571,1188
9130550201,3877,3074,803
9130550202,3081,2535,546
9130560100,5789,4598,1191
9130560200,3595,2951,644
9130570100,5007,3968,1039
9130570200,3458,2691,767
9130570300,5760,4823,937
9130580100,4217,3486,731
9130585100,7152,5704,1448
9130590101,3925,3207,718
9130590102,4527,3548,979
9130595101,3573,2909,664
9130595102,5302,4369,933
9130600100,3749,3192,557
9130610100,2146,1818,328
9130610200,3689,3182,507
9130610300,4150,3379,771
9130610400,3200,2544,656
9130620100,4415,3680,735
9130630101,4185,3574,611
9130630102,2548,2210,338
9130640100,6174,5068,1106
9130650100,2352,2013,339
9130660101,3420,2834,586
9130660103,2766,2241,525
9130660104,1442,1208,234
9130670100,4725,3931,794
9130670200,5756,5070,686
9130680101,3161,2622,539
9130680102,3608,3207,401
9130680200,6455,5431,1024
9140110100,2682,2184,498
9140110201,4763,3797,966
9140110202,5078,4384,694
9140110301,6428,5521,907
9140110302,3355,2793,562
9140110400,5051,4068,983
9140110500,5561,4542,1019
9140110601,2907,2346,561
9140110602,5044,4104,940
9140120100,6375,5241,1134
9140120200,5950,4745,1205
9140125100,4367,3648,719
9140125200,5888,4614,1274
9140125300,5167,4016,1151
9140125400,3496,2666,830
9140130101,5136,4184,952
9140130102,3177,2571,606
9140130201,3566,2822,744
9140130202,4869,3909,960
9140341100,6000,4884,1116
9140342100,3385,2854,531
9140343101,5128,4223,905
9140343102,4000,3154,846
9140343200,6022,4712,1310
9140343300,6918,5525,1393
9140343400,6665,5129,1536
9140344100,4656,3645,1011
9140344200,2918,2281,637
9140345100,6858,5465,1393
9140345201,7148,5562,1586
9140345202,4065,3276,789
9140345300,6330,4945,1385
9140345400,7118,5624,1494
9140346101,6722,5589,1133
9140346102,5984,4593,1391
9140347100,5712,4671,1041
9140347200,3689,2912,777
9140348111,2455,2012,443
9140348122,4198,3195,1003
9140348123,5686,4417,1269
9140348124,2534,2378,156
9140348125,5006,4528,478
9140349100,4792,3944,848
9140349200,2650,2139,511
9140350101,4697,3949,748
9140350200,3695,2581,1114
9140350300,2235,1487,748
9140350400,2846,1918,928
9140350500,2693,1881,812
9140350800,6010,4002,2008
9140350900,2180,1548,632
9140351000,4107,3062,1045
9140351100,4341,3304,1037
9140351200,4146,2840,1306
9140351300,5557,4284,1273
9140351400,4087,2968,1119
9140351500,4975,3778,1197
9140351601,3541,2721,820
9140351602,6201,4999,1202
9140351700,3015,2129,886
9140351800,4403,3562,841
9140351900,2840,2393,447
9140352000,4996,3980,1016
9140352100,4359,3284,1075
9140352200,2582,1682,900
9140352300,3106,2244,862
9140352400,3461,2577,884
9140352500,3084,2341,743
9140352600,5450,4291,1159
9140352701,3415,2655,760
9140352702,5996,4792,1204
9140352800,6385,4804,1581
9140360100,5285,4293,992
9140360200,7720,6290,1430
9140360300,3271,2640,631
9140360400,5829,4732,1097
9140361100,6418,5179,1239
9140361200,5446,4398,1048
9140361300,4278,3486,792
9140362101,4136,3477,659
9140362102,5587,4677,910
9140405100,3164,2512,652
9140405200,4225,3555,670
9140405300,6105,5035,1070
9140405401,3421,2783,638
9140405402,4257,3501,756
9140405500,5266,4128,1138
9140405600,7398,5568,1830
9140405700,2061,1678,383
9140405801,3176,2511,665
9140405802,4172,3424,748
9140405900,4647,3745,902
9140406001,4113,3158,955
9140406002,4754,4010,744
9140406100,4074,3196,878
9140425300,3986,3272,714
9140425400,4429,3693,736
9140425500,3256,2654,602
9150708100,2570,2096,474
9150815000,2151,1747,404
9150820000,1728,1442,286
9150825000,1576,1274,302
9150830100,4191,3426,765
9150890203,785,657,128
9150900100,4422,3680,742
9150900200,4767,3870,897
9150901101,2640,2068,572
9150901102,5581,4344,1237
9150902200,1649,1346,303
9150902500,4266,3443,823
9150903101,3302,2643,659
9150903102,3527,2703,824
9150903200,2395,2040,355
9150904101,4761,3843,918
9150904102,2797,2285,512
9150904400,4112,3268,844
9150904500,6082,4856,1226
9150905101,4751,3641,1110
9150905102,3699,3098,601
9150906100,5045,4028,1017
9150907100,4217,3307,910
9150907200,5302,4108,1194
9150907300,5454,4328,1126
9150908100,3578,2841,737
9160260200,3211,2654,557
9160261100,4194,3431,763
9160262100,2680,2338,342
9160263200,1567,1355,212
9160265100,1351,1106,245
9160266100,3019,2538,481
9160267100,3646,3033,613
9160268100,2260,1930,330
9160290100,3647,2964,683
9160293100,1361,1160,201
9160296100,3150,2607,543
9160298300,2729,2163,566
9160298400,2755,2208,547
9160300100,2610,2211,399
9160300400,2151,1778,373
9160300500,3431,2870,561
9160303100,2256,1874,382
9160306100,6658,5413,1245
9160310100,4253,3382,871
9160310200,2844,2203,641
9160310300,1801,1438,363
9160310400,2578,2139,439
9160310500,1806,1553,253
9160310601,3454,2787,667
9160310602,4427,3729,698
9160310700,4379,3716,663
9160310801,2385,1891,494
9160310803,4802,3927,875
9160310804,2786,2201,585
9160320101,1388,1133,255
9160320102,4551,3786,765
9160320200,4285,3634,651
9160330100,1901,1554,347
9160410101,5285,4124,1161
9160410102,4234,3300,934
9160425601,1588,1329,259
9160425602,1080,898,182
9170140101,1306,1236,70
9170140102,2526,2332,194
9170140200,543,504,39
9170140300,2750,2029,721
9170140400,3554,2516,1038
9170140500,3775,2557,1218
9170140600,4747,3371,1376
9170140700,4275,3404,871
9170140800,3892,2899,993
9170140900,4478,3387,1091
9170141000,3873,3144,729
9170141100,2805,2266,539
9170141200,4678,3425,1253
9170141301,6316,5140,1176
9170141400,4989,3710,1279
9170141500,7614,5345,2269
9170141600,5139,4114,1025
9170141800,4523,3780,743
9170141900,5569,4806,763
9170142000,3451,3239,212
9170142100,1189,934,255
9170142200,1671,1564,107
9170142300,5392,3825,1567
9170142400,5916,4062,1854
9170142500,5938,4237,1701
9170142601,5890,4332,1558
9170142604,2948,2293,655
9170142605,4149,3359,790
9170142700,6743,4864,1879
9170142800,4751,3858,893
9170150100,4332,3804,528
9170150200,3385,2795,590
9170150300,3894,3279,615
9170150400,4118,3483,635
9170150500,4165,3450,715
9170150600,6513,5374,1139
9170150700,4331,3470,861
9170150800,3847,3219,628
9170150900,3965,3219,746
9170151000,4090,3520,570
9170151100,6341,5354,987
9170151200,3063,2577,486
9170154101,3089,2417,672
9170154102,4918,3847,1071
9170154200,6767,5136,1631
9170154500,4738,3711,1027
9170154600,4226,3485,741
9170154700,6187,5214,973
9170154800,4954,4140,814
9170154900,3805,3177,628
9170155000,5487,4249,1238
9170155100,3421,2856,565
9170157100,2604,2086,518
9170157200,3865,3049,816
9170157300,3524,2818,706
9170157400,4287,3286,1001
9170160100,3576,2679,897
9170160200,5511,4290,1221
9170161100,5297,4255,1042
9170165100,4067,3160,907
9170165200,2577,2068,509
9170165300,2257,1795,462
9170165400,5504,4663,841
9170165500,4904,3730,1174
9170165600,5935,4610,1325
9170165700,4557,3673,884
9170165801,5370,4531,839
9170165802,4103,3337,766
9170165900,8178,6929,1249
9170166002,6894,6339,555
9170166003,2473,2096,377
9170166004,4350,3727,623
9170167101,3847,3157,690
9170167102,4289,3366,923
9170167201,4183,3437,746
9170167202,4332,3666,666
9170167301,7602,6145,1457
9170170100,1679,1151,528
9170170200,1900,1368,532
9170170300,2453,1753,700
9170170400,1772,1378,394
9170170500,5442,4371,1071
9170170600,2516,2015,501
9170170700,2672,2016,656
9170170800,5925,4651,1274
9170170900,2705,2087,618
9170171000,2045,1548,497
9170171100,5597,4535,1062
9170171201,4709,3860,849
9170171202,3420,2912,508
9170171300,3427,2644,783
9170171400,2100,1522,578
9170171500,3634,2591,1043
9170171600,4998,3967,1031
9170171700,3856,3172,684
9170175100,3409,2662,747
9170175200,2481,1982,499
9170175300,4237,3394,843
9170175400,4444,3586,858
9170175501,1441,1166,275
9170175502,6158,5423,735
9170175600,5203,4211,992
9170175700,1956,1570,386
9170175800,4200,3278,922
9170175900,4911,4082,829
9170176000,5956,4902,1054
9170180101,2117,1827,290
9170180102,4031,3475,556
9170180200,5723,4626,1097
9170180300,2470,1991,479
9170180400,2613,2160,453
9170180500,4386,3666,720
9170180601,3049,2537,512
9170180602,3534,3011,523
9170184101,5254,4557,697
9170184200,4276,3588,688
9170184300,4265,3787,478
9170184400,3224,2868,356
9170184500,2540,2122,418
9170184600,2740,2311,429
9170184700,5974,4982,992
9170186100,6813,5639,1174
9170186200,6731,5446,1285
9170190100,3289,2737,552
9170190200,3421,2863,558
9170190301,6616,5064,1552
9170190302,5398,4280,1118
9170190303,3349,2673,676
9170194101,2045,1735,310
9170194102,2991,2544,447
9170194201,7520,5890,1630
9170194202,5135,4001,1134
9170361401,4458,4377,81
9170361402,4175,4101,74
9170361500,7992,6884,1108
9180690300,6805,5099,1706
9180690400,2186,1677,509
9180690500,2774,2351,423
9180690700,1402,1106,296
9180690800,3458,2708,750
9180690900,4963,4345,618
9180693300,5672,4717,955
9180693400,4286,3514,772
9180693500,3460,2851,609
9180693600,2886,2266,620
9180693700,3267,2619,648
9180695201,4975,4079,896
9180695202,5854,4623,1231
9180696100,5094,4022,1072
9180696200,4768,4016,752
9180696300,2741,2246,495
9180696401,6168,4537,1631
9180696500,2931,2425,506
9180696600,3861,3023,838
9180696701,5902,4550,1352
9180696800,4016,3133,883
9180697000,4644,3735,909
9180700100,4788,3892,896
9180701100,8050,6211,1839
9180701200,7355,5677,1678
9180702100,4504,3641,863
9180702300,2419,1897,522
9180702400,3352,2817,535
9180702500,4679,3469,1210
9180702600,1115,979,136
9180702700,4707,4176,531
9180702800,4031,3129,902
9180702900,2352,2079,273
9180703000,3645,3201,444
9180705101,4202,3408,794
9180705102,4193,3366,827
9180705200,3407,2945,462
9180705300,3747,3304,443
9180705400,2786,2302,484
9180707100,5149,4133,1016
9180709100,6004,4794,1210
9180709200,5398,4255,1143
9180710100,4195,3376,819
9180711100,2967,2324,643
9180712100,1863,1531,332
9180713100,2429,2042,387
9180714101,3782,3059,723
9180714103,7096,5499,1597
9180714104,4677,3733,944
9180715100,4213,3334,879
9180716101,4975,4190,785
9180716102,5753,4407,1346
9180800300,5958,5051,907
9180800400,3910,3147,763
9180800501,3804,2952,852
9180800502,3149,2616,533
9180800600,4187,3117,1070
9180800700,3417,2758,659
9180870100,7142,5773,1369
9180870200,5792,4074,1718
9180870300,5779,4898,881
9180870501,4315,3496,819
9180870502,3243,2858,385
9180870701,2072,1737,335
9180870703,1749,1495,254
9180870704,4144,3607,537
9180980000,1823,1780,43
9190010101,4401,3467,934
9190010102,4276,3195,1081
9190010201,3395,2529,866
9190010202,5904,4360,1544
9190010300,4370,3227,1143
9190010400,5716,4521,1195
9190010500,6570,5239,1331
9190010600,1884,1667,217
9190010700,3573,2928,645
9190010800,3135,2299,836
9190010900,5279,3835,1444
9190011000,5477,3810,1667
9190011100,5049,3346,1703
9190011200,1703,1343,360
9190011300,2786,2173,613
9190020101,2862,2603,259
9190020102,3988,3661,327
9190020200,3754,3048,706
9190020301,3829,3099,730
9190020302,3379,2709,670
9190020400,3611,2860,751
9190020500,4813,3839,974
9190020600,4842,3798,1044
9190020700,4170,3367,803
9190020800,2873,2246,627
9190020900,5257,4185,1072
9190021000,3559,2741,818
9190021100,6414,5133,1281
9190021200,4319,3484,835
9190021300,4781,3819,962
9190021401,3079,2196,883
9190021402,3947,2993,954
9190021501,3955,2818,1137
9190021502,2821,2092,729
9190021601,3559,3053,506
9190021602,4536,3692,844
9190021701,3268,2737,531
9190021702,4732,4232,500
9190021801,4720,3809,911
9190021802,5156,4056,1100
9190021900,6341,5033,1308
9190022000,3058,2407,651
9190022101,3586,2588,998
9190022102,3943,3170,773
9190022201,3060,2585,475
9190022202,4581,3850,731
9190022300,6311,4949,1362
9190022400,2366,1863,503
9190030100,3733,2579,1154
9190030200,3316,2289,1027
9190030300,4425,3073,1352
9190030400,4060,2753,1307
9190030500,5965,3974,1991
9190035101,3663,2679,984
9190035102,4259,3086,1173
9190035200,3306,2355,951
9190035300,4114,2845,1269
9190035400,5280,3609,1671
9190042500,3678,3021,657
9190042600,4053,3344,709
9190042700,5585,4665,920
9190042800,4761,3823,938
9190042900,1593,1340,253
9190043000,3233,2655,578
9190043100,4545,3666,879
9190043200,3081,2382,699
9190043300,3389,2701,688
9190043400,4980,3908,1072
9190043500,2713,2159,554
9190043600,3187,2562,625
9190043700,3602,2990,612
9190043800,8083,6391,1692
9190043900,5456,4359,1097
9190044000,6241,4817,1424
9190044100,3479,2975,504
9190044200,4092,3287,805
9190044300,4264,3510,754
9190044400,3536,2631,905
9190044500,4056,2842,1214
9190044600,3577,2654,923
9190045101,4094,2962,1132
9190045102,5885,4247,1638
9190045200,2720,2095,625
9190045300,2513,1779,734
9190045400,3291,2357,934
9190050100,4070,2957,1113
9190050200,4096,2968,1128
9190050301,3977,2865,1112
9190050302,4425,3192,1233
9190050400,2444,1947,497
9190050500,4751,3505,1246
9190050600,3378,2509,869
9190055100,5837,4234,1603
9190055200,4517,3236,1281
9190200100,4039,3172,867
9190200200,5788,4526,1262
9190200301,5263,4115,1148
9190200302,5268,4088,1180
9190205100,4413,3528,885
9190205200,7015,5399,1616
9190205300,6100,4897,1203
9190210101,2773,2189,584
9190210102,3246,2556,690
9190210201,3533,2711,822
9190210202,3437,2513,924
9190210300,6114,4648,1466
9190210401,4594,3524,1070
9190210402,4433,3464,969
9190210501,3207,2627,580
9190210502,6528,5565,963
9190210600,6623,5026,1597
9190210701,5877,4273,1604
9190210702,3880,2913,967
9190210800,6099,4915,1184
9190210900,5921,4712,1209
9190211000,4051,3255,796
9190211100,1190,1155,35
9190211201,3630,2880,750
9190211202,2769,2244,525
9190211300,3549,2893,656
9190211400,5064,4185,879
9190220100,4912,3883,1029
9190220200,4873,3819,1054
9190220300,3794,3027,767
9190230100,7351,5798,1553
9190230200,1914,1496,418
9190230300,3490,2705,785
9190230400,5579,4291,1288
9190230501,3942,3061,881
9190230502,4897,3944,953
9190240100,4294,3403,891
9190240200,4471,3515,956
9190245100,2879,2138,741
9190245200,4463,3356,1107
9190245300,5362,4179,1183
9190245400,3404,2470,934
9190245500,2952,2185,767
9190245600,5973,4331,1642
9190250100,1662,1455,207
9190253100,3473,2799,674
9190253200,7397,5746,1651
9190253400,6216,5059,1157
9190253500,5990,4793,1197
9190257100,3527,2925,602
9190425700,5039,3983,1056
10001040100,7315,5611,1704
10001040201,5446,4042,1404
10001040203,5182,3975,1207
10001040204,6451,4663,1788
10001040205,4699,3533,1166
10001040206,7643,5825,1818
10001040501,4605,3611,994
10001040502,2645,2038,607
10001040700,5461,4265,1196
10001040900,2374,2045,329
10001041000,7443,5657,1786
10001041101,2816,1805,1011
10001041200,4368,3262,1106
10001041300,2059,1505,554
10001041400,3839,2982,857
10001041500,4085,3030,1055
10001041600,2107,1707,400
10001041701,6164,4781,1383
10001041702,4472,3405,1067
10001041802,6720,5103,1617
10001041803,4384,3459,925
10001041804,5980,4654,1326
10001041900,5289,4044,1245
10001042000,3064,2380,684
10001042100,3997,3098,899
10001042203,5705,4255,1450
10001042204,4773,3481,1292
10001042205,3019,2312,707
10001042206,2822,2203,619
10001042207,2576,1977,599
10001042208,4016,3108,908
10001042500,3590,2590,1000
10001042801,2007,1606,401
10001042802,5612,4350,1262
10001042900,5105,4056,1049
10001043000,5414,4110,1304
10001043100,2573,2087,486
10001043202,3722,2979,743
10001043300,6553,5692,861
10001043400,5648,4415,1233
10001980000,108,104,4
10003000200,5298,4193,1105
10003000300,3012,2233,779
10003000400,2957,2436,521
10003000500,3453,2515,938
10003000601,2773,2035,738
10003000602,2876,2134,742
10003000900,2267,1563,704
10003001100,3375,3187,188
10003001200,1605,1454,151
10003001300,3588,3013,575
10003001400,2103,1727,376
10003001500,2231,1748,483
10003001600,2419,1765,654
10003001902,2113,1554,559
10003002100,1809,1283,526
10003002200,2874,1942,932
10003002300,3003,2091,912
10003002400,4250,3346,904
10003002500,3235,2443,792
10003002600,3730,2585,1145
10003002700,2990,2310,680
10003002800,2378,2071,307
10003002900,3499,2540,959
10003003002,3060,2329,731
10003010104,3620,2830,790
10003010105,2916,2113,803
10003010106,1760,1509,251
10003010200,2034,1607,427
10003010300,4106,3232,874
10003010400,4591,3725,866
10003010502,5779,4788,991
10003010703,2036,1556,480
10003010704,3947,3149,798
10003010800,4796,3948,848
10003010900,2773,2237,536
10003011000,3201,2542,659
10003011100,2654,2282,372
10003011201,2421,1946,475
10003011202,4003,3308,695
10003011203,4805,3884,921
10003011204,3313,2741,572
10003011205,1968,1585,383
10003011206,4319,3345,974
10003011300,2244,1847,397
10003011400,3456,2735,721
10003011500,2908,2308,600
10003011600,3287,2573,714
10003011700,4260,3465,795
10003011800,4927,4135,792
10003011900,3298,2592,706
10003012000,4334,3536,798
10003012100,2901,2301,600
10003012200,4676,3581,1095
10003012300,2739,2159,580
10003012400,4637,3486,1151
10003012500,5660,4358,1302
10003012600,2945,2351,594
10003012700,4392,3592,800
10003012900,4823,3565,1258
10003013000,1927,1515,412
10003013100,2248,1833,415
10003013200,2653,2074,579
10003013300,1907,1543,364
10003013400,2504,2036,468
10003013501,7213,5880,1333
10003013505,3489,2807,682
10003013506,4567,3785,782
10003013507,1819,1428,391
10003013508,5655,4419,1236
10003013604,4156,3372,784
10003013607,6255,5031,1224
10003013608,1959,1543,416
10003013610,5460,4534,926
10003013611,5572,4648,924
10003013612,6158,4926,1232
10003013613,5657,4676,981
10003013614,3258,2555,703
10003013615,4107,3324,783
10003013700,4071,3177,894
10003013800,5901,4752,1149
10003013901,3492,2741,751
10003013903,4820,3768,1052
10003013905,4169,3100,1069
10003013906,4648,3670,978
10003014000,5441,4349,1092
10003014100,4985,3693,1292
10003014200,1600,1313,287
10003014301,1317,1092,225
10003014302,4908,4464,444
10003014402,2807,2383,424
10003014403,3611,2955,656
10003014404,4159,3562,597
10003014501,2134,1931,203
10003014502,7374,7189,185
10003014702,1910,1510,400
10003014703,4827,3890,937
10003014705,5891,4572,1319
10003014706,2929,2180,749
10003014803,4150,3432,718
10003014808,6476,5078,1398
10003014809,8360,6692,1668
10003014810,7083,5613,1470
10003014811,6677,4822,1855
10003014812,4559,3628,931
10003014813,4889,3848,1041
10003014814,4361,3290,1071
10003014903,7365,5269,2096
10003014904,5003,4117,886
10003014906,5339,4098,1241
10003014907,4921,3708,1213
10003014908,2425,1792,633
10003014909,6186,4652,1534
10003015000,5659,4542,1117
10003015100,3594,2808,786
10003015200,5783,4501,1282
10003015400,2932,2209,723
10003015502,2686,2035,651
10003015600,2343,1791,552
10003015802,2276,1726,550
10003015900,3344,2595,749
10003016000,2999,2265,734
10003016100,1961,1661,300
10003016200,3051,2509,542
10003016301,7385,5955,1430
10003016306,4598,3569,1029
10003016307,2756,2221,535
10003016308,3728,2990,738
10003016309,4125,3307,818
10003016401,6711,5269,1442
10003016404,3334,2622,712
10003016608,6561,5064,1497
10003016609,5595,4312,1283
10003016610,7062,5510,1552
10003016611,7851,5645,2206
10003016612,6450,4739,1711
10003016613,6109,4337,1772
10003016614,6239,4474,1765
10003016805,1723,1396,327
10003016806,6347,4487,1860
10003016807,1901,1411,490
10003016808,7377,5511,1866
10003016901,2364,1876,488
10003016904,3096,2872,224
10005050101,4013,3236,777
10005050103,5063,4221,842
10005050104,5031,3785,1246
10005050105,5939,4388,1551
10005050200,3744,2777,967
10005050302,5521,4001,1520
10005050303,2935,2313,622
10005050304,4616,3670,946
10005050401,3606,2872,734
10005050403,3517,2621,896
10005050405,4378,3304,1074
10005050406,5475,4063,1412
10005050407,5238,4210,1028
10005050408,4534,3546,988
10005050501,4201,3285,916
10005050503,5604,3737,1867
10005050505,2420,2212,208
10005050506,4112,3099,1013
10005050601,5391,4138,1253
10005050603,3956,3165,791
10005050604,4674,3611,1063
10005050701,5068,4322,746
10005050703,2153,1786,367
10005050706,1772,1557,215
10005050707,2578,2285,293
10005050708,2774,2424,350
10005050709,1956,1774,182
10005050710,1870,1457,413
10005050711,1505,1256,249
10005050801,3979,3225,754
10005050804,4188,3465,723
10005050805,3038,2464,574
10005050806,4454,3735,719
10005050807,1824,1622,202
10005050808,4150,3726,424
10005050903,2161,1968,193
10005050904,2592,2256,336
10005050905,2848,2485,363
10005051008,4100,3626,474
10005051009,2313,1978,335
10005051010,2795,2452,343
10005051011,3580,3083,497
10005051012,1908,1715,193
10005051013,3686,3150,536
10005051014,1881,1709,172
10005051015,1877,1626,251
10005051016,1879,1685,194
10005051017,3804,3435,369
10005051101,629,589,40
10005051102,1029,970,59
10005051103,952,866,86
10005051201,1513,1391,122
10005051202,856,822,34
10005051203,792,726,66
10005051204,652,627,25
10005051205,580,543,37
10005051302,4907,4337,570
10005051307,2975,2708,267
10005051308,4074,3530,544
10005051309,1488,1407,81
10005051310,1933,1765,168
10005051311,1832,1712,120
10005051312,2290,2046,244
10005051313,3144,2742,402
10005051314,2525,2271,254
10005051400,3878,3033,845
10005051501,2246,1737,509
10005051502,3228,2586,642
10005051701,4103,3258,845
10005051702,6577,4982,1595
10005051801,5359,3933,1426
10005051802,4354,3076,1278
10005051900,4760,3685,1075
11001000101,1406,1288,118
11001000102,3417,2929,488
11001000201,4108,4079,29
11001000202,4672,4212,460
11001000300,6161,5081,1080
11001000400,1643,1410,233
11001000501,3829,3470,359
11001000502,3418,2972,446
11001000600,4676,3848,828
11001000702,3452,3175,277
11001000703,3022,2742,280
11001000704,2753,2430,323
11001000802,3327,2669,658
11001000803,3174,2864,310
11001000804,3832,3035,797
11001000902,2317,1731,586
11001000903,4202,3953,249
11001000904,3148,2405,743
11001001002,3643,3218,425
11001001003,3111,2257,854
11001001004,4480,3529,951
11001001100,5300,4281,1019
11001001200,5371,4377,994
11001001301,4160,3452,708
11001001303,3763,3449,314
11001001304,4018,3831,187
11001001401,3258,2520,738
11001001402,3514,2829,685
11001001500,6156,4542,1614
11001001600,4471,3466,1005
11001001702,3356,2799,557
11001001803,4102,3066,1036
11001001804,5500,4129,1371
11001001901,4206,3316,890
11001001902,2117,1681,436
11001002001,2926,2250,676
11001002002,4072,3198,874
11001002101,5687,4375,1312
11001002102,5099,3984,1115
11001002201,3485,2755,730
11001002202,3339,2556,783
11001002301,3266,2592,674
11001002302,1762,1495,267
11001002400,4095,3488,607
11001002501,2688,2190,498
11001002503,3031,2622,409
11001002504,3349,2707,642
11001002600,2592,2021,571
11001002702,5825,4813,1012
11001002703,2614,2264,350
11001002704,2993,2480,513
11001002801,4398,3721,677
11001002802,4685,3955,730
11001002900,4443,3811,632
11001003000,3561,3032,529
11001003100,3873,3329,544
11001003200,5099,4250,849
11001003301,3824,3325,499
11001003302,2434,2131,303
11001003400,5120,4747,373
11001003500,4801,4489,312
11001003600,4775,4211,564
11001003701,2916,2536,380
11001003702,2906,2421,485
11001003801,1800,1642,158
11001003802,3911,3546,365
11001003901,2598,2428,170
11001003902,2022,1849,173
11001004001,3941,3596,345
11001004002,3291,3095,196
11001004100,2836,2606,230
11001004201,3548,3398,150
11001004202,2850,2736,114
11001004300,4436,4151,285
11001004401,3430,3236,194
11001004402,2755,2485,270
11001004600,3543,3101,442
11001004702,3934,3715,219
11001004703,3331,3067,264
11001004704,1945,1339,606
11001004801,2820,2585,235
11001004802,3634,3180,454
11001004901,3380,2925,455
11001004902,3449,3022,427
11001005001,2012,1874,138
11001005003,2143,2058,85
11001005004,3861,3532,329
11001005202,3408,3167,241
11001005203,2979,2889,90
11001005302,2518,2339,179
11001005303,3215,3066,149
11001005501,2303,2196,107
11001005502,2968,2816,152
11001005503,2492,2330,162
11001005601,2900,2852,48
11001005602,4100,3946,154
11001005801,1672,1570,102
11001005802,2145,2058,87
11001005900,2617,2543,74
11001006400,2481,2042,439
11001006500,2609,2258,351
11001006600,2164,1854,310
11001006700,3927,3311,616
11001006801,2238,1858,380
11001006802,2580,2055,525
11001006804,2429,2413,16
11001006900,2799,2294,505
11001007000,2697,2323,374
11001007100,3218,2648,570
11001007201,2985,2786,199
11001007202,4303,4152,151
11001007203,3748,3307,441
11001007301,3841,2645,1196
11001007304,4410,3210,1200
11001007401,1259,868,391
11001007403,2613,1698,915
11001007404,3637,2449,1188
11001007406,3528,2133,1395
11001007407,3491,2591,900
11001007408,2867,1884,983
11001007409,3835,2579,1256
11001007502,4687,3418,1269
11001007503,2528,1808,720
11001007504,2730,1960,770
11001007601,4693,3704,989
11001007603,4185,3503,682
11001007604,3803,3083,720
11001007605,3663,2862,801
11001007703,5227,3819,1408
11001007707,3927,2970,957
11001007708,2574,1900,674
11001007709,2072,1643,429
11001007803,4590,3540,1050
11001007804,3499,2674,825
11001007806,3457,2888,569
11001007807,2114,1622,492
11001007808,3792,2833,959
11001007809,3155,2391,764
11001007901,4148,3165,983
11001007903,1865,1509,356
11001008001,3103,2516,587
11001008002,3366,2690,676
11001008100,3153,2601,552
11001008200,2695,2360,335
11001008301,3220,2781,439
11001008302,3026,2557,469
11001008402,2447,2116,331
11001008410,1843,1523,320
11001008701,2814,2404,410
11001008702,3574,3181,393
11001008802,4360,3741,619
11001008803,4036,3569,467
11001008804,2417,2063,354
11001008903,3062,2404,658
11001008904,3137,2455,682
11001009000,4676,3764,912
11001009102,4608,3683,925
11001009201,3103,2663,440
11001009203,2775,2389,386
11001009204,2889,2225,664
11001009301,3853,3104,749
11001009302,1750,1476,274
11001009400,4424,3564,860
11001009503,3106,2532,574
11001009504,3208,2696,512
11001009505,3796,3118,678
11001009507,1525,1243,282
11001009508,4243,3497,746
11001009509,3194,2643,551
11001009510,4525,3296,1229
11001009511,2066,2042,24
11001009601,2086,1553,533
11001009602,4481,3090,1391
11001009603,3971,3034,937
11001009604,1996,1640,356
11001009700,3188,2414,774
11001009801,1848,1419,429
11001009802,2064,1375,689
11001009803,2968,2233,735
11001009804,2517,1872,645
11001009807,3523,2717,806
11001009810,2461,1749,712
11001009811,4438,2988,1450
11001009901,2364,1967,397
11001009902,2774,2242,532
11001009903,2004,1522,482
11001009904,2886,2076,810
11001009905,2790,2066,724
11001009906,1773,1407,366
11001009907,2259,1701,558
11001010100,2699,2625,74
11001010201,3341,3192,149
11001010202,2631,2454,177
11001010300,3604,2818,786
11001010400,4616,3616,1000
11001010500,3712,3297,415
11001010601,2130,2023,107
11001010602,6594,5900,694
11001010603,3068,2990,78
11001010700,2296,2210,86
11001010800,6879,6779,100
11001010900,3333,2403,930
11001011001,2423,2203,220
11001011002,1859,1791,68
11001011100,5903,4361,1542
11001980000,176,167,9
12001000201,4348,3989,359
12001000202,4782,4393,389
12001000301,3384,2974,410
12001000302,2644,2195,449
12001000400,5330,4057,1273
12001000500,5441,4841,600
12001000600,4544,3052,1492
12001000700,6126,4700,1426
12001000806,3049,2788,261
12001000808,4423,3578,845
12001000809,1163,1091,72
12001000901,3173,2985,188
12001000902,6362,6265,97
12001001000,7614,6887,727
12001001100,6596,5478,1118
12001001201,2888,2326,562
12001001202,7443,6017,1426
12001001203,3881,3205,676
12001001400,3882,3274,608
12001001514,1928,1772,156
12001001515,7427,6728,699
12001001516,2714,2457,257
12001001517,5730,5016,714
12001001519,2623,2372,251
12001001522,9216,8142,1074
12001001605,10468,9473,995
12001001701,6859,5768,1091
12001001702,5104,4075,1029
12001001802,2960,2280,680
12001001803,6285,5025,1260
12001001811,6294,5195,1099
12001001813,3883,2976,907
12001001815,1896,1543,353
12001001816,6396,4967,1429
12001001817,4613,3695,918
12001001818,5548,4256,1292
12001001819,4633,3618,1015
12001001902,3378,2539,839
12001001907,2529,2128,401
12001001908,4718,3813,905
12001002001,1528,1241,287
12001002002,3787,2983,804
12001002101,1905,1614,291
12001002102,939,804,135
12001002201,5676,4195,1481
12001002202,6602,5019,1583
12001002204,12048,9140,2908
12001002207,3857,2993,864
12001002208,2961,2261,700
12001002209,9006,6855,2151
12001002210,5234,3900,1334
12001002217,6539,4649,1890
12001002218,2501,1730,771
12001002219,6717,5196,1521
12001002220,2815,2169,646
12001002221,5281,4107,1174
12001002222,6789,5276,1513
12001110800,2008,1840,168
12003040101,7579,5637,1942
12003040102,7630,5851,1779
12003040201,7491,5996,1495
12003040202,5559,4154,1405
12005000201,5432,4081,1351
12005000203,2765,2137,628
12005000204,3666,2949,717
12005000301,2614,2017,597
12005000302,6858,5386,1472
12005000401,2259,1735,524
12005000402,6115,4891,1224
12005000500,7602,5978,1624
12005000600,919,818,101
12005000700,141,118,23
12005000803,4682,3525,1157
12005000804,2117,1700,417
12005000805,4111,3307,804
12005000806,3260,2567,693
12005000900,3948,3207,741
12005001000,1945,1518,427
12005001100,4078,3137,941
12005001200,3081,2208,873
12005001301,5120,3902,1218
12005001302,6156,4645,1511
12005001402,6886,5329,1557
12005001403,1739,1373,366
12005001404,7131,5584,1547
12005001501,5396,4247,1149
12005001502,4792,3835,957
12005001600,2660,2044,616
12005001700,2790,2067,723
12005001800,1413,1087,326
12005001900,3796,3161,635
12005002000,1246,1060,186
12005002200,4451,3432,1019
12005002300,3802,3135,667
12005002400,3952,3129,823
12005002500,2912,2360,552
12005002604,7441,6082,1359
12005002605,1337,1178,159
12005002606,1827,1607,220
12005002607,1284,1128,156
12005002608,3426,2891,535
12005002609,4911,3957,954
12005002703,3643,3010,633
12005002706,2728,2328,400
12005002707,2602,2325,277
12005002708,869,754,115
12005002709,2722,2393,329
12005002710,5174,4011,1163
12005002711,3486,2953,533
12005002712,2621,2198,423
12005002713,1310,1175,135
12007000100,5697,4323,1374
12007000201,5171,4506,665
12007000202,4010,3109,901
12007000301,4505,3646,859
12007000302,3314,2588,726
12007000400,5606,4820,786
12009060103,2489,2100,389
12009060104,1160,994,166
12009060105,2808,2242,566
12009060106,1614,1290,324
12009060201,2764,2274,490
12009060202,3115,2474,641
12009060301,2063,1628,435
12009060302,2748,2312,436
12009060400,4276,3507,769
12009060500,5023,4083,940
12009060600,5476,4300,1176
12009060700,3618,2600,1018
12009061001,5531,4598,933
12009061002,3390,2742,648
12009061100,6248,5241,1007
12009061201,8439,6611,1828
12009061202,3958,3402,556
12009062106,3396,2736,660
12009062108,6657,5298,1359
12009062109,4774,3962,812
12009062110,3556,2850,706
12009062111,3583,2857,726
12009062112,1334,1143,191
12009062113,5973,5010,963
12009062114,2064,1643,421
12009062115,1818,1562,256
12009062301,3973,2888,1085
12009062302,3456,2703,753
12009062401,1885,1568,317
12009062402,5470,4008,1462
12009062500,4633,3716,917
12009062600,3190,2319,871
12009062800,3785,3306,479
12009062900,5791,4506,1285
12009063000,4436,3444,992
12009063102,9022,7390,1632
12009063104,3876,3177,699
12009063105,9005,7274,1731
12009063106,4176,3242,934
12009063108,5848,4954,894
12009063109,4831,3927,904
12009064102,5524,4613,911
12009064123,6743,5702,1041
12009064124,4606,3784,822
12009064126,3994,3349,645
12009064127,7916,6704,1212
12009064128,11426,9407,2019
12009064129,2151,1827,324
12009064130,3747,2949,798
12009064201,2453,2077,376
12009064202,3023,2640,383
12009064301,5672,4511,1161
12009064302,6085,4858,1227
12009064400,5137,4090,1047
12009064500,4541,3673,868
12009064601,7504,6299,1205
12009064602,2946,2462,484
12009064701,2589,2190,399
12009064702,1708,1613,95
12009064800,3144,2585,559
12009064901,7204,6376,828
12009064902,3831,3165,666
12009065001,3427,2655,772
12009065022,5267,4431,836
12009065023,4314,3661,653
12009065024,6450,4829,1621
12009065025,2427,1982,445
12009065123,3782,3240,542
12009065124,2960,2368,592
12009065126,3327,2848,479
12009065127,3447,2980,467
12009065128,3533,2923,610
12009065129,4313,3616,697
12009065130,3272,2739,533
12009065131,3804,3125,679
12009065201,6245,5203,1042
12009065202,5491,4469,1022
12009065231,6484,5374,1110
12009065236,1696,1507,189
12009065237,3145,2985,160
12009065238,407,348,59
12009065239,3507,3309,198
12009065240,2564,2474,90
12009066101,4223,3574,649
12009066103,2169,2013,156
12009066104,5133,4626,507
12009066200,2883,2372,511
12009066301,7032,5841,1191
12009066302,4324,3641,683
12009066400,5485,4611,874
12009066500,3738,3148,590
12009066600,4411,3511,900
12009066700,5369,4260,1109
12009066800,1670,1179,491
12009066900,6274,5326,948
12009067100,1308,1009,299
12009068101,3069,2771,298
12009068102,2289,2016,273
12009068400,2020,1849,171
12009068501,2183,2039,144
12009068502,2495,2305,190
12009068601,2107,1914,193
12009068603,1516,1325,191
12009068604,2188,2064,124
12009069100,4536,3855,681
12009069200,2494,2144,350
12009069300,3043,2581,462
12009069400,6304,5194,1110
12009069700,2571,2073,498
12009069801,3621,3046,575
12009069802,4322,3542,780
12009069903,2811,2291,520
12009069904,5755,4814,941
12009069906,1721,1273,448
12009069907,2964,2503,461
12009071100,4394,3916,478
12009071201,8339,6837,1502
12009071202,1959,1616,343
12009071203,3309,2556,753
12009071204,272,244,28
12009071205,5954,4598,1356
12009071335,5416,4505,911
12009071337,7703,5988,1715
12009071339,7932,6129,1803
12009071341,6798,5167,1631
12009071342,4462,3536,926
12009071343,3954,3049,905
12009071344,5231,4153,1078
12009071345,7744,6242,1502
12009071346,7486,5714,1772
12009071347,6386,4702,1684
12009071348,8691,6475,2216
12009071349,3856,3034,822
12009071350,5689,4356,1333
12009071351,3791,3035,756
12009071352,3751,3164,587
12009071353,4970,3601,1369
12009071354,6729,5161,1568
12009071401,1553,1405,148
12009071402,1884,1596,288
12009071500,2555,2313,242
12009071601,2500,2052,448
12009071602,2455,2121,334
12009071700,5717,5256,461
12011010102,3142,2716,426
12011010103,3657,3314,343
12011010104,2283,2117,166
12011010201,3173,2530,643
12011010202,3585,2987,598
12011010304,3875,2842,1033
12011010305,5664,4630,1034
12011010306,2677,2088,589
12011010307,4889,3890,999
12011010308,5176,4531,645
12011010401,5401,4384,1017
12011010402,3916,3517,399
12011010403,4726,4694,32
12011010405,9212,7320,1892
12011010406,4553,3616,937
12011010407,6285,5366,919
12011010502,3765,2905,860
12011010503,22780,15618,7162
12011010504,6247,4448,1799
12011010601,8625,6545,2080
12011010603,5378,4111,1267
12011010604,4194,3209,985
12011010605,6410,4985,1425
12011010606,6984,5495,1489
12011010609,4959,3760,1199
12011010610,6879,5376,1503
12011010611,4250,3165,1085
12011010612,6354,4690,1664
12011010613,2773,2077,696
12011010614,3052,2366,686
12011010615,4398,3246,1152
12011010701,6107,4735,1372
12011010702,9572,7095,2477
12011010800,7624,6033,1591
12011010901,2424,2115,309
12011010902,3051,2703,348
12011011000,1987,1891,96
12011020101,8618,6974,1644
12011020103,6052,4838,1214
12011020104,2636,2207,429
12011020204,6380,5321,1059
12011020205,7808,6363,1445
12011020206,4791,3670,1121
12011020209,2680,2110,570
12011020210,6334,5100,1234
12011020211,2419,2095,324
12011020212,3502,3220,282
12011020213,3251,3100,151
12011020214,2891,2236,655
12011020302,8699,6600,2099
12011020308,5577,3992,1585
12011020309,5754,4390,1364
12011020311,3678,2682,996
12011020312,5591,4022,1569
12011020313,7530,5582,1948
12011020314,5536,4303,1233
12011020315,5033,3858,1175
12011020316,4269,3293,976
12011020317,3426,2607,819
12011020318,10023,7627,2396
12011020319,6473,4951,1522
12011020320,5524,4298,1226
12011020321,1961,1511,450
12011020322,3317,2546,771
12011020323,4276,3227,1049
12011020324,7291,5762,1529
12011020325,3489,2622,867
12011020326,6333,4474,1859
12011020404,7846,5811,2035
12011020405,5356,3777,1579
12011020406,8122,6423,1699
12011020407,7615,5575,2040
12011020412,4014,2675,1339
12011020414,5161,4292,869
12011020415,3967,3457,510
12011020416,3646,2931,715
12011020417,4593,4500,93
12011020418,3541,2850,691
12011020419,3430,2756,674
12011020420,3428,2547,881
12011020421,4570,3456,1114
12011020501,5095,3866,1229
12011020502,7933,5890,2043
12011030100,3977,3388,589
12011030201,4249,3392,857
12011030202,1581,1223,358
12011030203,4450,3554,896
12011030301,3667,2686,981
12011030302,7769,6040,1729
12011030401,3269,2459,810
12011030402,4241,3026,1215
12011030500,6680,4604,2076
12011030601,3787,3068,719
12011030602,3887,2974,913
12011030702,3163,2511,652
12011030703,4851,4089,762
12011030704,5190,4506,684
12011030705,3641,3618,23
12011030803,4900,3573,1327
12011030804,3342,2420,922
12011030805,2557,2325,232
12011030806,4486,4086,400
12011030902,3937,3376,561
12011030903,4306,3500,806
12011030904,4675,4017,658
12011031001,2804,2371,433
12011031002,4291,3723,568
12011031101,2599,2327,272
12011031102,3769,3380,389
12011031203,1459,1350,109
12011031204,2920,2804,116
12011031205,1536,1411,125
12011031206,2715,2576,139
12011031207,3865,3690,175
12011040101,1256,1132,124
12011040102,2735,2492,243
12011040203,1728,1573,155
12011040204,3418,3168,250
12011040205,4979,4166,813
12011040206,3303,2873,430
12011040300,4003,3465,538
12011040401,2244,2051,193
12011040402,3022,2590,432
12011040502,3760,3469,291
12011040503,1887,1757,130
12011040505,1440,1381,59
12011040506,2201,2135,66
12011040601,4111,3584,527
12011040602,3070,2534,536
12011040701,2761,2451,310
12011040702,4061,3593,468
12011040801,4640,3715,925
12011040802,4544,3948,596
12011040901,4607,3488,1119
12011040902,3569,2692,877
12011041000,2878,2089,789
12011041100,5407,3865,1542
12011041200,4723,3380,1343
12011041300,7280,5496,1784
12011041400,3378,2423,955
12011041500,3981,2710,1271
12011041601,3249,2332,917
12011041602,3158,2273,885
12011041700,4142,3310,832
12011041801,1923,1652,271
12011041802,3818,3444,374
12011041900,4357,4024,333
12011042000,3366,3049,317
12011042100,3009,2872,137
12011042200,3240,2992,248
12011042301,4574,4067,507
12011042302,1972,1741,231
12011042400,1332,1025,307
12011042501,5026,4707,319
12011042502,6227,5859,368
12011042601,3505,3167,338
12011042602,2250,1961,289
12011042700,5497,4436,1061
12011042801,4793,3650,1143
12011042802,2238,1681,557
12011042900,7272,5610,1662
12011043001,1433,1248,185
12011043002,6965,5422,1543
12011043100,4975,3997,978
12011043301,5040,4271,769
12011043302,1971,1644,327
12011050100,4432,3390,1042
12011050204,6006,4780,1226
12011050205,3134,2832,302
12011050206,4261,3537,724
12011050207,7098,5539,1559
12011050208,3846,2821,1025
12011050301,8437,6383,2054
12011050306,4617,3335,1282
12011050308,3421,2504,917
12011050309,2787,1870,917
12011050311,3635,2940,695
12011050312,2429,2111,318
12011050313,4211,3066,1145
12011050314,3234,2543,691
12011050315,3868,3301,567
12011050316,2365,2216,149
12011050401,4039,3402,637
12011050402,4569,3891,678
12011050501,3785,3112,673
12011050502,4892,3982,910
12011050601,3437,3051,386
12011050602,3864,3352,512
12011050701,3542,2852,690
12011050702,6332,4956,1376
12011050800,5657,4176,1481
12011050900,5417,4921,496
12011051001,3258,3150,108
12011051002,2784,2616,168
12011060105,7617,6068,1549
12011060107,4324,3529,795
12011060109,3885,3327,558
12011060111,6912,5660,1252
12011060113,7008,5471,1537
12011060114,6766,5414,1352
12011060115,7329,5701,1628
12011060116,8148,6253,1895
12011060117,6916,5307,1609
12011060118,4743,3759,984
12011060119,7255,5930,1325
12011060120,8296,6610,1686
12011060121,5826,4539,1287
12011060122,5644,4416,1228
12011060123,3418,2850,568
12011060124,6418,5215,1203
12011060125,2332,1786,546
12011060126,5542,4391,1151
12011060127,3379,2608,771
12011060128,6298,5162,1136
12011060129,2300,2088,212
12011060130,5204,4255,949
12011060203,6093,4419,1674
12011060206,5198,4373,825
12011060207,4038,3661,377
12011060208,6090,4494,1596
12011060209,2864,2250,614
12011060210,3081,2421,660
12011060211,4616,4375,241
12011060212,3373,2650,723
12011060214,2793,2511,282
12011060215,2665,2500,165
12011060302,7425,5202,2223
12011060303,8194,5772,2422
12011060304,3181,2255,926
12011060305,2749,2119,630
12011060306,2252,1970,282
12011060401,5245,4148,1097
12011060402,6517,4896,1621
12011060404,2311,1855,456
12011060405,3363,2549,814
12011060501,6730,5398,1332
12011060503,5012,4016,996
12011060504,4483,3642,841
12011060505,4549,4138,411
12011060603,4934,3807,1127
12011060605,4008,3179,829
12011060606,5920,4875,1045
12011060607,2894,2282,612
12011060608,6678,5664,1014
12011060609,3441,2745,696
12011060700,3105,2524,581
12011060801,1939,1530,409
12011060802,6735,5218,1517
12011060900,4405,3447,958
12011061001,6340,5061,1279
12011061003,3500,2726,774
12011061004,5664,4614,1050
12011061100,7931,5999,1932
12011070102,1631,1297,334
12011070103,5578,4851,727
12011070104,5649,4201,1448
12011070204,5588,4776,812
12011070205,5768,4481,1287
12011070208,7830,6108,1722
12011070209,4989,3823,1166
12011070210,3540,3101,439
12011070211,6105,4887,1218
12011070212,3598,2999,599
12011070213,2881,2344,537
12011070304,7685,5872,1813
12011070306,8037,6151,1886
12011070310,3749,2853,896
12011070311,5940,4487,1453
12011070312,7363,5412,1951
12011070314,4934,3834,1100
12011070315,5160,4084,1076
12011070316,5308,4207,1101
12011070318,6781,5130,1651
12011070319,4632,3349,1283
12011070320,6817,4832,1985
12011070321,3242,2578,664
12011070323,3344,2478,866
12011070324,6840,5068,1772
12011070325,4273,3278,995
12011070326,6538,4669,1869
12011070327,5552,4253,1299
12011070328,1976,1533,443
12011070329,3680,2584,1096
12011070330,3789,2554,1235
12011070331,7617,5236,2381
12011070401,6190,4774,1416
12011070402,3451,2641,810
12011070403,5285,3968,1317
12011070404,3395,2595,800
12011070405,5205,3894,1311
12011070501,5776,4310,1466
12011070503,7891,5613,2278
12011070504,4249,3158,1091
12011070601,5167,4001,1166
12011070602,7831,6070,1761
12011080102,4299,3615,684
12011080103,1537,1343,194
12011080104,2313,2060,253
12011080105,2651,2329,322
12011080200,983,843,140
12011080402,2538,2023,515
12011080403,7895,5931,1964
12011080405,3080,2444,636
12011080406,5716,4479,1237
12011080500,7415,5544,1871
12011090102,1773,1679,94
12011090103,2279,2130,149
12011090104,4402,4108,294
12011090200,3921,3281,640
12011090301,2347,2038,309
12011090303,3062,2517,545
12011090304,4370,3820,550
12011090401,5049,4181,868
12011090403,3471,2849,622
12011090404,5224,4135,1089
12011090502,7056,5406,1650
12011090503,2794,2128,666
12011090504,3324,2695,629
12011090601,3123,2462,661
12011090602,7951,6378,1573
12011090700,8217,6235,1982
12011090801,4256,3335,921
12011090802,4245,3453,792
12011090900,4948,3921,1027
12011091000,4101,3297,804
12011091100,7021,5413,1608
12011091201,5226,4067,1159
12011091202,4972,3835,1137
12011091300,4185,3328,857
12011091400,6073,4744,1329
12011091500,5411,4182,1229
12011091601,4054,3584,470
12011091602,3411,2912,499
12011091701,3777,2968,809
12011091702,4737,3874,863
12011091802,3031,2452,579
12011091803,4184,3294,890
12011091804,2438,1948,490
12011091901,3712,3127,585
12011091903,3629,3096,533
12011091904,1888,1531,357
12011092000,3598,2827,771
12011100103,3581,3194,387
12011100104,3822,3474,348
12011100105,3170,2836,334
12011100106,2750,2380,370
12011100107,2618,2270,348
12011100108,2619,2298,321
12011100201,2051,1683,368
12011100203,2601,2260,341
12011100204,2973,2555,418
12011100301,3951,3102,849
12011100302,2336,1962,374
12011100400,5897,4366,1531
12011100501,1027,798,229
12011100502,3807,3088,719
12011100600,5428,4210,1218
12011100700,5958,4494,1464
12011100801,3579,2692,887
12011100803,3494,2692,802
12011100804,4524,3188,1336
12011110100,6597,5096,1501
12011110301,7258,5443,1815
12011110303,4295,3326,969
12011110307,5353,4312,1041
12011110308,6743,5310,1433
12011110309,6335,5245,1090
12011110311,6810,5482,1328
12011110312,7508,5963,1545
12011110313,5819,4557,1262
12011110319,6212,4839,1373
12011110321,5375,4207,1168
12011110323,7478,5567,1911
12011110326,4681,3597,1084
12011110327,6500,4902,1598
12011110328,5807,4456,1351
12011110330,3477,2634,843
12011110332,6006,4741,1265
12011110333,6721,5211,1510
12011110334,3580,3344,236
12011110337,9975,7664,2311
12011110338,4330,3380,950
12011110339,4497,3842,655
12011110341,4341,3695,646
12011110344,3323,2614,709
12011110345,5285,4014,1271
12011110346,4224,3380,844
12011110347,5180,3973,1207
12011110348,5574,4251,1323
12011110349,4373,3423,950
12011110350,2948,2313,635
12011110351,3671,3228,443
12011110352,3237,2557,680
12011110353,6235,4774,1461
12011110354,4874,4816,58
12011110355,4297,4257,40
12011110356,4653,3415,1238
12011110357,6371,5064,1307
12011110358,6222,4803,1419
12011110359,6116,4694,1422
12011110360,5884,4477,1407
12011110361,9775,7416,2359
12011110362,6698,5025,1673
12011110363,4828,3520,1308
12011110364,6858,5044,1814
12011110365,7115,5428,1687
12011110366,4541,3403,1138
12011110367,6667,4995,1672
12011110368,3421,2642,779
12011110402,4687,3644,1043
12011110403,5273,4047,1226
12011110404,6041,4616,1425
12011110501,3347,2636,711
12011110502,5249,4116,1133
12011110600,5380,4449,931
12013010100,2497,1906,591
12013010200,3787,2983,804
12013010301,3257,2524,733
12013010302,4107,3510,597
12015010100,5555,4766,789
12015010200,4962,4325,637
12015010301,3974,3721,253
12015010302,4690,3787,903
12015010401,3264,3165,99
12015010402,2422,2326,96
12015010405,7100,6883,217
12015010503,4185,3583,602
12015010504,1829,1673,156
12015010505,4985,4437,548
12015010506,2743,2465,278
12015020101,7803,6647,1156
12015020103,6347,5427,920
12015020104,2761,2615,146
12015020203,4250,3595,655
12015020204,4110,3446,664
12015020205,4242,3562,680
12015020206,3500,2905,595
12015020301,6031,5174,857
12015020302,4288,3626,662
12015020303,4863,4117,746
12015020401,3934,3614,320
12015020402,6031,5135,896
12015020501,5160,4634,526
12015020502,1474,1333,141
12015020601,2967,2469,498
12015020602,3452,2930,522
12015020700,4707,4051,656
12015020800,4836,3782,1054
12015020900,6297,5210,1087
12015021001,1733,1466,267
12015021002,3128,2822,306
12015021003,3177,2816,361
12015030101,3279,2795,484
12015030102,4015,3533,482
12015030201,5520,4794,726
12015030202,2962,2611,351
12015030301,2877,2687,190
12015030302,3658,3492,166
12015030401,2354,2189,165
12015030402,1999,1882,117
12015030501,6198,5504,694
12015030504,1271,1173,98
12015030505,4846,4519,327
12015030506,3811,3503,308
12015030507,3257,3051,206
12017450103,4364,3899,465
12017450104,2841,2464,377
12017450105,2112,1929,183
12017450106,2612,2180,432
12017450201,3974,3285,689
12017450202,5987,4917,1070
12017450305,3107,2516,591
12017450306,3372,2959,413
12017450307,5747,5030,717
12017450308,5557,4785,772
12017450309,6227,4800,1427
12017450310,3991,3145,846
12017450401,3108,2693,415
12017450402,3954,3318,636
12017450501,1934,1710,224
12017450502,2346,2081,265
12017450601,5214,4428,786
12017450602,5006,4242,764
12017450703,5330,5054,276
12017450704,3208,2766,442
12017450705,5546,4732,814
12017450706,2885,2393,492
12017450800,4506,3695,811
12017450901,2981,2626,355
12017450902,2648,2295,353
12017451001,2466,2101,365
12017451002,3689,3184,505
12017451101,2397,1910,487
12017451103,3142,2617,525
12017451104,3201,2697,504
12017451200,3957,3528,429
12017451300,3379,2841,538
12017451400,4960,4122,838
12017451501,3539,2951,588
12017451502,6501,5408,1093
12017451603,2077,1823,254
12017451604,4102,3756,346
12017451605,2296,1912,384
12017451606,5133,4640,493
12017451701,1990,1844,146
12017451702,2457,2211,246
12019030103,5611,4331,1280
12019030104,3788,2952,836
12019030105,3236,2476,760
12019030106,5420,4174,1246
12019030204,8910,6560,2350
12019030205,16990,11479,5511
12019030206,6983,4861,2122
12019030207,7710,5477,2233
12019030208,3405,2330,1075
12019030209,4648,3371,1277
12019030210,3966,3109,857
12019030303,2894,2373,521
12019030304,4900,3853,1047
12019030305,5166,3898,1268
12019030306,2615,2164,451
12019030400,2491,1910,581
12019030500,2921,2359,562
12019030600,4945,4086,859
12019030701,7965,6400,1565
12019030704,5455,4143,1312
12019030705,6072,4847,1225
12019030706,3297,2575,722
12019030707,7454,5489,1965
12019030708,4223,3151,1072
12019030801,5212,4206,1006
12019030802,6527,5198,1329
12019030903,4034,3216,818
12019030904,7435,5847,1588
12019030905,5845,4396,1449
12019030906,4856,3723,1133
12019031101,3293,2613,680
12019031104,3736,2879,857
12019031105,2117,1633,484
12019031108,1573,1302,271
12019031109,3355,2532,823
12019031110,4098,3217,881
12019031201,3237,2760,477
12019031202,8505,5909,2596
12019031203,5235,4058,1177
12019031301,1563,1224,339
12019031302,3897,2951,946
12019031303,3073,2393,680
12019031400,5955,4784,1171
12019031500,3228,2588,640
12019980000,406,342,64
12021000101,1523,1470,53
12021000102,1497,1398,99
12021000200,1898,1599,299
12021000301,2885,2604,281
12021000302,1391,1238,153
12021000401,2698,2668,30
12021000402,1465,1454,11
12021000500,1695,1583,112
12021000600,1226,1119,107
12021000700,1312,1076,236
12021010102,6605,5559,1046
12021010107,4090,3336,754
12021010108,2623,2291,332
12021010109,1764,1552,212
12021010110,3645,3131,514
12021010111,2326,2251,75
12021010112,1833,1633,200
12021010113,2468,2440,28
12021010114,1974,1862,112
12021010205,2482,2151,331
12021010208,3254,3180,74
12021010209,2275,2198,77
12021010210,3462,3175,287
12021010211,1847,1635,212
12021010213,4184,3778,406
12021010215,3271,3230,41
12021010216,3529,2837,692
12021010217,2729,2231,498
12021010300,4121,3343,778
12021010401,3814,3224,590
12021010408,3201,2503,698
12021010411,7098,5590,1508
12021010416,6589,5845,744
12021010419,3511,2551,960
12021010420,6691,4803,1888
12021010421,4864,3573,1291
12021010422,3157,2339,818
12021010423,7885,6419,1466
12021010424,6269,4933,1336
12021010425,2495,1966,529
12021010426,6090,4887,1203
12021010427,1411,1151,260
12021010428,6898,5266,1632
12021010429,2214,2015,199
12021010430,3932,3153,779
12021010431,2202,1953,249
12021010432,3755,3456,299
12021010433,2471,1995,476
12021010434,6384,5403,981
12021010435,5331,4645,686
12021010436,8596,6064,2532
12021010437,2488,2057,431
12021010438,4261,3395,866
12021010508,4508,3956,552
12021010511,4483,3673,810
12021010512,3095,2442,653
12021010513,2844,2143,701
12021010514,2918,2601,317
12021010515,1527,1459,68
12021010516,1684,1663,21
12021010517,1333,1218,115
12021010518,4565,4265,300
12021010519,2677,2214,463
12021010520,2151,1916,235
12021010601,2651,2189,462
12021010602,3064,2588,476
12021010604,3119,2853,266
12021010605,3066,2609,457
12021010606,2285,2090,195
12021010701,4529,3711,818
12021010702,4238,3558,680
12021010801,3772,3468,304
12021010804,5132,3613,1519
12021010805,1906,1732,174
12021010806,1874,1600,274
12021010807,5667,5125,542
12021010808,4390,3909,481
12021010902,3470,3014,456
12021010904,1693,1612,81
12021010905,2848,2713,135
12021010906,1748,1575,173
12021010907,2887,2587,300
12021011003,3441,3377,64
12021011103,2360,1967,393
12021011107,898,760,138
12021011108,7622,6917,705
12021011109,1964,1861,103
12021011110,1747,1548,199
12021011111,2147,1888,259
12021011112,1539,1470,69
12021011113,1022,953,69
12021011114,3216,2841,375
12021011204,4301,3069,1232
12021011205,2809,1860,949
12021011206,6900,4999,1901
12021011207,2321,2123,198
12021011208,6515,5010,1505
12021011209,7278,5741,1537
12021011210,3649,3461,188
12021011211,5396,4039,1357
12021011212,5896,4454,1442
12021011213,4727,4428,299
12021011214,4487,3367,1120
12021011303,3800,2502,1298
12021011304,2734,1873,861
12021011305,2924,1817,1107
12021011306,3680,2390,1290
12021011400,4576,3150,1426
12023110201,4320,3331,989
12023110202,5681,4376,1305
12023110300,7026,5953,1073
12023110400,2839,2137,702
12023110500,8302,6359,1943
12023110602,4471,3365,1106
12023110603,2246,1756,490
12023110604,7224,5675,1549
12023110700,4648,3693,955
12023110800,6013,4666,1347
12023110901,5699,4471,1228
12023110903,4469,3638,831
12023110904,6760,5393,1367
12027010101,4316,3655,661
12027010102,4340,3849,491
12027010200,5306,3864,1442
12027010301,5836,4110,1726
12027010302,2274,1634,640
12027010403,3355,2973,382
12027010404,3341,2693,648
12027010405,1775,1620,155
12027010406,3433,2610,823
12029970101,5339,4507,832
12029970103,3930,3197,733
12029970104,3548,2846,702
12029970201,1793,1493,300
12029970202,2149,1687,462
12031000101,2539,1979,560
12031000102,3111,2345,766
12031000200,2744,1966,778
12031000300,2231,1590,641
12031000600,4886,3806,1080
12031000700,4480,3434,1046
12031000800,3021,2755,266
12031001000,4886,4686,200
12031001100,1977,1570,407
12031001200,2066,1728,338
12031001300,3937,2862,1075
12031001401,3723,2595,1128
12031001402,2316,1824,492
12031001500,4006,2861,1145
12031001600,1710,1070,640
12031002101,2912,2540,372
12031002102,2469,2199,270
12031002200,4608,3893,715
12031002300,1882,1560,322
12031002400,1944,1539,405
12031002501,3924,3281,643
12031002502,3604,2964,640
12031002600,4165,3069,1096
12031002701,3705,2656,1049
12031002702,3888,2877,1011
12031002801,5059,3816,1243
12031002802,5014,3899,1115
12031002901,3729,2749,980
12031002902,3781,2964,817
12031010101,9862,7427,2435
12031010104,5599,4291,1308
12031010105,2981,2330,651
12031010106,7193,5058,2135
12031010107,4682,3813,869
12031010202,3419,2662,757
12031010203,6799,5107,1692
12031010204,3846,2911,935
12031010301,8099,6467,1632
12031010305,6377,4734,1643
12031010306,1536,1158,378
12031010307,2562,1992,570
12031010308,4896,3799,1097
12031010401,3300,2433,867
12031010402,4646,3412,1234
12031010501,5237,3905,1332
12031010502,4654,3586,1068
12031010503,7257,5465,1792
12031010601,4545,3497,1048
12031010602,2766,2167,599
12031010700,5203,4101,1102
12031010800,5166,3912,1254
12031010900,4213,3285,928
12031011000,4393,3246,1147
12031011100,3417,2556,861
12031011200,2976,2336,640
12031011300,2909,2178,731
12031011400,2363,1828,535
12031011500,4103,2949,1154
12031011600,3961,2880,1081
12031011700,3372,2588,784
12031011800,2907,2164,743
12031011901,8030,6245,1785
12031011903,5302,4205,1097
12031011904,4748,3592,1156
12031011905,6504,4817,1687
12031012000,5078,3775,1303
12031012100,1571,1204,367
12031012201,3616,2519,1097
12031012202,4405,3203,1202
12031012300,3614,2860,754
12031012400,2780,2300,480
12031012500,4358,3305,1053
12031012601,3180,2385,795
12031012602,6218,4695,1523
12031012702,6540,4739,1801
12031012703,5771,4329,1442
12031012704,6028,4368,1660
12031012800,7554,5563,1991
12031012900,2702,2019,683
12031013000,2634,1976,658
12031013100,2261,1808,453
12031013200,1755,1487,268
12031013301,3276,2636,640
12031013302,4917,3563,1354
12031013402,5423,4122,1301
12031013403,3443,2706,737
12031013404,3394,2687,707
12031013502,3395,2618,777
12031013504,6214,4725,1489
12031013522,3613,2703,910
12031013523,3928,2978,950
12031013524,4679,3507,1172
12031013525,6917,4960,1957
12031013526,7392,5602,1790
12031013723,10795,8218,2577
12031013728,4862,3576,1286
12031013729,4856,3763,1093
12031013730,3956,3087,869
12031013731,4167,3281,886
12031013732,5464,4015,1449
12031013733,6643,4783,1860
12031013800,4965,4131,834
12031013901,3937,3137,800
12031013902,5049,4095,954
12031013904,5240,4185,1055
12031013905,4354,3600,754
12031013906,4453,3860,593
12031014001,4639,3896,743
12031014002,2578,2082,496
12031014101,4706,3772,934
12031014103,2530,2182,348
12031014104,1901,1781,120
12031014203,4983,4412,571
12031014204,5397,4447,950
12031014205,2741,2411,330
12031014206,1572,1399,173
12031014311,5371,4113,1258
12031014312,6806,5376,1430
12031014328,7376,5715,1661
12031014329,3125,2544,581
12031014330,4766,3965,801
12031014331,6081,4494,1587
12031014333,3440,2760,680
12031014334,4565,3582,983
12031014335,8391,6473,1918
12031014336,7009,5429,1580
12031014338,4623,3631,992
12031014339,4581,3697,884
12031014340,6495,4990,1505
12031014341,3939,3338,601
12031014342,5268,4305,963
12031014343,6015,4679,1336
12031014344,4677,3503,1174
12031014408,4806,3806,1000
12031014413,5440,4451,989
12031014414,7334,5802,1532
12031014415,4429,4244,185
12031014416,5841,4765,1076
12031014417,7362,6176,1186
12031014418,2064,1618,446
12031014419,5851,4754,1097
12031014420,5169,3996,1173
12031014421,5339,4266,1073
12031014422,2936,2635,301
12031014423,15930,12296,3634
12031014424,7674,6460,1214
12031014425,4025,3270,755
12031014426,4897,4166,731
12031014427,2286,1862,424
12031014428,6552,5755,797
12031014500,4074,3320,754
12031014601,6227,5055,1172
12031014603,6162,4798,1364
12031014604,6190,5042,1148
12031014702,2987,2244,743
12031014703,1732,1440,292
12031014704,6100,4541,1559
12031014800,6329,5304,1025
12031014901,5843,4535,1308
12031014902,8148,6319,1829
12031015001,6233,4880,1353
12031015002,3745,2845,900
12031015100,4241,3207,1034
12031015200,3193,2464,729
12031015300,3064,2471,593
12031015400,2699,2031,668
12031015501,3621,2815,806
12031015502,5077,3440,1637
12031015600,3797,3127,670
12031015701,2270,1738,532
12031015702,3136,2527,609
12031015803,3547,2819,728
12031015804,3815,3015,800
12031015805,6144,4624,1520
12031015806,2902,2344,558
12031015922,4729,4062,667
12031015924,5352,4343,1009
12031015925,5280,4188,1092
12031015926,9719,8583,1136
12031015927,3335,2404,931
12031015928,2268,1893,375
12031015929,5756,4877,879
12031016001,3928,3185,743
12031016002,3201,2603,598
12031016101,3243,2377,866
12031016102,4899,3642,1257
12031016200,2697,2045,652
12031016300,2642,1894,748
12031016400,5656,4430,1226
12031016500,5319,4266,1053
12031016603,3570,2957,613
12031016604,4300,3512,788
12031016605,2531,2021,510
12031016606,5400,4042,1358
12031016711,4630,3730,900
12031016724,4901,4102,799
12031016725,4289,3308,981
12031016726,3730,2990,740
12031016727,3815,3150,665
12031016728,5471,4297,1174
12031016729,6476,5185,1291
12031016730,3047,2278,769
12031016731,6239,4804,1435
12031016801,2229,1845,384
12031016803,7299,5993,1306
12031016804,8167,6829,1338
12031016807,4370,3437,933
12031016808,3661,3001,660
12031016809,5019,3881,1138
12031016810,3159,2518,641
12031016811,5603,4463,1140
12031016812,4621,3692,929
12031016813,8801,6980,1821
12031017101,3722,3335,387
12031017102,2839,2727,112
12031017200,2662,2272,390
12031017300,7844,5973,1871
12031017400,2825,2000,825
12033000100,2306,2036,270
12033000300,2594,2159,435
12033000400,3479,2591,888
12033000500,1480,1204,276
12033000600,1954,1484,470
12033000801,2025,1812,213
12033000802,2990,2520,470
12033000900,2616,2243,373
12033001001,6063,4791,1272
12033001002,2941,2582,359
12033001101,5908,4931,977
12033001103,2789,2297,492
12033001104,6352,5187,1165
12033001201,4741,4048,693
12033001202,4016,3128,888
12033001300,4165,3175,990
12033001401,5453,5082,371
12033001402,6743,5264,1479
12033001500,1232,939,293
12033001600,2191,1914,277
12033001700,3125,2066,1059
12033001800,1872,1447,425
12033001900,2204,1639,565
12033002000,1927,1442,485
12033002100,4967,3795,1172
12033002200,3660,2878,782
12033002300,4861,4167,694
12033002400,5532,5141,391
12033002500,2939,2592,347
12033002601,3278,2564,714
12033002602,1845,1742,103
12033002604,4452,3731,721
12033002605,5061,3852,1209
12033002606,3223,2679,544
12033002607,5100,4156,944
12033002701,3284,2522,762
12033002703,3012,2167,845
12033002704,6277,4848,1429
12033002801,2820,2291,529
12033002802,5243,4208,1035
12033002803,2593,1974,619
12033002804,3568,3078,490
12033002900,4199,3252,947
12033003001,3716,2731,985
12033003002,3756,2741,1015
12033003100,5104,3574,1530
12033003201,5044,4033,1011
12033003203,4687,3904,783
12033003204,2843,2314,529
12033003301,4486,3570,916
12033003305,2593,2171,422
12033003307,2180,1615,565
12033003308,4336,3460,876
12033003310,4960,3786,1174
12033003311,3491,2733,758
12033003312,3239,2459,780
12033003313,4113,3177,936
12033003400,6376,5011,1365
12033003505,3817,3196,621
12033003506,4707,3751,956
12033003507,6419,5605,814
12033003509,5294,4178,1116
12033003510,2878,2302,576
12033003511,2562,2183,379
12033003512,3879,3137,742
12033003603,10870,8383,2487
12033003607,2593,2403,190
12033003608,7770,6267,1503
12033003609,3821,3091,730
12033003610,6762,5294,1468
12033003611,5951,4810,1141
12033003612,6070,4833,1237
12033003613,4168,3280,888
12033003614,6132,4653,1479
12033003700,5644,4242,1402
12033003800,4961,3903,1058
12033003900,4962,3861,1101
12033004000,4641,3876,765
12035060103,2710,2434,276
12035060104,4737,4116,621
12035060105,4048,3665,383
12035060106,4280,3982,298
12035060107,4682,3989,693
12035060206,4994,3988,1006
12035060207,6978,5898,1080
12035060208,8577,6554,2023
12035060210,4216,3561,655
12035060211,6867,5941,926
12035060212,5759,4619,1140
12035060213,7063,5619,1444
12035060214,7906,6167,1739
12035060215,5202,4049,1153
12035060216,4103,3153,950
12035060217,3250,2538,712
12035060218,5334,4542,792
12035060219,5158,4179,979
12035060220,3097,2508,589
12035060301,7015,6287,728
12035060302,3714,3406,308
12035060303,2745,2610,135
12035060304,2943,2581,362
12037970101,2079,1917,162
12037970102,2198,1960,238
12037970200,3436,2758,678
12037970302,2589,2003,586
12037970304,2149,1917,232
12039020101,4767,4011,756
12039020103,2346,1958,388
12039020104,3478,2757,721
12039020300,4787,3703,1084
12039020400,4715,3949,766
12039020500,5535,4352,1183
12039020600,5070,3859,1211
12039020701,3246,2431,815
12039020702,5518,4145,1373
12039020800,4364,3452,912
12041950100,5684,4587,1097
12041950201,2314,1837,477
12041950202,3164,2659,505
12041950203,3265,2558,707
12041950204,3437,2533,904
12043000100,2125,1910,215
12043000201,2878,2272,606
12043000202,3728,2896,832
12043000300,3395,3010,385
12045960101,3546,2798,748
12045960102,2842,2401,441
12045960200,3161,2706,455
12045960301,1572,1308,264
12045960302,3071,2608,463
12047960101,2689,2565,124
12047960102,3108,2432,676
12047960103,1575,1174,401
12047960201,1630,1316,314
12047960202,3237,2434,803
12047960300,1765,1408,357
12049970101,3809,2787,1022
12049970102,3517,2719,798
12049970201,3271,2341,930
12049970202,981,763,218
12049970301,4677,3293,1384
12049970302,3070,2626,444
12049970401,3613,2490,1123
12049970402,2389,1821,568
12051000101,3994,2955,1039
12051000102,3369,2448,921
12051000200,7002,4964,2038
12051000300,9185,7050,2135
12051000401,4042,2917,1125
12051000403,4336,3131,1205
12051000404,3866,3051,815
12051000601,474,392,82
12051000602,3351,2536,815
12053040101,6014,4744,1270
12053040102,2129,1725,404
12053040201,2590,2165,425
12053040202,6525,5202,1323
12053040301,1810,1471,339
12053040302,4410,3685,725
12053040303,2888,2407,481
12053040400,3245,2760,485
12053040501,4407,3503,904
12053040502,3075,2419,656
12053040601,2441,2026,415
12053040602,3030,2430,600
12053040701,7830,5993,1837
12053040702,5463,4502,961
12053040801,3873,3544,329
12053040802,4658,4202,456
12053040901,6155,4973,1182
12053040906,8090,6209,1881
12053040907,2976,2379,597
12053040908,8133,6355,1778
12053040909,5430,4376,1054
12053040910,4252,3295,957
12053040911,6158,4893,1265
12053040912,3039,2486,553
12053040913,3517,3285,232
12053041003,3170,2541,629
12053041004,7007,5423,1584
12053041005,2557,1955,602
12053041006,6933,5391,1542
12053041103,4340,3514,826
12053041104,2786,2278,508
12053041105,4719,3792,927
12053041106,4438,3527,911
12053041201,4192,3351,841
12053041203,4378,3567,811
12053041204,3675,3009,666
12053041302,3329,2702,627
12053041303,2474,2423,51
12053041304,1751,1676,75
12053041305,1424,1393,31
12053041401,6183,4828,1355
12053041402,6191,5002,1189
12053041501,3244,2892,352
12053041502,3915,3266,649
12053041601,3453,3178,275
12053041602,2218,1927,291
12055960101,2710,2429,281
12055960102,1399,1106,293
12055960104,2851,2410,441
12055960105,1650,1272,378
12055960200,4402,3498,904
12055960300,4334,3180,1154
12055960401,4044,3138,906
12055960402,3098,2498,600
12055960501,1296,1190,106
12055960503,4298,3520,778
12055960504,3159,2872,287
12055960601,2945,2397,548
12055960602,6107,5378,729
12055960700,4037,3379,658
12055960800,2617,2152,465
12055960900,2779,2148,631
12055961000,4558,3960,598
12055961100,3937,3094,843
12055961201,2406,1759,647
12055961202,2477,2153,324
12055961301,6787,5492,1295
12055961303,1368,1250,118
12055961304,2909,2488,421
12055961401,3278,2719,559
12055961402,2478,2227,251
12055961500,5167,4283,884
12055961601,1209,1036,173
12055961602,1028,865,163
12055961604,2559,1947,612
12055961605,4012,3268,744
12055961701,3158,2743,415
12055961702,2136,1633,503
12057000101,5208,4612,596
12057000102,5616,4365,1251
12057000201,3656,2885,771
12057000202,5221,3775,1446
12057000301,5054,3599,1455
12057000302,2522,1893,629
12057000401,2345,1765,580
12057000402,2765,2216,549
12057000500,4034,3306,728
12057000601,4696,3672,1024
12057000602,2640,2053,587
12057000701,3806,2548,1258
12057000702,3055,2203,852
12057000800,3506,2695,811
12057000901,2746,2050,696
12057000902,4702,3734,968
12057001001,3536,2498,1038
12057001002,5516,4021,1495
12057001100,2347,1906,441
12057001200,2886,2221,665
12057001300,6044,4976,1068
12057001400,4620,3722,898
12057001500,2541,2171,370
12057001600,2296,1797,499
12057001700,4216,3494,722
12057001800,4754,3343,1411
12057001900,3017,2155,862
12057002000,2781,2136,645
12057002100,2537,2107,430
12057002200,1699,1459,240
12057002300,2853,2454,399
12057002400,3918,3199,719
12057002500,6743,5687,1056
12057002600,1706,1411,295
12057002701,3805,3188,617
12057002702,3110,2577,533
12057002800,2924,2497,427
12057002900,1832,1567,265
12057003000,2801,1937,864
12057003100,2803,2035,768
12057003200,2367,1917,450
12057003300,2496,1826,670
12057003400,3156,2162,994
12057003500,2684,1995,689
12057003600,4497,3160,1337
12057003700,1894,1673,221
12057003800,1025,840,185
12057004100,1612,1186,426
12057004200,1664,1459,205
12057004300,821,462,359
12057004400,2205,1725,480
12057004500,4102,3353,749
12057004601,3904,3548,356
12057004602,1841,1611,230
12057004700,2584,2150,434
12057004800,4121,3406,715
12057004901,2144,1839,305
12057004902,2852,2610,242
12057005000,7602,7167,435
12057005101,3777,3568,209
12057005102,4936,4345,591
12057005301,4422,4225,197
12057005302,2017,1564,453
12057005401,5609,4406,1203
12057005500,2690,2385,305
12057005700,4157,3494,663
12057005800,4964,3708,1256
12057005900,6443,4867,1576
12057006000,5876,4458,1418
12057006101,3111,2564,547
12057006103,4118,3650,468
12057006200,4281,3007,1274
12057006300,4297,2979,1318
12057006400,4146,3009,1137
12057006501,3193,2655,538
12057006503,1441,1334,107
12057006504,794,764,30
12057006600,4002,3482,520
12057006700,5730,4491,1239
12057006801,4834,4013,821
12057006802,3444,2784,660
12057006900,5573,4450,1123
12057007001,4583,3795,788
12057007002,3060,2340,720
12057007102,3704,3334,370
12057007103,3688,3017,671
12057007200,5107,4031,1076
12057007300,1878,1221,657
12057010105,4751,3623,1128
12057010106,5007,3948,1059
12057010107,3860,3290,570
12057010108,2307,1835,472
12057010203,2479,1884,595
12057010204,5587,4192,1395
12057010210,4617,3318,1299
12057010211,5220,3988,1232
12057010212,5005,3907,1098
12057010213,1937,1574,363
12057010215,7762,5369,2393
12057010216,5961,4121,1840
12057010217,4046,3009,1037
12057010218,5543,4425,1118
12057010303,3438,2615,823
12057010304,3990,3184,806
12057010305,4744,3627,1117
12057010401,5866,4547,1319
12057010402,6547,4604,1943
12057010501,6134,4416,1718
12057010502,2542,1930,612
12057010600,3386,2571,815
12057010701,5694,4553,1141
12057010702,3380,2773,607
12057010805,5852,3939,1913
12057010808,3433,2708,725
12057010809,2603,2177,426
12057010810,3978,3361,617
12057010811,7331,5916,1415
12057010814,3420,3118,302
12057010815,2163,1510,653
12057010816,4286,3077,1209
12057010817,4747,3364,1383
12057010819,2590,2349,241
12057010820,2917,2635,282
12057010821,3151,2208,943
12057010822,2265,1792,473
12057010823,2662,2274,388
12057010824,3741,3633,108
12057010900,5853,5813,40
12057011003,5244,4199,1045
12057011005,3015,2334,681
12057011006,5938,4605,1333
12057011007,3197,2569,628
12057011008,7052,5520,1532
12057011010,6118,5209,909
12057011013,4469,3466,1003
12057011016,4993,3573,1420
12057011017,2322,1963,359
12057011018,5115,4142,973
12057011019,9337,7172,2165
12057011103,3489,2833,656
12057011106,2100,1754,346
12057011107,6999,5616,1383
12057011108,1750,1524,226
12057011109,4756,3740,1016
12057011203,3290,2775,515
12057011204,6274,5150,1124
12057011205,2935,2428,507
12057011206,2964,2433,531
12057011301,3486,2868,618
12057011303,2989,2477,512
12057011304,5302,4259,1043
12057011407,2393,2076,317
12057011408,2762,2185,577
12057011409,2897,2397,500
12057011410,6899,5472,1427
12057011411,1807,1403,404
12057011412,3422,2803,619
12057011413,6579,5329,1250
12057011414,8491,6481,2010
12057011415,5176,4119,1057
12057011416,7089,5710,1379
12057011417,4914,3948,966
12057011418,3818,3209,609
12057011504,2234,1822,412
12057011506,9515,7057,2458
12057011509,6624,4925,1699
12057011510,4933,3295,1638
12057011512,4217,3201,1016
12057011514,5739,4523,1216
12057011515,3651,2903,748
12057011516,3209,2633,576
12057011518,4163,3339,824
12057011519,2101,1682,419
12057011520,5574,4190,1384
12057011521,4762,3830,932
12057011522,4963,3625,1338
12057011523,1709,1299,410
12057011524,4936,4028,908
12057011525,4308,3226,1082
12057011526,4454,3382,1072
12057011527,3881,2878,1003
12057011528,6068,4269,1799
12057011603,4367,3480,887
12057011605,6313,4921,1392
12057011610,5779,4817,962
12057011611,4493,3597,896
12057011612,6883,5455,1428
12057011613,5979,4768,1211
12057011614,7266,5729,1537
12057011615,4602,3549,1053
12057011616,9609,7642,1967
12057011617,4349,3381,968
12057011708,5075,4434,641
12057011712,5738,4785,953
12057011713,4975,4179,796
12057011714,1834,1561,273
12057011715,2566,2060,506
12057011716,5371,4522,849
12057011802,6810,5669,1141
12057011804,5727,4564,1163
12057011805,3322,2650,672
12057011806,3608,2851,757
12057011905,1468,1191,277
12057011907,3164,2672,492
12057011908,2202,1732,470
12057011909,3647,2926,721
12057011910,4405,3584,821
12057011911,5818,4691,1127
12057012001,2778,2108,670
12057012002,4014,2923,1091
12057012103,7276,5311,1965
12057012106,5327,4216,1111
12057012107,4886,3657,1229
12057012108,3487,2662,825
12057012109,3130,2272,858
12057012110,5305,3800,1505
12057012206,6320,4981,1339
12057012207,7173,5599,1574
12057012208,6820,5313,1507
12057012209,5150,3829,1321
12057012210,5297,4102,1195
12057012211,2002,1842,160
12057012212,4677,3227,1450
12057012213,4965,4049,916
12057012301,6611,5250,1361
12057012303,3419,2607,812
12057012304,5117,3932,1185
12057012401,5378,3890,1488
12057012402,2667,1998,669
12057012403,6481,4607,1874
12057012501,3953,3029,924
12057012503,4550,3569,981
12057012504,3156,2437,719
12057012600,5697,4194,1503
12057012701,6502,4644,1858
12057012702,3668,2770,898
12057012800,4178,3096,1082
12057012900,3215,2159,1056
12057013001,4065,3102,963
12057013002,5514,4052,1462
12057013003,4461,3272,1189
12057013004,4158,3040,1118
12057013100,2781,2143,638
12057013203,3345,2642,703
12057013204,3779,3255,524
12057013205,8547,6491,2056
12057013206,5213,4035,1178
12057013207,4660,3522,1138
12057013208,4998,3824,1174
12057013305,5027,3900,1127
12057013307,3977,3241,736
12057013310,2745,2250,495
12057013311,3197,2592,605
12057013312,5371,4141,1230
12057013313,4916,3966,950
12057013314,2976,2294,682
12057013315,5677,4911,766
12057013316,2674,2014,660
12057013317,2611,2181,430
12057013319,5614,4535,1079
12057013320,4675,3750,925
12057013322,7190,5604,1586
12057013323,10885,8526,2359
12057013406,1339,1072,267
12057013407,7040,5401,1639
12057013409,4785,3575,1210
12057013410,4872,3674,1198
12057013411,2920,2377,543
12057013412,4156,3250,906
12057013413,3489,2788,701
12057013414,6115,4722,1393
12057013415,3668,2841,827
12057013501,3699,2805,894
12057013503,3757,2829,928
12057013504,3818,2974,844
12057013505,3324,2500,824
12057013602,2905,2121,784
12057013604,1215,956,259
12057013702,12191,9291,2900
12057013703,8571,6568,2003
12057013705,7217,5302,1915
12057013706,1515,1213,302
12057013801,2523,1789,734
12057013802,3527,2749,778
12057013803,1618,1225,393
12057013804,10972,7625,3347
12057013806,4424,3148,1276
12057013807,10982,7873,3109
12057013903,3390,2628,762
12057013907,2063,1560,503
12057013912,7011,4944,2067
12057013913,14160,10720,3440
12057013914,6948,4910,2038
12057013915,11725,8236,3489
12057013916,18273,13047,5226
12057013917,7344,5221,2123
12057013918,1947,1435,512
12057013919,8010,5915,2095
12057013922,7225,4762,2463
12057013923,11022,7081,3941
12057013924,4423,3213,1210
12057013925,5969,4728,1241
12057013926,9252,6659,2593
12057014002,2969,2519,450
12057014003,1553,1303,250
12057014007,11002,7518,3484
12057014008,3684,3676,8
12057014009,2761,2662,99
12057014010,2630,2604,26
12057014011,3707,3679,28
12057014012,3197,3179,18
12057014013,1287,948,339
12057014014,2333,2326,7
12057014017,2994,2982,12
12057014104,1996,1828,168
12057014106,3478,2770,708
12057014108,6180,4460,1720
12057014109,8312,5809,2503
12057014117,3374,2963,411
12057014118,4172,3720,452
12057014119,9651,7196,2455
12057014121,5812,4540,1272
12057014122,8512,5910,2602
12057014200,3838,3232,606
12057014300,4809,3732,1077
12057014400,4853,3906,947
12057980400,73,71,2
12059960100,3813,2992,821
12059960201,3090,2473,617
12059960202,2079,1603,476
12059960300,3233,2491,742
12059960401,1653,1639,14
12059960402,3417,2625,792
12059960403,2368,1775,593
12061050101,3317,2723,594
12061050102,3367,2695,672
12061050201,1642,1415,227
12061050202,2736,2331,405
12061050303,3423,2367,1056
12061050304,1896,1357,539
12061050305,2885,2471,414
12061050306,2172,2124,48
12061050401,3589,2973,616
12061050402,2557,2274,283
12061050504,1588,1475,113
12061050505,3437,3257,180
12061050506,4246,4092,154
12061050507,1823,1783,40
12061050508,2960,2554,406
12061050509,2054,1871,183
12061050601,2808,2495,313
12061050602,4836,3931,905
12061050603,6790,5429,1361
12061050604,1518,1501,17
12061050605,1895,1792,103
12061050607,6984,5170,1814
12061050608,5415,4278,1137
12061050702,5193,4252,941
12061050704,3244,2792,452
12061050706,6742,5631,1111
12061050707,4028,3208,820
12061050708,3868,3524,344
12061050709,2065,2002,63
12061050805,4065,3621,444
12061050806,4895,4255,640
12061050807,5152,4462,690
12061050808,4612,4062,550
12061050809,6214,5292,922
12061050810,3564,3057,507
12061050811,6737,5735,1002
12061050812,3104,2634,470
12061050903,7209,5393,1816
12061050905,3477,3002,475
12061050906,2416,2286,130
12061050907,1488,1244,244
12061050908,4299,3036,1263
12061050909,3478,2540,938
12063210100,3694,3199,495
12063210200,1284,1055,229
12063210301,4214,3717,497
12063210302,2052,1613,439
12063210400,3710,2814,896
12063210500,3659,2902,757
12063210600,4771,3595,1176
12063210700,4111,3289,822
12063210800,4196,3370,826
12063210901,1872,1408,464
12063210902,4068,3626,442
12063211000,5179,4082,1097
12063211100,4509,3601,908
12065250103,2610,2171,439
12065250104,3151,2621,530
12065250105,1555,1326,229
12065250106,2784,2350,434
12065250200,4410,3587,823
12067960100,2648,2421,227
12067960201,3522,2826,696
12067960202,2056,1572,484
12069030102,3775,3142,633
12069030104,1815,1546,269
12069030106,1683,1344,339
12069030108,4734,3743,991
12069030109,4363,3435,928
12069030110,4708,3768,940
12069030111,2112,1688,424
12069030112,4271,3473,798
12069030203,10004,8469,1535
12069030204,4195,3395,800
12069030206,4764,3694,1070
12069030208,4390,3405,985
12069030209,3711,3025,686
12069030210,2154,1889,265
12069030211,4943,3941,1002
12069030302,4239,3704,535
12069030305,2546,2257,289
12069030306,4625,4065,560
12069030307,4891,4162,729
12069030308,4086,3510,576
12069030405,6113,4849,1264
12069030406,4727,3887,840
12069030407,3367,2546,821
12069030408,4457,4274,183
12069030409,5051,5027,24
12069030410,3496,2860,636
12069030411,6455,5558,897
12069030505,4537,3356,1181
12069030506,5691,5323,368
12069030507,8026,6061,1965
12069030601,5517,4548,969
12069030602,2670,2013,657
12069030701,2565,2208,357
12069030702,6167,4424,1743
12069030803,5705,5019,686
12069030804,1422,1169,253
12069030805,4688,3555,1133
12069030806,3759,3270,489
12069030807,4663,3757,906
12069030914,5382,4406,976
12069030915,8252,6844,1408
12069030916,5148,4116,1032
12069030917,9054,6798,2256
12069030918,2719,2099,620
12069031001,2018,1607,411
12069031002,6000,5153,847
12069031103,2333,1923,410
12069031104,1965,1948,17
12069031105,6102,5655,447
12069031106,2642,2615,27
12069031107,3322,3023,299
12069031108,3022,2829,193
12069031202,7397,5644,1753
12069031203,6338,5303,1035
12069031205,3605,2549,1056
12069031206,4658,3522,1136
12069031207,13434,10105,3329
12069031208,3765,3658,107
12069031301,6843,5388,1455
12069031306,10384,8461,1923
12069031308,7264,6212,1052
12069031309,13632,10038,3594
12069031312,5287,3999,1288
12069031313,3187,2627,560
12069031314,10252,7877,2375
12069031315,7762,6158,1604
12069031316,10932,8631,2301
12069031317,4314,3238,1076
12069031318,6924,5916,1008
12069031319,4319,3704,615
12069031320,7919,6118,1801
12069031321,4326,3191,1135
12069031322,3366,2622,744
12069031323,4688,3757,931
12069031324,4316,3351,965
12071000303,3884,2738,1146
12071000304,1314,1197,117
12071000305,2048,1396,652
12071000306,3164,2155,1009
12071000401,2818,1978,840
12071000402,2433,2054,379
12071000502,3873,2569,1304
12071000503,3972,2779,1193
12071000504,2748,2022,726
12071000600,3999,2852,1147
12071000700,2488,1900,588
12071000800,1838,1676,162
12071000900,2913,2337,576
12071001001,3129,2429,700
12071001002,3289,2668,621
12071001101,3922,2807,1115
12071001103,2234,1953,281
12071001104,2955,2177,778
12071001203,4089,3034,1055
12071001204,4147,3624,523
12071001205,3566,2942,624
12071001206,2821,2440,381
12071001207,2165,1798,367
12071001208,3340,2967,373
12071001209,3087,2567,520
12071001300,3110,2501,609
12071001401,5865,4583,1282
12071001402,2748,2249,499
12071001501,2547,2242,305
12071001502,6390,4789,1601
12071001601,4627,3875,752
12071001602,3372,3201,171
12071001701,3471,3135,336
12071001705,4048,3635,413
12071001706,3547,3128,419
12071001708,2630,2489,141
12071001709,3198,2919,279
12071001710,2305,2095,210
12071001711,2909,2715,194
12071001801,4642,3943,699
12071001802,2610,2422,188
12071001903,3261,3100,161
12071001908,1093,1067,26
12071001910,1554,1532,22
12071001911,1010,985,25
12071001912,1961,1876,85
12071001913,1861,1819,42
12071001915,3436,3397,39
12071001916,2324,2146,178
12071001917,3655,2870,785
12071001918,2300,1934,366
12071001919,2511,2109,402
12071001920,3175,2596,579
12071001921,3313,3051,262
12071001922,2600,2382,218
12071001923,2500,2212,288
12071010104,1966,1948,18
12071010106,4975,3682,1293
12071010107,3620,2672,948
12071010108,3370,2550,820
12071010109,4037,3410,627
12071010110,2674,2225,449
12071010111,5355,3984,1371
12071010112,2135,2115,20
12071010113,2803,2063,740
12071010203,7510,5675,1835
12071010205,5081,3801,1280
12071010206,8084,6012,2072
12071010207,5455,3930,1525
12071010208,3302,2528,774
12071010209,1827,1808,19
12071010210,3309,2810,499
12071010302,6889,5377,1512
12071010303,5900,4967,933
12071010305,4100,3398,702
12071010306,7100,5627,1473
12071010307,7064,5739,1325
12071010308,5864,4855,1009
12071010309,4265,3674,591
12071010404,9757,7536,2221
12071010411,4732,3907,825
12071010412,5061,4228,833
12071010413,5739,4795,944
12071010414,3103,2666,437
12071010415,3592,3202,390
12071010416,3284,2897,387
12071010417,2273,2125,148
12071010418,5211,4453,758
12071010419,5850,4590,1260
12071010420,8131,6343,1788
12071010421,6941,5474,1467
12071010422,4572,3818,754
12071010423,3240,2694,546
12071010501,3766,3094,672
12071010503,3138,2710,428
12071010504,2310,1992,318
12071010601,4278,3673,605
12071010602,2698,2377,321
12071010701,3915,3491,424
12071010702,2893,2705,188
12071010801,2158,1937,221
12071010802,3408,3014,394
12071010803,1783,1627,156
12071020102,4398,3913,485
12071020103,2253,2181,72
12071020104,2660,2581,79
12071020201,1151,979,172
12071020202,2582,2169,413
12071020301,2788,2406,382
12071020302,2345,1827,518
12071020400,3119,2771,348
12071020501,3125,3007,118
12071020502,4021,3578,443
12071020600,3736,3251,485
12071020700,4441,3711,730
12071020801,1775,1753,22
12071020802,2289,1932,357
12071030100,2466,2076,390
12071030201,1875,1795,80
12071030202,5594,4510,1084
12071030205,2818,2285,533
12071030300,2966,2486,480
12071040108,3637,3205,432
12071040109,5415,3652,1763
12071040110,3533,2938,595
12071040111,2986,2920,66
12071040113,1559,1247,312
12071040117,3860,3400,460
12071040118,2315,2224,91
12071040120,1867,1395,472
12071040121,3603,2483,1120
12071040122,5819,3721,2098
12071040123,5310,4233,1077
12071040124,6840,4863,1977
12071040125,2424,1812,612
12071040126,3405,2453,952
12071040127,3565,2480,1085
12071040128,2419,2408,11
12071040129,2264,2158,106
12071040130,3251,2905,346
12071040131,1339,1301,38
12071040132,1768,1739,29
12071040133,3030,2346,684
12071040134,690,574,116
12071040135,2515,2144,371
12071040136,5660,4376,1284
12071040137,2124,1619,505
12071040138,5485,4814,671
12071040139,3659,3624,35
12071040205,6031,4062,1969
12071040206,3382,2760,622
12071040207,4780,3831,949
12071040208,2522,1711,811
12071040209,3174,2342,832
12071040210,2471,1803,668
12071040211,5090,4035,1055
12071040212,6353,4750,1603
12071040301,7901,5491,2410
12071040302,4306,2980,1326
12071040303,6394,4338,2056
12071040304,5491,4487,1004
12071040305,3468,2716,752
12071040308,4114,2872,1242
12071040310,2560,1860,700
12071040311,4558,3400,1158
12071040312,1879,1301,578
12071040313,1789,1314,475
12071040314,2874,2004,870
12071040315,3055,2225,830
12071040316,3841,3036,805
12071050103,1611,1384,227
12071050104,2823,2618,205
12071050105,2615,2262,353
12071050106,4916,4401,515
12071050204,3610,2741,869
12071050205,1947,1510,437
12071050206,3299,2582,717
12071050207,2814,2483,331
12071050208,6142,4845,1297
12071050210,3116,2690,426
12071050211,1945,1805,140
12071050212,4149,3220,929
12071050213,6399,5261,1138
12071050305,3774,3744,30
12071050306,2652,2323,329
12071050311,7529,6051,1478
12071050312,3829,3262,567
12071050315,1850,1816,34
12071050316,2763,2719,44
12071050317,3192,2917,275
12071050318,6003,5247,756
12071050319,1901,1722,179
12071050320,4270,3882,388
12071050321,2211,2130,81
12071050322,2600,2561,39
12071050323,1207,1177,30
12071050324,3642,3497,145
12071050325,3422,3252,170
12071050401,4544,3637,907
12071050402,5950,4777,1173
12071050501,2954,2356,598
12071050502,3856,3201,655
12071050601,2970,2717,253
12071050603,3605,2889,716
12071050604,2204,2059,145
12071060101,889,873,16
12071060102,2057,1950,107
12071060201,748,729,19
12071060202,1429,1408,21
12071060203,1348,1296,52
12071060300,1116,1084,32
12071070101,1969,1713,256
12071070102,2977,2651,326
12071070201,2083,2029,54
12071070202,1740,1615,125
12071080100,446,427,19
12071080202,2513,2377,136
12071080203,1500,1446,54
12071080204,2369,2176,193
12071080300,2247,2062,185
12071090100,973,934,39
12073000200,4060,3621,439
12073000301,1574,1344,230
12073000302,2401,2025,376
12073000303,4153,3049,1104
12073000400,2688,2507,181
12073000501,2465,2319,146
12073000502,2939,2841,98
12073000600,3201,2673,528
12073000700,1985,1793,192
12073000800,2886,2442,444
12073000903,2356,1957,399
12073000904,3354,2899,455
12073000905,2663,2229,434
12073000906,3082,2557,525
12073000907,4839,4129,710
12073001001,2620,1692,928
12073001002,2164,1682,482
12073001101,2815,2120,695
12073001102,2369,1872,497
12073001200,2324,2148,176
12073001300,6655,6623,32
12073001401,2942,2582,360
12073001402,5570,4689,881
12073001500,4620,3783,837
12073001601,4836,3800,1036
12073001602,3174,2616,558
12073001701,2692,2096,596
12073001702,5264,4358,906
12073001801,4174,3003,1171
12073001803,811,702,109
12073001804,5439,4183,1256
12073001901,2292,1804,488
12073001902,3763,2751,1012
12073002003,2611,2314,297
12073002005,4643,4216,427
12073002006,3601,3251,350
12073002007,4097,3453,644
12073002008,3836,3476,360
12073002101,4691,3759,932
12073002103,3465,3037,428
12073002105,3599,3048,551
12073002106,3224,2806,418
12073002201,6334,4773,1561
12073002205,6138,4579,1559
12073002206,3452,2722,730
12073002207,2195,1832,363
12073002208,4612,3660,952
12073002302,3156,2497,659
12073002303,4214,3202,1012
12073002304,2739,2123,616
12073002403,2671,2132,539
12073002410,5886,4705,1181
12073002411,1576,1248,328
12073002413,3097,2235,862
12073002414,4366,3428,938
12073002415,4398,3411,987
12073002416,2978,2370,608
12073002418,4687,3407,1280
12073002419,4560,3456,1104
12073002420,3269,2475,794
12073002421,4465,3498,967
12073002422,3527,2637,890
12073002423,5364,3999,1365
12073002505,6782,5564,1218
12073002507,2335,1946,389
12073002509,3887,3204,683
12073002511,2165,1820,345
12073002512,3489,2735,754
12073002513,4214,3182,1032
12073002514,3479,2701,778
12073002515,5796,4521,1275
12073002516,3779,3012,767
12073002517,3245,2630,615
12073002603,4878,3755,1123
12073002604,2904,2340,564
12073002605,5872,4378,1494
12073002606,3261,2715,546
12073002701,4727,3708,1019
12073002702,4764,3742,1022
12075970101,2409,1889,520
12075970103,3367,2659,708
12075970104,5422,4145,1277
12075970200,4334,3332,1002
12075970301,1410,1190,220
12075970303,3832,3069,763
12075970304,2758,2163,595
12075970400,2757,2362,395
12075970501,4129,3342,787
12075970502,4336,3519,817
12075970600,4430,3399,1031
12075970700,3731,3224,507
12077950100,1965,1540,425
12077950201,2770,2102,668
12077950202,1487,1115,372
12077980000,1752,1750,2
12079110100,3016,2439,577
12079110200,3177,2533,644
12079110301,2355,1894,461
12079110302,5530,4504,1026
12079110400,3890,3018,872
12081000101,2368,2241,127
12081000103,4782,3295,1487
12081000105,4783,3534,1249
12081000106,4284,2886,1398
12081000201,4143,3697,446
12081000203,1956,1725,231
12081000204,1985,1917,68
12081000304,3196,2640,556
12081000305,6727,4494,2233
12081000307,3621,2655,966
12081000309,4206,3172,1034
12081000310,4669,3458,1211
12081000311,2658,2219,439
12081000312,2007,1834,173
12081000313,2765,1926,839
12081000314,3402,2762,640
12081000403,1566,1355,211
12081000405,2614,2167,447
12081000406,3904,3541,363
12081000407,4302,3958,344
12081000409,2348,2134,214
12081000410,3147,2785,362
12081000501,3027,2403,624
12081000503,3863,3212,651
12081000504,3111,2501,610
12081000601,3168,2520,648
12081000603,3815,3030,785
12081000604,5261,4418,843
12081000703,3130,2392,738
12081000704,5906,4164,1742
12081000705,4692,3514,1178
12081000804,3728,3150,578
12081000805,7858,6585,1273
12081000808,6199,5585,614
12081000809,5186,4513,673
12081000810,6171,5707,464
12081000811,3572,2520,1052
12081000812,4988,3848,1140
12081000813,3420,2839,581
12081000814,3821,3374,447
12081000901,5170,4132,1038
12081000902,5499,4539,960
12081001001,2654,2158,496
12081001002,2484,2163,321
12081001104,4429,3919,510
12081001105,3725,3210,515
12081001106,4352,3375,977
12081001107,3370,2953,417
12081001108,2501,2354,147
12081001202,4150,3402,748
12081001203,4336,3542,794
12081001204,6298,5565,733
12081001300,3459,2825,634
12081001402,1862,1634,228
12081001404,3266,2519,747
12081001405,2493,1910,583
12081001406,2434,2124,310
12081001501,4863,3459,1404
12081001502,6100,4681,1419
12081001602,4405,3970,435
12081001603,1688,1584,104
12081001604,4019,3233,786
12081001701,1357,1280,77
12081001705,2746,2639,107
12081001801,2314,2175,139
12081001802,1215,1130,85
12081001904,7339,5670,1669
12081001907,7585,5819,1766
12081001908,6992,6167,825
12081001909,3492,3095,397
12081001910,6126,4845,1281
12081001911,7688,5876,1812
12081001913,6021,4748,1273
12081001914,3031,2366,665
12081001915,2858,2308,550
12081001916,5392,4071,1321
12081002003,6786,5643,1143
12081002005,5075,4549,526
12081002008,5920,4775,1145
12081002010,4158,3198,960
12081002011,4103,3442,661
12081002012,4887,3948,939
12081002014,7541,5551,1990
12081002016,6257,5674,583
12081002017,4419,3779,640
12081002018,6920,5282,1638
12081002019,7975,6562,1413
12081002020,4322,3487,835
12081002021,6328,5192,1136
12081002022,2023,1634,389
12081002023,8281,6614,1667
12081002024,3776,3552,224
12081002025,6877,5641,1236
12083000101,2848,2400,448
12083000102,2461,2096,365
12083000201,2477,1976,501
12083000202,3017,2497,520
12083000203,1388,1148,240
12083000302,4082,3044,1038
12083000303,3036,2411,625
12083000304,4887,4725,162
12083000401,2531,2048,483
12083000402,4993,4060,933
12083000501,1867,1679,188
12083000502,1414,1251,163
12083000601,4095,3436,659
12083000604,3385,2628,757
12083000605,2849,2368,481
12083000606,3244,2759,485
12083000607,3111,2588,523
12083000703,4029,3154,875
12083000704,1931,1566,365
12083000705,1867,1533,334
12083000706,4607,4421,186
12083000707,2107,1719,388
12083000803,3740,2950,790
12083000804,1590,1348,242
12083000805,5412,4594,818
12083000806,2526,2512,14
12083000807,2337,2246,91
12083000808,3020,2909,111
12083000809,2565,2541,24
12083000810,3345,2997,348
12083000811,4203,4064,139
12083000901,6413,5225,1188
12083000903,3325,2534,791
12083000904,6902,5298,1604
12083001003,1630,1330,300
12083001005,7609,6162,1447
12083001007,6345,5645,700
12083001008,4887,4543,344
12083001009,7799,6026,1773
12083001010,3725,3444,281
12083001011,4176,3607,569
12083001012,3294,2512,782
12083001013,8201,6222,1979
12083001102,3124,2457,667
12083001103,7391,5573,1818
12083001105,4444,3505,939
12083001106,2713,2137,576
12083001204,7815,5584,2231
12083001205,4150,3536,614
12083001206,1961,1491,470
12083001208,3949,3205,744
12083001209,3592,2709,883
12083001210,6205,4657,1548
12083001211,3613,2730,883
12083001301,6714,5251,1463
12083001302,6555,5139,1416
12083001401,5621,3992,1629
12083001403,5453,4515,938
12083001404,1096,853,243
12083001500,3765,2867,898
12083001600,4098,3559,539
12083001700,5156,3885,1271
12083001800,1634,1137,497
12083001900,2585,2080,505
12083002001,2665,2142,523
12083002002,4283,3095,1188
12083002100,5100,3896,1204
12083002201,3769,2981,788
12083002202,3693,2943,750
12083002203,7089,5370,1719
12083002302,6637,5129,1508
12083002303,1781,1373,408
12083002304,5663,4764,899
12083002401,5160,4240,920
12083002402,5760,4548,1212
12083002503,7089,5790,1299
12083002504,5788,4906,882
12083002505,6574,5475,1099
12083002506,2430,1946,484
12083002507,5856,4380,1476
12083002602,7213,5802,1411
12083002604,3859,3100,759
12083002605,6848,6736,112
12083002607,4021,3227,794
12083002608,3023,2613,410
12083002609,2949,2937,12
12083002610,4165,4115,50
12083002703,2695,2299,396
12083002704,4256,3860,396
12083002705,5422,4596,826
12083002706,1216,1016,200
12085000100,2779,2661,118
12085000200,3626,3213,413
12085000300,6033,5023,1010
12085000400,7875,6491,1384
12085000501,4558,3968,590
12085000502,1991,1686,305
12085000603,6450,4956,1494
12085000604,6076,4779,1297
12085000606,6615,5108,1507
12085000607,2720,2518,202
12085000610,4022,3343,679
12085000701,1671,1560,111
12085000702,2125,1970,155
12085000800,2280,1869,411
12085000901,2379,2299,80
12085000902,4717,4002,715
12085001000,6317,5036,1281
12085001103,2765,2395,370
12085001105,3580,2924,656
12085001106,5366,4268,1098
12085001107,2221,1818,403
12085001108,4933,4581,352
12085001200,2169,1644,525
12085001301,5966,4611,1355
12085001302,4075,3697,378
12085001404,6257,5151,1106
12085001406,3297,2833,464
12085001407,2195,2056,139
12085001408,3154,2621,533
12085001409,3033,2639,394
12085001410,5969,5021,948
12085001500,3755,3453,302
12085001601,4220,3766,454
12085001602,1269,1030,239
12085001701,4144,3302,842
12085001702,2627,2153,474
12085001703,4619,3890,729
12085001803,2435,1671,764
12085001804,4508,3091,1417
12085001805,1227,832,395
12085001806,2413,2326,87
12086000107,2924,2425,499
12086000109,3782,3121,661
12086000115,3100,2446,654
12086000118,1373,1120,253
12086000120,4669,3886,783
12086000121,1720,1426,294
12086000122,4108,3596,512
12086000123,4194,3481,713
12086000124,3260,2848,412
12086000125,3774,3085,689
12086000126,1930,1674,256
12086000127,3306,2870,436
12086000128,4181,3397,784
12086000129,2305,2076,229
12086000130,2826,2399,427
12086000131,4721,3695,1026
12086000132,4888,4376,512
12086000134,3143,2632,511
12086000140,3199,2556,643
12086000141,2692,2044,648
12086000142,6149,5121,1028
12086000143,2712,2328,384
12086000144,1405,1053,352
12086000145,2332,1615,717
12086000146,4067,3388,679
12086000204,4602,3643,959
12086000206,5297,4173,1124
12086000211,3171,2571,600
12086000212,5234,4090,1144
12086000213,5318,3834,1484
12086000215,4171,3148,1023
12086000216,3965,3196,769
12086000218,3403,2620,783
12086000219,4407,3463,944
12086000220,4593,3514,1079
12086000221,2398,1957,441
12086000222,4379,3589,790
12086000223,3541,2845,696
12086000224,4610,3593,1017
12086000225,4107,3349,758
12086000226,2556,1824,732
12086000227,2644,2069,575
12086000228,2860,2236,624
12086000302,2274,1880,394
12086000306,5017,3954,1063
12086000307,4391,3558,833
12086000308,5104,4166,938
12086000309,3359,2602,757
12086000310,4046,3139,907
12086000311,3693,2963,730
12086000312,3826,2915,911
12086000402,3670,2788,882
12086000405,4433,3503,930
12086000408,6376,4853,1523
12086000409,4464,3398,1066
12086000410,3861,3033,828
12086000411,5445,4098,1347
12086000413,4709,3579,1130
12086000414,5016,3791,1225
12086000415,2338,1768,570
12086000416,4455,3666,789
12086000417,4100,3105,995
12086000418,2818,2049,769
12086000419,2781,2141,640
12086000420,3674,2851,823
12086000504,4689,3772,917
12086000505,5441,4469,972
12086000506,2655,2056,599
12086000507,4856,3774,1082
12086000508,4117,2723,1394
12086000509,3257,2549,708
12086000601,5035,4273,762
12086000602,5021,4207,814
12086000603,5132,4373,759
12086000605,4512,3830,682
12086000607,4800,4090,710
12086000609,3429,2914,515
12086000610,2736,2343,393
12086000611,2986,2572,414
12086000612,3036,2585,451
12086000705,4870,4318,552
12086000710,5133,4307,826
12086000711,6309,5207,1102
12086000712,2362,1943,419
12086000713,2864,2480,384
12086000714,4528,3790,738
12086000715,3753,3101,652
12086000716,2689,2229,460
12086000717,2745,2344,401
12086000718,3382,2860,522
12086000719,1450,1232,218
12086000720,3922,3313,609
12086000804,4451,3739,712
12086000805,5634,4846,788
12086000806,4557,3897,660
12086000807,3632,3144,488
12086000808,4044,3467,577
12086000903,3469,2730,739
12086000904,2384,1987,397
12086000905,4215,3491,724
12086000906,1986,1630,356
12086000907,1938,1639,299
12086000908,3716,3132,584
12086001003,5715,4517,1198
12086001004,7409,5263,2146
12086001005,2107,1787,320
12086001006,4575,3439,1136
12086001007,3472,2700,772
12086001008,2941,2272,669
12086001101,5106,4183,923
12086001102,5809,4977,832
12086001103,3938,3093,845
12086001104,4344,3370,974
12086001204,5992,5123,869
12086001205,3082,2402,680
12086001206,4835,4065,770
12086001207,1574,1226,348
12086001208,2981,2407,574
12086001209,3916,3010,906
12086001301,5094,4304,790
12086001302,4992,4334,658
12086001401,4713,3582,1131
12086001402,4717,3809,908
12086001501,3022,2072,950
12086001502,4314,3033,1281
12086001603,3276,2844,432
12086001605,3968,3464,504
12086001606,4429,3645,784
12086001607,2853,2411,442
12086001608,3018,2580,438
12086001701,4363,3363,1000
12086001702,3814,2854,960
12086001704,3119,2460,659
12086001705,2109,1679,430
12086001801,3924,2846,1078
12086001802,4144,3071,1073
12086001803,3307,2549,758
12086001901,4950,3646,1304
12086001903,3313,2352,961
12086001904,4596,3485,1111
12086002001,3647,2837,810
12086002003,3453,2674,779
12086002004,2497,1919,578
12086002100,2910,2345,565
12086002201,3125,2681,444
12086002202,4725,3774,951
12086002300,5287,4019,1268
12086002402,5554,4348,1206
12086002403,4192,3334,858
12086002404,5394,4491,903
12086002501,5459,4173,1286
12086002502,3388,2589,799
12086002600,6169,5141,1028
12086002702,4537,4034,503
12086002705,4325,3891,434
12086002707,2987,2734,253
12086002708,3043,2738,305
12086002709,5273,4706,567
12086002710,1766,1576,190
12086002800,1269,1050,219
12086002900,5450,4265,1185
12086003001,3155,2689,466
12086003004,5030,4355,675
12086003005,1673,1341,332
12086003006,4611,3633,978
12086003100,4654,3426,1228
12086003400,3042,2298,744
12086003603,2041,1705,336
12086003604,2520,2116,404
12086003605,3433,2948,485
12086003606,2007,1858,149
12086003607,2206,1702,504
12086003703,2919,2685,234
12086003704,1759,1665,94
12086003705,2483,2266,217
12086003706,1425,1417,8
12086003707,2228,2056,172
12086003708,1486,1348,138
12086003709,1642,1428,214
12086003710,6562,5909,653
12086003801,6006,4661,1345
12086003803,3093,2696,397
12086003804,5689,4382,1307
12086003906,2746,2035,711
12086003909,1573,1440,133
12086003911,4076,3570,506
12086003912,3903,3154,749
12086003913,3981,3440,541
12086003914,4243,3853,390
12086003915,4709,4019,690
12086003916,3684,3044,640
12086003917,4948,4323,625
12086003918,3211,2741,470
12086003919,2443,2060,383
12086003921,3082,2697,385
12086003922,1846,1581,265
12086004000,5007,3687,1320
12086004102,2881,2547,334
12086004103,1924,1742,182
12086004105,2376,2131,245
12086004106,3220,2601,619
12086004204,2080,1856,224
12086004205,2246,2032,214
12086004206,1362,1245,117
12086004207,2190,1928,262
12086004208,1449,1330,119
12086004301,2490,2298,192
12086004303,2427,2116,311
12086004304,2203,1982,221
12086004403,2671,2354,317
12086004404,1868,1722,146
12086004405,3030,2598,432
12086004406,2755,2518,237
12086004500,4986,4338,648
12086004602,4301,2990,1311
12086004605,4265,2999,1266
12086004607,4306,3298,1008
12086004608,1973,1416,557
12086004701,5431,4387,1044
12086004703,4869,4064,805
12086004704,2364,2024,340
12086004705,3559,2862,697
12086004901,3291,2743,548
12086004903,3828,3239,589
12086004904,2488,2159,329
12086005002,5335,4503,832
12086005003,2975,2477,498
12086005004,3707,3161,546
12086005102,4127,3683,444
12086005103,2521,2090,431
12086005104,4250,3489,761
12086005201,5580,4396,1184
12086005202,5245,4127,1118
12086005303,3647,2952,695
12086005304,4321,3527,794
12086005305,3283,2672,611
12086005306,3977,3178,799
12086005403,1570,1289,281
12086005405,3496,2819,677
12086005406,3961,3172,789
12086005407,2535,2156,379
12086005409,3738,3023,715
12086005410,3318,2721,597
12086005503,3331,2836,495
12086005504,3652,3029,623
12086005505,2984,2477,507
12086005506,2864,2482,382
12086005600,4576,3914,662
12086005701,5947,5173,774
12086005705,3680,3114,566
12086005706,4213,3674,539
12086005707,1795,1550,245
12086005708,6022,5105,917
12086005803,5299,4575,724
12086005804,3662,3173,489
12086005805,2787,2361,426
12086005806,3700,3160,540
12086005901,4462,3775,687
12086005902,3790,3248,542
12086005903,5141,4348,793
12086005904,5653,4759,894
12086006002,5169,4297,872
12086006003,3201,2664,537
12086006004,2959,2432,527
12086006103,1897,1517,380
12086006104,4275,3578,697
12086006105,2260,1796,464
12086006106,2743,2131,612
12086006201,2729,2287,442
12086006203,2155,1873,282
12086006205,4313,3739,574
12086006206,3838,3308,530
12086006302,5235,4361,874
12086006303,3865,3375,490
12086006304,3045,2643,402
12086006401,3240,2749,491
12086006402,3792,3200,592
12086006403,3202,2662,540
12086006501,3063,2583,480
12086006503,2448,2071,377
12086006504,2120,1758,362
12086006603,2146,1887,259
12086006604,2115,1934,181
12086006605,1601,1492,109
12086006606,1748,1444,304
12086006607,3544,2923,621
12086006608,3539,2875,664
12086006705,4532,3936,596
12086006706,2404,2143,261
12086006707,5076,4180,896
12086006709,2359,1977,382
12086006713,2416,2149,267
12086006714,2304,2095,209
12086006715,4378,3664,714
12086006716,1386,1260,126
12086006717,2309,2087,222
12086006718,3979,3533,446
12086006719,2934,2738,196
12086006720,2929,2614,315
12086006721,2620,2413,207
12086006722,1754,1530,224
12086006801,3547,2933,614
12086006802,4037,3263,774
12086006901,2818,2399,419
12086006902,2911,2444,467
12086007003,4374,3666,708
12086007004,5141,4411,730
12086007005,2324,1968,356
12086007006,3473,2932,541
12086007007,2410,2087,323
12086007101,2600,2118,482
12086007103,1747,1491,256
12086007104,3289,2691,598
12086007200,2537,2019,518
12086007300,4248,3275,973
12086007401,1660,1301,359
12086007402,2959,2399,560
12086007403,2775,2271,504
12086007501,2763,2169,594
12086007503,882,717,165
12086007601,2601,2095,506
12086007603,3959,3415,544
12086007605,4035,3363,672
12086007607,2500,2045,455
12086007608,2547,1972,575
12086007609,1867,1582,285
12086007610,4734,3733,1001
12086007704,6394,5456,938
12086007705,5670,4940,730
12086007706,3569,2943,626
12086007707,2403,1993,410
12086007708,3055,2553,502
12086007709,3222,2621,601
12086007801,830,643,187
12086007805,4934,4007,927
12086007806,3965,2988,977
12086007807,4438,3489,949
12086007808,4091,3626,465
12086007809,4283,3503,780
12086007901,3662,2820,842
12086007902,3465,2646,819
12086008000,5227,4284,943
12086008101,3746,2833,913
12086008102,4754,3594,1160
12086008202,4283,3293,990
12086008205,3972,3053,919
12086008206,4184,3274,910
12086008207,4117,3147,970
12086008208,4915,3873,1042
12086008209,4661,3593,1068
12086008305,5393,4364,1029
12086008308,5770,4629,1141
12086008309,4832,3455,1377
12086008310,3256,2665,591
12086008311,4104,3370,734
12086008312,3325,2678,647
12086008313,4644,3722,922
12086008314,2696,2200,496
12086008315,3442,2807,635
12086008409,5526,4418,1108
12086008415,5047,3957,1090
12086008416,3804,3130,674
12086008418,2791,2300,491
12086008419,5086,4327,759
12086008420,1669,1388,281
12086008421,4250,3483,767
12086008422,2790,2256,534
12086008423,4472,3603,869
12086008424,3622,3147,475
12086008425,2048,1704,344
12086008426,4603,3673,930
12086008427,2415,1978,437
12086008428,2846,2237,609
12086008429,3547,2849,698
12086008430,5346,4479,867
12086008431,2606,2363,243
12086008502,4448,3649,799
12086008503,3459,2815,644
12086008504,2939,2434,505
12086008601,4888,4099,789
12086008603,4293,3536,757
12086008604,1885,1560,325
12086008702,5505,4604,901
12086008703,2581,2140,441
12086008704,3287,2741,546
12086008805,4999,4188,811
12086008806,3887,3260,627
12086008807,3478,2972,506
12086008808,3916,3314,602
12086008809,2772,2325,447
12086008810,3886,3260,626
12086008904,3285,3244,41
12086008906,5464,4596,868
12086008907,4583,3906,677
12086008908,3282,2745,537
12086008909,3984,3395,589
12086008910,3316,2787,529
12086008911,3255,2678,577
12086009010,8427,6757,1670
12086009014,4341,3434,907
12086009015,6856,5785,1071
12086009020,2957,2503,454
12086009021,4459,3730,729
12086009022,2255,1944,311
12086009024,5967,4841,1126
12086009026,2349,2013,336
12086009027,4410,3666,744
12086009028,5819,4705,1114
12086009029,4090,3424,666
12086009030,5157,4303,854
12086009031,4102,3382,720
12086009039,6282,4788,1494
12086009040,7103,5131,1972
12086009043,5266,3805,1461
12086009044,3424,2433,991
12086009048,3661,2788,873
12086009049,5045,3773,1272
12086009050,4807,3498,1309
12086009051,2471,2078,393
12086009052,3580,3092,488
12086009053,3972,3236,736
12086009054,1703,1471,232
12086009055,2293,1991,302
12086009056,2827,2164,663
12086009057,5623,4160,1463
12086009058,4866,3822,1044
12086009059,3538,2740,798
12086009060,5452,4006,1446
12086009061,3250,2782,468
12086009062,3221,2682,539
12086009063,2853,2361,492
12086009064,2961,2467,494
12086009065,2942,2244,698
12086009066,6910,5495,1415
12086009101,2803,2343,460
12086009102,3842,3402,440
12086009200,3406,2905,501
12086009305,5108,4163,945
12086009312,5795,4925,870
12086009314,3845,3284,561
12086009315,3507,3003,504
12086009316,2873,2371,502
12086009317,4431,3690,741
12086009318,1922,1551,371
12086009319,3567,2942,625
12086009320,4265,3505,760
12086009321,2553,2134,419
12086009322,3557,2992,565
12086009323,2963,2499,464
12086009324,4620,3776,844
12086009325,1852,1500,352
12086009326,3121,2641,480
12086009327,3156,2688,468
12086009401,2454,1958,496
12086009402,3690,2887,803
12086009503,4560,3571,989
12086009504,4658,3669,989
12086009505,1434,1005,429
12086009506,4126,3158,968
12086009601,3451,2788,663
12086009602,3569,2766,803
12086009703,3719,2686,1033
12086009704,6259,4716,1543
12086009705,4827,4109,718
12086009706,4058,3370,688
12086009803,7564,5808,1756
12086009804,3450,2791,659
12086009806,3042,2593,449
12086009809,3151,2456,695
12086009810,3879,3127,752
12086009811,2656,2303,353
12086009812,5311,3983,1328
12086009903,5208,4074,1134
12086009904,3914,2773,1141
12086009905,5336,4111,1225
12086009906,5569,4358,1211
12086009907,3798,2867,931
12086009908,4280,3264,1016
12086009909,2240,1506,734
12086010010,4794,3742,1052
12086010012,5333,4141,1192
12086010013,4164,3348,816
12086010015,4321,3492,829
12086010016,4733,3834,899
12086010017,3958,3329,629
12086010018,3577,2978,599
12086010019,3921,3232,689
12086010020,3763,3063,700
12086010021,4328,3251,1077
12086010022,3408,2784,624
12086010023,2247,1616,631
12086010024,4770,3400,1370
12086010025,3992,3091,901
12086010026,2618,1946,672
12086010193,4517,3356,1161
12086010198,3336,2646,690
12086010201,4952,3835,1117
12086010205,4819,4006,813
12086010207,4467,3561,906
12086010208,4768,3826,942
12086010209,5542,4296,1246
12086010211,4479,3619,860
12086010212,2594,2010,584
12086010213,4606,3549,1057
12086010214,2307,1853,454
12086010301,2860,2325,535
12086010302,3005,2441,564
12086010303,3442,2826,616
12086010400,5331,4054,1277
12086010501,6216,4516,1700
12086010502,9647,6820,2827
12086010604,5110,4034,1076
12086010608,5402,4348,1054
12086010609,5636,4521,1115
12086010610,4909,3950,959
12086010613,5984,4710,1274
12086010618,4442,3379,1063
12086010619,2686,2012,674
12086010620,3068,2342,726
12086010621,4764,3447,1317
12086010622,4253,3052,1201
12086010623,3182,2516,666
12086010624,3543,2805,738
12086010625,4778,3400,1378
12086010626,3381,2441,940
12086010705,5486,3955,1531
12086010706,2830,1940,890
12086010707,3758,2812,946
12086010708,6465,4756,1709
12086010709,5395,3850,1545
12086010710,6741,5224,1517
12086010803,3785,2650,1135
12086010804,7337,5268,2069
12086010805,5237,3851,1386
12086010806,3989,2701,1288
12086010900,6783,4915,1868
12086011003,4791,3638,1153
12086011008,4837,3432,1405
12086011009,6674,4750,1924
12086011010,5509,3876,1633
12086011011,4675,3569,1106
12086011012,2710,2070,640
12086011013,3229,2411,818
12086011014,4936,3663,1273
12086011015,10065,7002,3063
12086011103,3303,2363,940
12086011104,5654,4120,1534
12086011105,3644,2890,754
12086011106,3468,2634,834
12086011203,5950,4058,1892
12086011204,2529,1949,580
12086011205,4112,2760,1352
12086011206,3256,2523,733
12086011301,3805,2694,1111
12086011302,6362,4268,2094
12086011405,3330,2378,952
12086011406,4380,3187,1193
12086011407,3453,2377,1076
12086011408,4479,3575,904
12086011409,5642,4205,1437
12086011410,4677,3286,1391
12086011411,2771,1922,849
12086011412,7311,5024,2287
12086011500,7660,5914,1746
12086011601,3995,3139,856
12086011602,3816,3010,806
12086011701,1873,1533,340
12086011702,4974,3814,1160
12086011800,3523,2922,601
12086011900,5694,4600,1094
12086012001,3143,2470,673
12086012002,5842,4467,1375
12086012101,2834,2198,636
12086012102,4508,3597,911
12086012103,2948,2234,714
12086012104,1469,1204,265
12086012105,3339,2510,829
12086012200,5030,3998,1032
12086012301,2507,2008,499
12086012302,4187,3294,893
12086012401,3954,3202,752
12086012402,3571,2703,868
12086012403,1881,1449,432
12086012501,1960,1668,292
12086012502,4152,3464,688
12086012601,3592,2822,770
12086012602,2967,2488,479
12086012701,10996,8071,2925
12086012702,4875,3951,924
12086012801,4433,3675,758
12086012802,3581,2864,717
12086012900,4347,3607,740
12086013000,4359,3652,707
12086013100,4982,4060,922
12086013201,2294,1902,392
12086013202,3107,2625,482
12086013301,2783,2284,499
12086013302,3153,2470,683
12086013400,4970,3998,972
12086013500,4998,4082,916
12086013600,5614,4640,974
12086013700,6678,5438,1240
12086013801,2373,1980,393
12086013802,3901,3107,794
12086013900,4390,3646,744
12086014100,1373,1359,14
12086014200,4626,3924,702
12086014300,3493,2929,564
12086014400,4595,3741,854
12086014500,4474,3763,711
12086014601,3088,2584,504
12086014602,3678,3087,591
12086014701,2321,1911,410
12086014702,4476,3774,702
12086014800,6253,5313,940
12086014900,5264,4415,849
12086015001,5100,4364,736
12086015002,4444,3502,942
12086015101,4076,3120,956
12086015102,2758,2013,745
12086015103,3098,2404,694
12086015201,3316,2561,755
12086015202,3667,2952,715
12086015300,6296,5057,1239
12086015400,5785,4853,932
12086015501,2851,2383,468
12086015502,3308,2759,549
12086015600,4517,3737,780
12086015700,2621,2085,536
12086015800,4891,4071,820
12086015900,3498,2947,551
12086016000,4583,3869,714
12086016100,4532,3839,693
12086016200,3373,2807,566
12086016300,4724,3793,931
12086016401,4645,3462,1183
12086016402,2490,1934,556
12086016501,3537,2813,724
12086016502,4891,3730,1161
12086016600,3715,3144,571
12086016700,4667,3949,718
12086016800,3942,3265,677
12086016900,4610,3842,768
12086017000,5067,4220,847
12086017101,4383,3651,732
12086017102,2419,2006,413
12086017200,3617,2933,684
12086017300,4470,3648,822
12086017401,1552,1255,297
12086017402,5461,4495,966
12086017500,3745,3131,614
12086017600,6617,5221,1396
12086017700,4689,3768,921
12086017800,6063,4883,1180
12086017901,4503,3530,973
12086017902,4568,3806,762
12086018001,2262,1825,437
12086018002,3102,2499,603
12086018003,7014,5316,1698
12086018100,4829,3984,845
12086018200,2623,2030,593
12086018300,5703,4601,1102
12086018400,3697,2988,709
12086018500,4901,3891,1010
12086018601,3515,2895,620
12086018602,4310,3544,766
12086018700,4405,3688,717
12086018801,2911,2335,576
12086018802,2788,2356,432
12086018803,3044,2425,619
12086018901,3353,2744,609
12086018902,3273,2625,648
12086019000,5768,4706,1062
12086019100,5799,4910,889
12086019200,5083,4162,921
12086019301,3157,2409,748
12086019302,4649,3772,877
12086019401,3172,2458,714
12086019402,5562,4181,1381
12086019501,4118,3251,867
12086019502,3963,3140,823
12086019600,5898,4530,1368
12086019700,3792,3032,760
12086019801,5487,4209,1278
12086019802,4497,3566,931
12086019901,3995,3180,815
12086019902,7024,5509,1515
12086020001,2478,2027,451
12086020002,4686,3818,868
12086020100,4341,3521,820
12086020200,5489,4776,713
12086020300,3385,2819,566
12086490100,1459,1267,192
12086980300,4511,4487,24
12086980500,466,403,63
12086980700,999,552,447
12086981100,935,898,37
12086981300,2900,2873,27
12087970400,4412,3657,755
12087970500,3108,2627,481
12087970600,1970,1800,170
12087970700,2931,2513,418
12087970800,4665,4039,626
12087970900,2092,1848,244
12087971001,1531,1416,115
12087971002,1884,1655,229
12087971100,3618,2997,621
12087971200,2654,2241,413
12087971300,1998,1728,270
12087971401,3148,2717,431
12087971402,1515,1367,148
12087971501,2019,1782,237
12087971502,3078,2723,355
12087971600,2274,1953,321
12087971700,3203,2643,560
12087971800,5783,4552,1231
12087971900,7028,5703,1325
12087972000,4311,3707,604
12087972100,4253,3397,856
12087972200,3174,2680,494
12087972400,3156,2788,368
12087972500,1110,1033,77
12087972700,4453,3839,614
12087972800,3415,3154,261
12087980000,80,51,29
12089050102,2985,2577,408
12089050103,3599,2975,624
12089050104,3209,2914,295
12089050201,2169,2078,91
12089050203,3898,3596,302
12089050204,3412,2893,519
12089050205,3705,3300,405
12089050304,6447,4985,1462
12089050305,1221,967,254
12089050306,8152,6156,1996
12089050307,5322,3628,1694
12089050308,6179,5006,1173
12089050309,6162,4942,1220
12089050310,5902,4602,1300
12089050401,3354,2501,853
12089050402,2430,1855,575
12089050403,3223,2495,728
12089050504,4093,3224,869
12089050505,4974,3893,1081
12089050506,3292,2556,736
12089050507,2095,1666,429
12089050508,1911,1463,448
12089050509,2618,1914,704
12091020101,4424,3391,1033
12091020102,4660,3576,1084
12091020200,2064,1647,417
12091020303,5487,4214,1273
12091020304,4667,3361,1306
12091020305,4054,3143,911
12091020306,2737,2225,512
12091020400,7609,5895,1714
12091020500,8721,6260,2461
12091020601,7618,5522,2096
12091020602,4186,3041,1145
12091020701,3956,2893,1063
12091020702,8540,6254,2286
12091020800,4341,3210,1131
12091020900,7235,5498,1737
12091021001,6099,4608,1491
12091021002,5766,4421,1345
12091021101,3458,2818,640
12091021102,8510,6572,1938
12091021200,6158,4865,1293
12091021400,2979,1839,1140
12091021501,4179,3337,842
12091021502,3786,3064,722
12091021600,2479,2103,376
12091021700,2655,2156,499
12091021801,5536,4338,1198
12091021802,6004,4835,1169
12091021901,1552,1118,434
12091021902,7540,5983,1557
12091022001,4280,3231,1049
12091022002,3616,2862,754
12091022100,3549,2819,730
12091022300,2548,2039,509
12091022400,4000,3278,722
12091022500,4225,3399,826
12091022600,3651,2951,700
12091022700,3724,3089,635
12091022800,2252,1766,486
12091022900,4075,3315,760
12091023100,8354,6581,1773
12091023200,1977,1793,184
12091023303,1517,1400,117
12091023304,3959,3394,565
12091023305,4748,3681,1067
12091023306,2953,2401,552
12091023307,1914,1526,388
12091023308,3326,2743,583
12093910101,5905,4998,907
12093910102,2835,2194,641
12093910201,4535,3083,1452
12093910202,3916,2762,1154
12093910300,1951,1462,489
12093910401,3512,2819,693
12093910402,2412,1695,717
12093910403,3590,2982,608
12093910500,4410,3538,872
12093910601,4635,3790,845
12093910602,1943,1609,334
12095010201,1829,1701,128
12095010202,3861,3624,237
12095010300,3469,3175,294
12095010400,1545,1069,476
12095010500,1371,1050,321
12095010802,3292,2944,348
12095011000,3132,2735,397
12095011100,3122,2707,415
12095011200,3293,2809,484
12095011300,5440,4338,1102
12095011600,4817,3834,983
12095011701,4229,3199,1030
12095011702,4365,3155,1210
12095012000,7003,5050,1953
12095012100,6591,4754,1837
12095012201,5054,3770,1284
12095012202,5083,3726,1357
12095012303,7081,5385,1696
12095012304,6294,4537,1757
12095012305,7319,5423,1896
12095012306,3384,2548,836
12095012307,6797,5052,1745
12095012402,5741,4326,1415
12095012403,5358,4006,1352
12095012404,4655,3237,1418
12095012405,4125,3164,961
12095012500,2463,2054,409
12095012600,5325,4332,993
12095012701,5278,4309,969
12095012800,3918,3053,865
12095012900,3875,3267,608
12095013201,4456,3493,963
12095013202,6435,5034,1401
12095013300,6872,5653,1219
12095013402,3196,2513,683
12095013403,3584,2750,834
12095013405,2529,1843,686
12095013406,4039,3123,916
12095013503,2441,1894,547
12095013505,4553,3645,908
12095013507,9054,7028,2026
12095013510,2562,2085,477
12095013511,6500,5169,1331
12095013512,5280,3888,1392
12095013513,4431,3475,956
12095013603,5198,4272,926
12095013604,6371,5276,1095
12095013605,4011,3127,884
12095013606,3857,2823,1034
12095013607,5394,4304,1090
12095013701,4339,3567,772
12095013702,5263,4243,1020
12095013801,2271,1821,450
12095013802,2645,2214,431
12095013803,2809,2298,511
12095013900,4220,3484,736
12095014000,6336,5170,1166
12095014100,6599,5399,1200
12095014201,5769,4434,1335
12095014202,4982,3686,1296
12095014301,5317,4250,1067
12095014302,5257,3850,1407
12095014400,3409,2974,435
12095014502,5934,4129,1805
12095014503,6423,5403,1020
12095014504,6970,5825,1145
12095014601,8419,5767,2652
12095014605,4564,3477,1087
12095014606,8295,6335,1960
12095014607,7057,5694,1363
12095014608,4540,3544,996
12095014609,5388,4177,1211
12095014701,5613,4225,1388
12095014702,6130,4862,1268
12095014703,2627,1948,679
12095014705,8097,6328,1769
12095014706,5459,4370,1089
12095014804,6434,4968,1466
12095014805,5155,4003,1152
12095014806,4635,3767,868
12095014807,7128,5670,1458
12095014809,2953,2398,555
12095014810,5681,4543,1138
12095014811,5656,4531,1125
12095014812,6172,4818,1354
12095014813,4765,3921,844
12095014814,6754,5091,1663
12095014815,5169,3981,1188
12095014904,6070,4111,1959
12095014906,6955,5543,1412
12095014908,6504,5114,1390
12095014909,2895,2274,621
12095015001,1754,1225,529
12095015002,6505,4854,1651
12095015003,6748,5059,1689
12095015005,3547,2704,843
12095015006,4852,3727,1125
12095015103,6546,5262,1284
12095015104,5362,4116,1246
12095015105,3723,2904,819
12095015106,7425,5451,1974
12095015202,6058,4703,1355
12095015203,3088,2646,442
12095015204,5375,4385,990
12095015300,4068,3397,671
12095015501,6127,5158,969
12095015601,3042,2355,687
12095015602,2394,1695,699
12095015701,2217,1837,380
12095015702,1798,1354,444
12095015801,1712,1392,320
12095015802,2595,1992,603
12095015901,2428,2146,282
12095016001,2085,2029,56
12095016002,2537,2026,511
12095016100,4742,3890,852
12095016200,7062,5659,1403
12095016301,5569,4630,939
12095016302,3899,3145,754
12095016402,2729,2126,603
12095016406,2045,1800,245
12095016407,6604,5568,1036
12095016408,2296,1892,404
12095016409,3289,2638,651
12095016411,3557,2868,689
12095016412,4882,3950,932
12095016413,4297,3412,885
12095016414,4378,3510,868
12095016503,9397,8604,793
12095016504,5031,4102,929
12095016505,3151,2606,545
12095016509,4845,4299,546
12095016510,8424,7849,575
12095016511,6338,5790,548
12095016512,7464,6743,721
12095016513,5408,4244,1164
12095016514,6503,5408,1095
12095016515,8246,8154,92
12095016603,7516,5720,1796
12095016604,5178,4099,1079
12095016605,1601,1221,380
12095016606,2690,2157,533
12095016607,6251,4899,1352
12095016709,6907,5456,1451
12095016710,4211,3382,829
12095016713,8645,6834,1811
12095016714,3121,2478,643
12095016715,6891,5570,1321
12095016716,5670,4651,1019
12095016717,3670,2860,810
12095016723,5085,4090,995
12095016724,6464,5055,1409
12095016728,5198,4185,1013
12095016731,7553,6374,1179
12095016733,5844,4829,1015
12095016735,12745,9065,3680
12095016736,13392,9649,3743
12095016737,9685,6843,2842
12095016738,3812,3076,736
12095016739,6753,4857,1896
12095016740,3592,3076,516
12095016741,3464,2854,610
12095016742,4411,3474,937
12095016743,6040,4569,1471
12095016744,5168,3956,1212
12095016745,5361,3959,1402
12095016746,4276,3344,932
12095016747,5601,4293,1308
12095016748,6010,4209,1801
12095016749,6277,4473,1804
12095016750,12194,8711,3483
12095016751,6423,4898,1525
12095016752,4454,3497,957
12095016753,7673,5771,1902
12095016754,4118,3228,890
12095016755,6722,5293,1429
12095016756,2700,2069,631
12095016802,18656,13767,4889
12095016803,2860,2256,604
12095016804,6333,4809,1524
12095016808,1992,1597,395
12095016809,7969,6008,1961
12095016810,11406,8359,3047
12095016811,11616,8613,3003
12095016812,6331,4829,1502
12095016813,3203,2376,827
12095016814,5295,4057,1238
12095016902,5845,4341,1504
12095016904,4722,3519,1203
12095016906,4632,3438,1194
12095016907,7296,5025,2271
12095016908,2829,2361,468
12095016909,5171,3676,1495
12095016910,1429,1139,290
12095016911,8349,6154,2195
12095017001,4966,4162,804
12095017004,5904,4917,987
12095017006,4513,3303,1210
12095017011,5884,4695,1189
12095017012,2992,2438,554
12095017013,7512,6062,1450
12095017015,8347,6370,1977
12095017018,6605,5088,1517
12095017019,4297,3396,901
12095017020,7005,5353,1652
12095017021,6191,4739,1452
12095017022,10303,8661,1642
12095017023,2309,2096,213
12095017024,2929,2644,285
12095017025,4080,3188,892
12095017026,3941,3371,570
12095017108,10418,7737,2681
12095017109,6170,5047,1123
12095017110,7170,5380,1790
12095017111,18071,13304,4767
12095017112,16383,11918,4465
12095017113,14094,10068,4026
12095017114,11635,8155,3480
12095017115,4801,3540,1261
12095017116,9265,6577,2688
12095017117,7861,5648,2213
12095017118,5459,4085,1374
12095017119,2863,2308,555
12095017120,6406,4688,1718
12095017121,2820,2400,420
12095017122,3484,2764,720
12095017123,4958,3747,1211
12095017200,4957,3828,1129
12095017301,2935,2321,614
12095017302,7356,5656,1700
12095017401,7586,5854,1732
12095017402,5235,3958,1277
12095017503,6068,4440,1628
12095017504,8525,6644,1881
12095017505,5020,3656,1364
12095017506,12043,9065,2978
12095017600,4921,3537,1384
12095017701,5622,4167,1455
12095017702,2433,1962,471
12095017703,4967,3717,1250
12095017805,3067,2369,698
12095017806,5103,4113,990
12095017807,4119,3058,1061
12095017808,3799,3154,645
12095017809,3474,2501,973
12095017810,6244,4674,1570
12095017811,4881,3392,1489
12095017812,8137,6315,1822
12095017813,2328,1748,580
12095017814,6387,4697,1690
12095017901,4403,3418,985
12095017902,7349,6126,1223
12095018000,3659,2921,738
12095018100,3244,2623,621
12095018201,4952,3954,998
12095018202,4341,3473,868
12095018203,1937,1615,322
12095018204,2296,1837,459
12095018300,3149,2628,521
12095018400,2381,2064,317
12095018500,3684,2911,773
12095018700,5749,4143,1606
12095018800,4676,4306,370
12095018901,5730,4545,1185
12095018902,4922,4753,169
12095019000,3621,3219,402
12097040801,1464,1209,255
12097040805,2065,1687,378
12097040806,2193,1814,379
12097040807,5249,4369,880
12097040808,7279,5768,1511
12097040809,3841,3030,811
12097040810,3112,2592,520
12097040811,7565,5923,1642
12097040812,6510,5396,1114
12097040901,6123,4730,1393
12097040903,4069,3109,960
12097040904,8909,6600,2309
12097041003,8297,6098,2199
12097041004,8454,6217,2237
12097041005,3051,2662,389
12097041006,8457,6416,2041
12097041101,10277,7708,2569
12097041102,9367,6958,2409
12097041301,7936,5983,1953
12097041302,7348,5492,1856
12097041501,7721,5869,1852
12097041502,11309,8768,2541
12097041600,4351,3468,883
12097041700,6092,4637,1455
12097041800,3373,2591,782
12097041900,6859,4991,1868
12097042000,12505,9432,3073
12097042100,12839,9650,3189
12097042201,6905,5503,1402
12097042202,4942,3826,1116
12097042300,7922,6198,1724
12097042400,7139,5695,1444
12097042500,7320,5804,1516
12097042601,3388,2660,728
12097042603,8132,6092,2040
12097042604,4973,3983,990
12097042701,8224,6383,1841
12097042702,6438,5042,1396
12097042800,15058,11558,3500
12097042901,5647,4214,1433
12097042902,5042,3738,1304
12097042903,4010,3035,975
12097042904,4515,3263,1252
12097042905,2692,2228,464
12097043100,6750,5172,1578
12097043203,5082,4083,999
12097043205,2002,1538,464
12097043207,10201,7248,2953
12097043208,11791,8935,2856
12097043209,1171,948,223
12097043301,2659,2227,432
12097043303,7918,5865,2053
12097043304,8872,6493,2379
12097043400,5102,3955,1147
12097043500,5233,4180,1053
12097043600,10813,8239,2574
12097043700,12096,9032,3064
12097043801,6303,4583,1720
12097043802,3701,2929,772
12099000102,3268,2964,304
12099000103,2350,1823,527
12099000104,4654,3769,885
12099000202,6070,4681,1389
12099000204,3870,3137,733
12099000208,4157,3291,866
12099000210,6380,4724,1656
12099000211,3962,3111,851
12099000213,3014,2470,544
12099000214,6323,4760,1563
12099000216,2789,2190,599
12099000217,4548,3768,780
12099000218,3256,2681,575
12099000219,7971,6633,1338
12099000220,5371,3909,1462
12099000221,6238,4807,1431
12099000222,2532,1871,661
12099000223,2846,2134,712
12099000301,4181,3898,283
12099000303,5106,4469,637
12099000304,6198,5304,894
12099000405,2534,2383,151
12099000406,2415,2316,99
12099000407,1543,1509,34
12099000408,3525,3314,211
12099000410,4101,3747,354
12099000505,3120,3042,78
12099000507,1326,1181,145
12099000509,2603,2543,60
12099000512,1512,1389,123
12099000513,1506,1422,84
12099000600,1693,1443,250
12099000702,2936,2468,468
12099000703,4031,3349,682
12099000803,3305,2993,312
12099000805,5464,4576,888
12099000902,2697,2165,532
12099000903,5357,4255,1102
12099000904,4406,3708,698
12099000905,3914,3333,581
12099001002,6996,4939,2057
12099001003,4607,3792,815
12099001004,5675,4449,1226
12099001101,6695,5102,1593
12099001102,2637,2505,132
12099001200,4839,3787,1052
12099001301,6774,4927,1847
12099001302,5212,3776,1436
12099001402,2777,1867,910
12099001403,2870,1973,897
12099001404,4148,2909,1239
12099001500,3077,2338,739
12099001600,4230,3117,1113
12099001700,5278,4132,1146
12099001801,5472,4108,1364
12099001802,5097,4267,830
12099001904,3285,2701,584
12099001907,3708,3185,523
12099001909,2830,2021,809
12099001910,1859,1834,25
12099001911,1045,1034,11
12099001912,2172,2135,37
12099001913,2187,2162,25
12099001916,4188,3585,603
12099001917,4947,4063,884
12099001918,3206,2786,420
12099001919,5745,4479,1266
12099001920,3265,2640,625
12099001921,4239,3431,808
12099002005,4627,3673,954
12099002006,4283,3659,624
12099002100,4110,3028,1082
12099002200,2726,1939,787
12099002300,4157,3459,698
12099002400,2158,1492,666
12099002600,3224,2968,256
12099002701,1519,1475,44
12099002702,1933,1776,157
12099002703,2815,2654,161
12099002800,3234,2587,647
12099002900,6079,3993,2086
12099003000,5953,4398,1555
12099003101,7089,5471,1618
12099003102,6661,4782,1879
12099003201,5313,3905,1408
12099003202,6146,4469,1677
12099003300,4161,3240,921
12099003400,3985,3317,668
12099003507,2495,2153,342
12099003512,1275,1233,42
12099003513,1714,1630,84
12099003514,2500,2385,115
12099003600,5388,4284,1104
12099003700,5837,4633,1204
12099003801,2949,2351,598
12099003802,4744,3878,866
12099003901,4511,3506,1005
12099003902,6274,4646,1628
12099004005,4359,3188,1171
12099004007,6118,4270,1848
12099004008,6262,4668,1594
12099004009,4184,2970,1214
12099004010,3439,2512,927
12099004011,6031,4359,1672
12099004012,4452,3962,490
12099004013,3565,3229,336
12099004101,5580,4348,1232
12099004102,3608,2731,877
12099004203,3735,3115,620
12099004204,3261,2640,621
12099004205,5475,4142,1333
12099004206,2540,2006,534
12099004207,2450,2042,408
12099004300,6658,5313,1345
12099004401,3959,3087,872
12099004402,5536,3890,1646
12099004500,7652,5723,1929
12099004601,4284,3213,1071
12099004602,5318,3811,1507
12099004702,7317,5173,2144
12099004704,7266,5233,2033
12099004705,5878,4344,1534
12099004706,2701,2291,410
12099004810,4947,4307,640
12099004813,6655,4787,1868
12099004815,8011,6178,1833
12099004816,3526,3184,342
12099004817,4388,3996,392
12099004818,2980,2671,309
12099004819,4577,3376,1201
12099004820,3851,2778,1073
12099004821,3667,2708,959
12099004822,2834,2569,265
12099004823,2993,2291,702
12099004902,2147,1878,269
12099004903,5266,3563,1703
12099004904,6496,4539,1957
12099005000,5234,4162,1072
12099005101,3548,2567,981
12099005102,6613,4625,1988
12099005202,4802,3624,1178
12099005203,2580,2102,478
12099005204,4158,3212,946
12099005300,4869,4329,540
12099005411,3345,3063,282
12099005412,3001,2850,151
12099005413,1261,1238,23
12099005501,3977,3334,643
12099005502,6371,4962,1409
12099005601,5444,4031,1413
12099005602,2173,1990,183
12099005702,7121,5679,1442
12099005703,2161,1611,550
12099005704,2013,1625,388
12099005807,5608,4574,1034
12099005810,1639,1595,44
12099005811,3537,2967,570
12099005812,4255,3287,968
12099005813,5818,4735,1083
12099005814,4546,3107,1439
12099005815,4320,3378,942
12099005818,4239,3612,627
12099005819,3620,2681,939
12099005820,6723,5095,1628
12099005821,5940,4825,1115
12099005916,7928,5859,2069
12099005917,4793,3695,1098
12099005918,5497,4003,1494
12099005921,7576,6109,1467
12099005922,5588,4817,771
12099005923,3382,3144,238
12099005926,4505,4286,219
12099005930,3821,3548,273
12099005931,2920,2843,77
12099005933,2922,2896,26
12099005934,5003,4488,515
12099005936,3144,2972,172
12099005937,1551,1442,109
12099005938,4116,3799,317
12099005939,1350,1333,17
12099005940,2135,2100,35
12099005942,2515,2252,263
12099005943,2281,2262,19
12099005944,2264,2247,17
12099005945,4313,4169,144
12099005946,8087,6107,1980
12099005947,4253,4246,7
12099005949,3404,3049,355
12099005950,4324,3355,969
12099005951,4408,3572,836
12099005952,1357,1341,16
12099005953,4646,4180,466
12099005954,4408,3979,429
12099005955,4413,4282,131
12099005957,3586,3164,422
12099005958,1822,1617,205
12099005959,4004,3766,238
12099005960,6030,4515,1515
12099005961,2255,1622,633
12099006005,4202,3631,571
12099006006,2768,2670,98
12099006007,4054,3164,890
12099006008,2743,2417,326
12099006009,2208,2197,11
12099006010,3724,3080,644
12099006011,3353,2902,451
12099006012,4983,4163,820
12099006100,4806,3771,1035
12099006201,5029,3896,1133
12099006202,3220,2997,223
12099006203,2304,2063,241
12099006301,3315,2955,360
12099006302,3518,2815,703
12099006401,2123,1932,191
12099006402,3519,3294,225
12099006501,1605,1397,208
12099006502,3979,3635,344
12099006602,3485,2850,635
12099006604,4724,3826,898
12099006606,4067,3669,398
12099006607,5626,4919,707
12099006700,2709,2180,529
12099006801,6409,4779,1630
12099006802,2994,2374,620
12099006906,5067,4587,480
12099006907,3903,3505,398
12099006908,5292,4518,774
12099006909,2447,2185,262
12099006910,2151,1971,180
12099006911,3327,2970,357
12099006912,4795,4204,591
12099007005,4349,3907,442
12099007006,4239,3705,534
12099007007,3901,3170,731
12099007008,4847,3862,985
12099007009,3526,2740,786
12099007010,2124,2047,77
12099007011,2925,2662,263
12099007012,2488,2104,384
12099007013,4091,3375,716
12099007100,4308,4268,40
12099007202,4110,3366,744
12099007204,2498,2090,408
12099007205,3572,2938,634
12099007206,2290,1836,454
12099007207,1855,1582,273
12099007208,1974,1656,318
12099007301,4700,4032,668
12099007302,4935,4106,829
12099007407,2092,1987,105
12099007410,1783,1708,75
12099007412,1449,1365,84
12099007414,2203,2144,59
12099007420,3243,3012,231
12099007421,4282,4077,205
12099007501,3709,3143,566
12099007504,3204,2810,394
12099007505,3664,3420,244
12099007603,2349,1809,540
12099007604,6616,5081,1535
12099007605,4268,3255,1013
12099007610,4718,3667,1051
12099007612,5495,4402,1093
12099007613,4298,3593,705
12099007614,5143,4313,830
12099007615,4392,3612,780
12099007616,3844,3433,411
12099007619,1408,1174,234
12099007620,3225,2584,641
12099007621,2316,1904,412
12099007622,3293,2769,524
12099007623,3617,2518,1099
12099007624,3428,3131,297
12099007705,4142,3309,833
12099007710,7626,5801,1825
12099007716,5152,3949,1203
12099007721,4948,3832,1116
12099007723,2769,2088,681
12099007724,6061,4565,1496
12099007725,5792,4509,1283
12099007730,6432,4932,1500
12099007731,5527,4450,1077
12099007732,6791,5134,1657
12099007735,5880,4315,1565
12099007736,3702,2822,880
12099007738,4320,3339,981
12099007739,3230,2659,571
12099007740,5885,4695,1190
12099007741,4601,3986,615
12099007742,4906,4353,553
12099007743,5740,4311,1429
12099007746,1286,1264,22
12099007747,2951,2930,21
12099007748,4750,3552,1198
12099007749,5713,4719,994
12099007750,4435,3328,1107
12099007751,3540,2891,649
12099007752,7504,5691,1813
12099007754,4915,4419,496
12099007757,4674,3945,729
12099007758,5649,4341,1308
12099007759,1943,1601,342
12099007763,8167,5975,2192
12099007764,2061,1741,320
12099007766,4014,3179,835
12099007767,4176,3162,1014
12099007768,1441,1244,197
12099007769,1569,1558,11
12099007770,2976,2175,801
12099007771,3870,3229,641
12099007772,6056,4798,1258
12099007773,6503,5052,1451
12099007774,8783,6456,2327
12099007775,8022,5823,2199
12099007776,1366,1064,302
12099007777,4795,3639,1156
12099007778,6804,5108,1696
12099007779,3711,3226,485
12099007780,1515,1109,406
12099007805,7440,5945,1495
12099007812,5928,4796,1132
12099007813,6915,5279,1636
12099007814,2185,2017,168
12099007818,1676,1488,188
12099007820,2755,2198,557
12099007821,2827,2224,603
12099007823,4345,3429,916
12099007830,4260,3914,346
12099007831,4294,3786,508
12099007832,3982,3318,664
12099007833,5706,4120,1586
12099007834,1821,1634,187
12099007835,4156,3401,755
12099007837,7054,6013,1041
12099007838,8029,6202,1827
12099007840,2100,1671,429
12099007841,6253,4839,1414
12099007842,2788,2534,254
12099007843,5471,4103,1368
12099007844,4488,3543,945
12099007845,2615,2070,545
12099007846,617,508,109
12099007847,7540,5939,1601
12099007848,3459,2773,686
12099007849,1032,697,335
12099007850,906,675,231
12099007851,4087,3313,774
12099007853,2695,2124,571
12099007909,4558,4166,392
12099007913,2324,1817,507
12099007914,5220,4079,1141
12099007915,1487,1199,288
12099007916,4436,3462,974
12099007917,5316,4081,1235
12099007918,3499,2781,718
12099007919,5131,4045,1086
12099008001,3548,2597,951
12099008002,4366,3102,1264
12099008101,6110,4623,1487
12099008201,3983,2889,1094
12099008202,3086,2213,873
12099008203,4467,3429,1038
12099008301,1625,1165,460
12099008302,6207,4709,1498
12101030101,3468,2714,754
12101030102,2623,2312,311
12101030202,3209,3016,193
12101030203,1561,1410,151
12101030204,1459,1262,197
12101030205,2308,1956,352
12101030303,3341,3062,279
12101030304,5644,5022,622
12101030404,3031,2569,462
12101030405,2342,1900,442
12101030406,2735,2276,459
12101030407,3243,2516,727
12101030408,3438,2721,717
12101030409,2972,2385,587
12101030410,2367,2008,359
12101030411,3245,2643,602
12101030412,3063,2390,673
12101030501,2256,1904,352
12101030502,4859,3941,918
12101030601,2448,2037,411
12101030602,2736,2161,575
12101030700,4249,3304,945
12101030800,3259,2635,624
12101030901,3981,3240,741
12101030905,3689,3090,599
12101030906,5639,4770,869
12101031003,6398,5073,1325
12101031005,4027,3253,774
12101031006,1983,1490,493
12101031007,5695,4433,1262
12101031008,2491,2058,433
12101031009,3099,2514,585
12101031010,4511,3529,982
12101031011,2781,2268,513
12101031012,5118,4337,781
12101031013,3379,2577,802
12101031014,3521,2748,773
12101031101,4482,3738,744
12101031103,1405,1268,137
12101031104,4044,3454,590
12101031203,2831,2626,205
12101031204,2904,2508,396
12101031205,3958,3385,573
12101031206,3152,2509,643
12101031207,2907,2377,530
12101031208,5521,4190,1331
12101031301,3625,3155,470
12101031302,6400,5036,1364
12101031401,4162,3378,784
12101031404,4225,3432,793
12101031406,3171,2800,371
12101031407,3098,2652,446
12101031410,3230,2580,650
12101031411,1679,1434,245
12101031412,4525,3794,731
12101031503,3244,2580,664
12101031504,2002,1591,411
12101031505,6222,4872,1350
12101031506,4612,3573,1039
12101031507,6787,5236,1551
12101031508,5068,3686,1382
12101031601,7827,6343,1484
12101031602,9280,6920,2360
12101031603,10457,7118,3339
12101031604,7086,5306,1780
12101031605,6481,5094,1387
12101031701,9232,6856,2376
12101031703,4888,3948,940
12101031704,6050,4909,1141
12101031705,4445,3614,831
12101031706,4097,3263,834
12101031707,3308,2917,391
12101031708,5557,4792,765
12101031804,4274,3950,324
12101031805,4129,3473,656
12101031806,4944,3979,965
12101031807,3560,2965,595
12101031808,3581,2722,859
12101031809,2754,2208,546
12101031901,3816,3048,768
12101031902,9909,7692,2217
12101031903,7953,5706,2247
12101032001,6527,4773,1754
12101032005,4174,3839,335
12101032006,7730,6180,1550
12101032007,2865,2315,550
12101032008,4795,3757,1038
12101032009,8379,6579,1800
12101032010,3778,2969,809
12101032011,5067,3817,1250
12101032012,3609,2709,900
12101032013,5538,4539,999
12101032014,6678,5242,1436
12101032103,8130,5763,2367
12101032104,4870,3696,1174
12101032105,8538,6082,2456
12101032106,8506,5984,2522
12101032107,10670,7653,3017
12101032108,8090,5931,2159
12101032109,4934,3601,1333
12101032110,2869,2337,532
12101032111,5412,4001,1411
12101032112,3875,2908,967
12101032113,3994,3053,941
12101032200,6730,5920,810
12101032300,2324,1835,489
12101032401,2932,2308,624
12101032402,2789,2038,751
12101032500,6215,4474,1741
12101032601,3359,2479,880
12101032602,3371,2619,752
12101032700,3096,2604,492
12101032802,3175,2635,540
12101032804,2898,2571,327
12101032805,3959,3283,676
12101032901,8109,6268,1841
12101032902,2074,1863,211
12101032905,5417,4982,435
12101033005,4704,3888,816
12101033006,2558,2135,423
12101033007,1912,1863,49
12101033008,2717,2276,441
12101033009,3195,2609,586
12101033010,4025,3427,598
12101033011,1744,1467,277
12101033012,2529,2148,381
12101033013,3102,2437,665
12101033014,2821,2481,340
12101033101,2348,2090,258
12101033102,1710,1397,313
12103020105,5432,4871,561
12103020106,3839,3506,333
12103020107,1725,1663,62
12103020108,2312,2283,29
12103020109,4025,3162,863
12103020110,1402,1044,358
12103020201,4727,3945,782
12103020202,3178,2676,502
12103020206,4330,3574,756
12103020207,2610,2324,286
12103020208,2640,2021,619
12103020209,4408,3644,764
12103020301,3529,2788,741
12103020302,3763,3182,581
12103020400,2270,1964,306
12103020500,4149,3137,1012
12103020600,3915,3059,856
12103020700,3661,2852,809
12103020800,5219,3786,1433
12103021200,3843,2780,1063
12103021501,2772,2689,83
12103021502,1608,1524,84
12103021600,2591,2330,261
12103021800,2523,2251,272
12103021900,3304,2766,538
12103022000,3262,2577,685
12103022101,2244,1847,397
12103022102,2617,2226,391
12103022200,4090,3422,668
12103022301,2766,2376,390
12103022302,3743,3275,468
12103022401,3566,3066,500
12103022402,5061,4232,829
12103022501,5211,4399,812
12103022502,3501,2872,629
12103022503,5317,4364,953
12103022601,3407,2877,530
12103022602,4398,3647,751
12103022700,4115,3539,576
12103022801,4591,3707,884
12103022802,3077,2557,520
12103022901,2990,2458,532
12103022902,2601,2142,459
12103023000,2688,2130,558
12103023100,2755,2309,446
12103023200,2821,2413,408
12103023300,2314,2013,301
12103023400,1879,1657,222
12103023501,2171,1917,254
12103023502,1237,1139,98
12103023601,2164,2042,122
12103023602,1543,1372,171
12103023700,2453,2075,378
12103023800,2337,1978,359
12103023900,2064,1790,274
12103024001,3458,2825,633
12103024002,5224,4434,790
12103024004,4890,3891,999
12103024005,3130,2465,665
12103024100,4626,3978,648
12103024201,2769,2299,470
12103024202,2369,1961,408
12103024301,3853,3138,715
12103024302,4359,3670,689
12103024403,4133,3480,653
12103024406,6048,5405,643
12103024408,4010,3244,766
12103024409,3044,2646,398
12103024410,3551,2874,677
12103024411,4130,3461,669
12103024412,4663,4164,499
12103024413,4595,4030,565
12103024505,6974,5832,1142
12103024507,3493,3074,419
12103024508,5356,4434,922
12103024509,3617,3110,507
12103024510,5282,4382,900
12103024512,3006,2748,258
12103024514,4953,4002,951
12103024515,1868,1756,112
12103024516,2072,2035,37
12103024517,3154,2773,381
12103024518,1788,1606,182
12103024519,3488,2977,511
12103024601,3794,3092,702
12103024603,2955,2316,639
12103024604,3130,2638,492
12103024701,3330,2862,468
12103024702,2501,2031,470
12103024703,3038,2309,729
12103024801,4453,3723,730
12103024803,2599,2139,460
12103024804,2359,1893,466
12103024805,2769,2233,536
12103024901,5563,4425,1138
12103024904,4096,3251,845
12103024905,6802,5303,1499
12103024906,4331,3446,885
12103024907,3778,3086,692
12103024908,3205,2509,696
12103025004,6392,5301,1091
12103025007,4502,3732,770
12103025009,3879,3155,724
12103025011,5077,4171,906
12103025012,5645,4669,976
12103025013,4209,3414,795
12103025014,4885,3886,999
12103025015,2877,2741,136
12103025016,2110,1709,401
12103025017,3030,2593,437
12103025018,2914,2348,566
12103025019,2634,2252,382
12103025020,2930,2618,312
12103025021,3192,2725,467
12103025106,2897,2503,394
12103025107,4098,3550,548
12103025108,2466,2283,183
12103025109,4177,3586,591
12103025110,5957,4913,1044
12103025111,3092,2910,182
12103025112,3466,2907,559
12103025113,2913,2442,471
12103025114,3243,2755,488
12103025115,3124,2636,488
12103025116,2049,1709,340
12103025119,5686,4629,1057
12103025120,3510,2823,687
12103025121,4846,3844,1002
12103025122,5167,4368,799
12103025123,1892,1546,346
12103025204,3414,2985,429
12103025205,3795,3281,514
12103025207,6758,5190,1568
12103025208,1545,1378,167
12103025209,4280,3645,635
12103025210,2965,2583,382
12103025211,2537,2249,288
12103025303,5090,4602,488
12103025305,3176,2867,309
12103025307,4389,3366,1023
12103025309,2276,2017,259
12103025310,1222,1124,98
12103025311,4071,3601,470
12103025401,4603,3732,871
12103025407,5371,4485,886
12103025411,1969,1515,454
12103025412,4784,3891,893
12103025413,3447,3004,443
12103025414,2647,2362,285
12103025415,2838,2414,424
12103025416,3392,2923,469
12103025417,2693,2495,198
12103025418,2562,2305,257
12103025419,4210,3351,859
12103025420,2681,2513,168
12103025421,3633,3224,409
12103025501,4089,3365,724
12103025505,2219,1652,567
12103025507,3488,3185,303
12103025508,1406,1310,96
12103025509,2515,2145,370
12103025510,3008,2456,552
12103025602,3360,2816,544
12103025603,2460,2015,445
12103025604,1392,1146,246
12103025700,4240,3748,492
12103025800,4353,3241,1112
12103025901,3664,3124,540
12103025902,2605,2382,223
12103026001,2885,2702,183
12103026003,1679,1569,110
12103026004,1136,1044,92
12103026101,2431,1969,462
12103026102,1367,1201,166
12103026200,2256,1662,594
12103026300,7025,5485,1540
12103026401,3408,2756,652
12103026402,3113,2373,740
12103026501,2907,2428,479
12103026502,4518,3619,899
12103026601,3583,2912,671
12103026602,4207,3501,706
12103026701,4584,3741,843
12103026703,6523,5283,1240
12103026704,2873,2451,422
12103026705,3458,2872,586
12103026804,5424,4425,999
12103026809,2548,2263,285
12103026811,6224,5219,1005
12103026812,4433,3812,621
12103026813,3297,2689,608
12103026814,2353,2132,221
12103026815,4724,3898,826
12103026816,5667,4732,935
12103026817,5187,4225,962
12103026818,4231,3221,1010
12103026819,2388,2019,369
12103026820,4365,4040,325
12103026821,2733,2157,576
12103026904,4553,3837,716
12103026908,4012,3468,544
12103026909,4580,4042,538
12103026911,3993,3624,369
12103026912,4031,3707,324
12103026913,3254,2944,310
12103026914,3670,3354,316
12103026915,2817,2398,419
12103026916,4536,3804,732
12103026917,1226,1179,47
12103027000,4937,4345,592
12103027105,3394,2992,402
12103027106,4479,4013,466
12103027107,1555,1324,231
12103027108,2411,2285,126
12103027202,6372,5257,1115
12103027204,4705,3965,740
12103027206,6619,5221,1398
12103027207,4723,3780,943
12103027208,6844,5445,1399
12103027209,1271,1227,44
12103027210,4599,4062,537
12103027211,4571,3744,827
12103027212,3563,3075,488
12103027308,4706,3784,922
12103027309,2092,1771,321
12103027314,3015,2568,447
12103027316,3917,3469,448
12103027317,5391,4482,909
12103027318,3785,3157,628
12103027319,5322,4255,1067
12103027320,4623,3627,996
12103027321,1504,1204,300
12103027323,2715,2153,562
12103027324,3910,3234,676
12103027325,3623,3074,549
12103027326,3611,3138,473
12103027327,4895,3865,1030
12103027328,4605,3669,936
12103027329,3925,3099,826
12103027330,2320,2157,163
12103027331,2922,2604,318
12103027332,2858,2374,484
12103027333,4027,3247,780
12103027401,2644,2267,377
12103027404,8010,6853,1157
12103027501,6042,5130,912
12103027503,4088,3557,531
12103027504,2530,2120,410
12103027603,2142,1891,251
12103027604,2762,2706,56
12103027605,1706,1513,193
12103027606,1531,1414,117
12103027701,2785,2508,277
12103027703,1048,982,66
12103027704,2404,2224,180
12103027801,1329,1248,81
12103027802,2554,2355,199
12103027901,2112,1991,121
12103027905,4472,4218,254
12103028002,3660,3383,277
12103028004,1945,1830,115
12103028005,1688,1579,109
12103028006,1432,1365,67
12103028102,3591,3165,426
12103028103,1947,1848,99
12103028104,3446,3352,94
12103028200,2206,1951,255
12103028300,3344,2881,463
12103028403,2703,2606,97
12103028500,1952,1814,138
12103028601,3807,3637,170
12103028602,2725,2617,108
12103028700,3124,2099,1025
12105010300,4790,3668,1122
12105010401,2029,1824,205
12105010402,6533,5946,587
12105010501,1774,1358,416
12105010502,4351,3474,877
12105010601,3858,3046,812
12105010603,3450,2737,713
12105010604,3518,2751,767
12105010701,4617,3777,840
12105010702,3433,2941,492
12105010800,3550,2802,748
12105010900,4734,3475,1259
12105011000,3254,2570,684
12105011100,3392,2327,1065
12105011202,1849,1377,472
12105011203,3661,2499,1162
12105011204,1552,1059,493
12105011300,1852,1405,447
12105011400,5081,3931,1150
12105011501,5911,4410,1501
12105011502,7371,5864,1507
12105011603,2068,1797,271
12105011604,5217,4175,1042
12105011605,3756,3145,611
12105011606,2449,2005,444
12105011704,4959,3504,1455
12105011721,3211,2466,745
12105011722,3206,2612,594
12105011731,5326,4444,882
12105011732,3120,2275,845
12105011821,3084,2386,698
12105011822,3896,3059,837
12105011832,5106,3968,1138
12105011834,6739,5273,1466
12105011835,4977,3896,1081
12105011836,3479,2825,654
12105011837,4517,3359,1158
12105011838,4072,2992,1080
12105011901,4913,3684,1229
12105011902,3530,2840,690
12105011908,4265,3370,895
12105011909,3316,2600,716
12105011910,1654,1254,400
12105011911,3544,2708,836
12105011912,2641,2051,590
12105011913,2864,2116,748
12105012001,5798,4232,1566
12105012002,3125,2588,537
12105012003,6101,4886,1215
12105012004,2556,2067,489
12105012113,6722,5390,1332
12105012124,5657,4303,1354
12105012125,3029,2230,799
12105012126,4472,3431,1041
12105012127,8317,6793,1524
12105012128,4650,3465,1185
12105012130,2466,1954,512
12105012131,3127,2918,209
12105012132,2812,1992,820
12105012133,5296,3944,1352
12105012203,2906,2246,660
12105012207,3221,2772,449
12105012208,3489,2696,793
12105012209,6765,5756,1009
12105012303,4049,3241,808
12105012304,5381,4282,1099
12105012305,1713,1314,399
12105012306,2476,1967,509
12105012307,3160,2425,735
12105012309,1773,1333,440
12105012404,2347,2137,210
12105012405,8796,6971,1825
12105012407,1314,1093,221
12105012408,5048,3910,1138
12105012409,2570,1941,629
12105012410,2887,2177,710
12105012411,7046,5480,1566
12105012412,7457,5964,1493
12105012413,9648,7297,2351
12105012414,1603,1505,98
12105012415,3284,2603,681
12105012502,12619,9480,3139
12105012506,10576,8512,2064
12105012508,3514,2804,710
12105012509,2487,2142,345
12105012510,4255,3222,1033
12105012511,5839,4122,1717
12105012512,5450,4743,707
12105012513,5094,4946,148
12105012514,8698,7057,1641
12105012515,7611,5758,1853
12105012601,6071,4589,1482
12105012602,5688,3947,1741
12105012701,4311,3150,1161
12105012702,3823,2918,905
12105012802,5551,4159,1392
12105012803,4583,4175,408
12105012804,6548,5403,1145
12105012900,6392,4888,1504
12105013001,3761,2773,988
12105013002,5149,4046,1103
12105013101,4253,3422,831
12105013102,3712,2881,831
12105013103,1135,865,270
12105013200,1888,1432,456
12105013300,2192,1693,499
12105013400,5352,4035,1317
12105013500,3615,3046,569
12105013601,2096,1539,557
12105013602,3482,2680,802
12105013701,1896,1583,313
12105013702,7175,5469,1706
12105013801,3807,3017,790
12105013802,7436,5431,2005
12105013901,2993,2274,719
12105013902,5677,4627,1050
12105014001,5911,4734,1177
12105014003,3778,3076,702
12105014005,4047,3277,770
12105014006,3215,2597,618
12105014104,1985,1480,505
12105014121,3375,2445,930
12105014123,7038,5791,1247
12105014124,2502,2054,448
12105014126,5022,3477,1545
12105014127,7932,5467,2465
12105014128,5385,4206,1179
12105014129,3027,2485,542
12105014130,3405,2611,794
12105014131,2985,2279,706
12105014201,5564,4584,980
12105014202,2832,2294,538
12105014203,2918,2641,277
12105014301,1735,1267,468
12105014303,3823,2897,926
12105014304,2708,2104,604
12105014401,8258,7197,1061
12105014402,1507,1116,391
12105014501,9870,7089,2781
12105014502,3228,2280,948
12105014600,4155,2998,1157
12105014701,5974,4801,1173
12105014703,4752,3635,1117
12105014704,5309,4098,1211
12105014802,3058,2200,858
12105014803,3852,2845,1007
12105014804,9455,7257,2198
12105014903,2797,1882,915
12105014904,4757,3275,1482
12105014905,2616,1904,712
12105014906,7851,5825,2026
12105015000,5249,3777,1472
12105015101,3802,2975,827
12105015102,2527,1990,537
12105015200,4515,3445,1070
12105015301,4617,3458,1159
12105015302,2739,2155,584
12105015401,2844,2067,777
12105015402,2880,2200,680
12105015404,1383,1268,115
12105015405,3163,2476,687
12105015500,4876,3606,1270
12105015600,3409,3071,338
12105015701,2387,1850,537
12105015702,4029,3571,458
12105015801,2424,2120,304
12105015802,3943,3327,616
12105015900,2086,1597,489
12105016001,2182,1612,570
12105016002,1636,1230,406
12105016003,1969,1508,461
12105016100,1134,863,271
12105016400,2360,1922,438
12107950100,3874,3137,737
12107950201,5835,4621,1214
12107950202,3395,2713,682
12107950300,6754,5434,1320
12107950400,2905,2438,467
12107950500,6312,4991,1321
12107950600,6206,4899,1307
12107950700,3954,2877,1077
12107950800,2826,2100,726
12107950900,6134,4706,1428
12107951000,4223,3522,701
12107951100,4529,3720,809
12107951200,5555,4429,1126
12107951300,3640,3025,615
12107951401,3226,2489,737
12107951402,3953,3083,870
12109020200,2396,2155,241
12109020300,3762,3111,651
12109020400,2525,2282,243
12109020500,3871,3393,478
12109020603,1930,1732,198
12109020604,3065,2697,368
12109020605,17666,12722,4944
12109020606,11501,8815,2686
12109020704,3622,2991,631
12109020705,6391,5404,987
12109020706,2981,2184,797
12109020707,5797,4858,939
12109020708,7923,5261,2662
12109020710,2414,1841,573
12109020712,2377,1990,387
12109020713,3008,2687,321
12109020801,9884,7116,2768
12109020802,4018,3017,1001
12109020803,4283,3384,899
12109020804,4854,3544,1310
12109020807,4286,2993,1293
12109020808,12417,8096,4321
12109020809,8665,6132,2533
12109020810,7509,5022,2487
12109020811,3156,2114,1042
12109020903,4336,3464,872
12109020904,11292,8740,2552
12109020905,9361,6554,2807
12109020906,11348,7969,3379
12109020907,9269,6300,2969
12109020908,10434,7918,2516
12109021002,4638,3604,1034
12109021003,5451,4293,1158
12109021004,2991,2434,557
12109021101,5687,4332,1355
12109021102,5115,4229,886
12109021103,2481,2035,446
12109021207,4091,3226,865
12109021208,6158,5152,1006
12109021209,2232,2009,223
12109021210,3990,3425,565
12109021211,3287,2883,404
12109021301,7918,6514,1404
12109021302,5428,4520,908
12109021403,1711,1591,120
12109021404,3210,2883,327
12109021408,7012,6107,905
12109021409,2704,2305,399
12109021410,2980,2573,407
12111380100,1032,839,193
12111380200,3446,2426,1020
12111380300,6171,4138,2033
12111380400,6919,4949,1970
12111380500,6543,4908,1635
12111380600,4035,2932,1103
12111380700,8960,6752,2208
12111380800,3352,2917,435
12111380901,2459,1956,503
12111380902,5423,3932,1491
12111381000,1771,1425,346
12111381103,3266,2488,778
12111381104,2027,1623,404
12111381105,2345,1908,437
12111381106,1829,1549,280
12111381107,3204,2861,343
12111381204,3599,3436,163
12111381300,4428,4170,258
12111381401,5248,4397,851
12111381402,7023,5353,1670
12111381504,3606,2877,729
12111381505,7237,5512,1725
12111381506,3696,3021,675
12111381507,5106,4245,861
12111381508,3689,2864,825
12111381602,3872,3514,358
12111381603,6991,6493,498
12111381604,1810,1439,371
12111381605,4372,3736,636
12111381701,2693,2639,54
12111381702,2295,2246,49
12111381802,4757,3663,1094
12111381803,6412,5155,1257
12111381804,6156,4961,1195
12111381900,6412,5649,763
12111382007,5233,4088,1145
12111382008,8250,6323,1927
12111382009,4659,3765,894
12111382010,2095,1896,199
12111382011,2529,2087,442
12111382012,6172,4736,1436
12111382013,3238,2583,655
12111382014,7408,5899,1509
12111382015,3786,2939,847
12111382016,6242,5372,870
12111382110,7557,5864,1693
12111382112,9392,7125,2267
12111382114,6548,5051,1497
12111382115,7699,5916,1783
12111382116,6244,4672,1572
12111382117,8201,6106,2095
12111382118,5500,4028,1472
12111382119,8112,6059,2053
12111382120,3498,3112,386
12111382121,4096,3483,613
12111382122,5569,5263,306
12111382123,4915,3714,1201
12111382124,3507,2628,879
12111382125,3265,2286,979
12111382126,12651,10866,1785
12111382127,5126,4829,297
12111382128,5188,4018,1170
12111382129,8565,6419,2146
12111382130,4017,3028,989
12111382201,3559,3378,181
12111382202,4219,3233,986
12113010100,3852,2997,855
12113010200,4756,3641,1115
12113010301,6291,4516,1775
12113010302,4953,3694,1259
12113010303,5219,3748,1471
12113010400,2823,2260,563
12113010503,6361,4843,1518
12113010504,6381,5011,1370
12113010505,4394,3347,1047
12113010506,4183,3383,800
12113010601,4636,3491,1145
12113010602,1781,1410,371
12113010704,6973,5190,1783
12113010705,3484,2646,838
12113010707,4424,3481,943
12113010708,6492,4798,1694
12113010709,5861,4563,1298
12113010710,2480,2049,431
12113010711,4764,3657,1107
12113010712,3852,2982,870
12113010802,5734,4349,1385
12113010808,10646,9502,1144
12113010809,5324,4239,1085
12113010812,5076,3882,1194
12113010813,5107,4055,1052
12113010814,6542,5022,1520
12113010820,6896,5129,1767
12113010821,5793,4402,1391
12113010822,5446,4160,1286
12113010823,4924,3824,1100
12113010824,5278,4079,1199
12113010825,3292,2639,653
12113010826,3091,2327,764
12113010827,9096,6794,2302
12113010828,5493,4210,1283
12113010900,6302,4874,1428
12115000102,4507,4005,502
12115000103,4091,3988,103
12115000104,1826,1786,40
12115000200,5222,4283,939
12115000300,3962,2762,1200
12115000401,4197,3515,682
12115000404,1258,1196,62
12115000405,3050,2479,571
12115000406,3059,2521,538
12115000407,3930,3312,618
12115000501,1677,1495,182
12115000502,3378,2857,521
12115000503,3628,3158,470
12115000601,2300,1874,426
12115000602,3678,3051,627
12115000700,3067,2979,88
12115000801,1987,1947,40
12115000802,2772,2728,44
12115000900,2394,2130,264
12115001000,3405,2945,460
12115001101,4154,3478,676
12115001102,5352,4319,1033
12115001202,4088,3289,799
12115001203,4307,4122,185
12115001204,4539,3962,577
12115001205,3733,3246,487
12115001206,3659,3032,627
12115001301,3412,2864,548
12115001302,4724,3901,823
12115001303,3886,3142,744
12115001304,1898,1656,242
12115001402,4626,3648,978
12115001403,7032,5973,1059
12115001404,5388,4183,1205
12115001405,4399,3573,826
12115001503,3388,2703,685
12115001504,3304,2660,644
12115001505,4238,3309,929
12115001508,2003,1794,209
12115001509,3937,3208,729
12115001510,4511,3869,642
12115001511,3151,2564,587
12115001601,3526,3056,470
12115001602,3811,3264,547
12115001702,5775,4745,1030
12115001703,3783,3256,527
12115001704,3282,2715,567
12115001801,3742,3212,530
12115001803,2935,2478,457
12115001804,2592,2134,458
12115001805,1870,1632,238
12115001903,1663,1525,138
12115001904,2760,2459,301
12115001905,963,939,24
12115001909,2031,1941,90
12115002003,4392,3788,604
12115002004,4073,3714,359
12115002007,2691,2576,115
12115002008,2731,2393,338
12115002011,1045,961,84
12115002012,3589,3230,359
12115002013,4279,3496,783
12115002014,5576,5112,464
12115002015,2196,1874,322
12115002016,4546,4160,386
12115002101,3686,3224,462
12115002102,3188,2902,286
12115002201,3404,3117,287
12115002203,4198,3654,544
12115002204,2214,1979,235
12115002205,2227,2045,182
12115002302,4518,4306,212
12115002304,2431,2350,81
12115002305,1889,1844,45
12115002306,2767,2662,105
12115002307,1860,1837,23
12115002401,2912,2747,165
12115002403,1413,1363,50
12115002404,2336,2119,217
12115002504,2964,2504,460
12115002505,2383,1968,415
12115002507,5390,4603,787
12115002508,2957,2555,402
12115002509,4660,4034,626
12115002510,3539,3152,387
12115002511,2750,2485,265
12115002601,2648,2440,208
12115002602,2649,2477,172
12115002603,1746,1627,119
12115002604,2937,2744,193
12115002605,2304,2082,222
12115002710,2882,2518,364
12115002714,4999,4424,575
12115002716,8236,7199,1037
12115002720,3228,3008,220
12115002721,4812,3839,973
12115002723,2835,2600,235
12115002724,2425,2414,11
12115002725,5811,4797,1014
12115002726,4922,4485,437
12115002727,1452,1178,274
12115002728,2412,2394,18
12115002729,1695,1659,36
12115002730,3026,2834,192
12115002731,3801,3716,85
12115002732,4652,4381,271
12115002733,3784,3568,216
12115002734,6905,6096,809
12115002735,2239,2191,48
12115002736,5265,4289,976
12115002737,5003,4438,565
12115002738,5134,3910,1224
12115002739,3650,3025,625
12115002740,5266,4071,1195
12115002741,4476,3423,1053
12115002742,6340,5074,1266
12115002743,4791,3724,1067
12115002744,3843,2958,885
12115002745,6155,4768,1387
12115002746,5404,4079,1325
12115002747,2266,1676,590
12115002748,3359,2742,617
12117020101,1291,1147,144
12117020102,1218,1010,208
12117020201,1939,1535,404
12117020202,4500,3407,1093
12117020301,2394,1932,462
12117020302,2021,1438,583
12117020401,1661,1273,388
12117020402,3109,2422,687
12117020500,2778,1998,780
12117020601,8592,6168,2424
12117020602,6365,5108,1257
12117020703,6567,4948,1619
12117020704,7645,5992,1653
12117020705,3579,2891,688
12117020706,9991,7911,2080
12117020707,8625,6404,2221
12117020803,7142,5799,1343
12117020805,8427,6831,1596
12117020806,6441,4997,1444
12117020807,6985,5350,1635
12117020808,3964,3050,914
12117020810,3906,3078,828
12117020811,6784,5359,1425
12117020812,4391,3495,896
12117020901,4572,3457,1115
12117020902,2683,2044,639
12117020904,6744,5057,1687
12117020905,4415,3379,1036
12117021000,5793,4341,1452
12117021100,4161,3026,1135
12117021201,6863,5488,1375
12117021203,6167,4460,1707
12117021205,4525,3570,955
12117021206,5849,4120,1729
12117021306,8821,7187,1634
12117021307,7536,5874,1662
12117021311,5750,4137,1613
12117021312,5613,4271,1342
12117021313,7948,6090,1858
12117021314,5423,4114,1309
12117021315,7870,6695,1175
12117021316,4619,3675,944
12117021317,8418,6671,1747
12117021318,8620,6601,2019
12117021319,1680,1251,429
12117021320,6987,5441,1546
12117021321,2928,2276,652
12117021401,8500,6543,1957
12117021403,9112,7147,1965
12117021404,7673,6021,1652
12117021504,3150,2648,502
12117021505,4541,3594,947
12117021506,3545,2823,722
12117021507,7369,5947,1422
12117021604,4162,3247,915
12117021606,7198,5651,1547
12117021608,6004,4863,1141
12117021609,3287,2479,808
12117021611,4657,3643,1014
12117021612,4377,3376,1001
12117021613,3336,2719,617
12117021614,5445,4303,1142
12117021617,7224,5912,1312
12117021704,4708,3711,997
12117021705,5918,4646,1272
12117021706,4243,3434,809
12117021707,6796,5450,1346
12117021708,6364,4972,1392
12117021802,4726,3848,878
12117021803,3568,2802,766
12117021805,1566,1233,333
12117021806,5631,4916,715
12117021901,5141,4403,738
12117021902,4327,3594,733
12117022001,2529,1964,565
12117022002,5103,4219,884
12117022004,2332,1990,342
12117022006,3522,2930,592
12117022007,4067,3232,835
12117022101,7254,5843,1411
12117022104,6734,5325,1409
12117022105,3630,2942,688
12117022106,7943,6380,1563
12117022201,5888,4941,947
12117022205,3588,2918,670
12117022206,6535,5424,1111
12117022207,6144,4868,1276
12117022208,4508,3694,814
12117022209,4211,3419,792
12119910100,4687,3567,1120
12119910300,8218,7885,333
12119910401,3261,2662,599
12119910402,2445,2023,422
12119910500,4619,3612,1007
12119910601,5319,4362,957
12119910602,2865,2372,493
12119910701,2295,1796,499
12119910702,3109,2380,729
12119910800,3885,3854,31
12119911000,1521,1464,57
12119911201,4310,4265,45
12119911202,3136,3114,22
12119911203,5321,5278,43
12119911204,11654,11197,457
12119911205,3193,3187,6
12119911206,5356,5342,14
12119911207,4768,4752,16
12119911301,3854,3612,242
12119911302,1202,885,317
12119911401,6523,6502,21
12119911402,14773,14185,588
12119911500,2248,1807,441
12119911702,4546,4446,100
12119911703,4800,4382,418
12119911704,5721,5656,65
12119980100,6107,6098,9
12121970100,6308,4744,1564
12121970200,4440,3327,1113
12121970301,1818,1473,345
12121970303,2235,1933,302
12121970304,4080,3245,835
12121970401,2920,2140,780
12121970402,3978,3064,914
12121970501,4129,3326,803
12121970502,6490,5510,980
12121970601,2959,2281,678
12121970602,4117,3236,881
12123950100,3305,2506,799
12123950201,1306,1054,252
12123950202,3872,2996,876
12123950301,2859,2066,793
12123950302,3058,2303,755
12123950401,5429,4849,580
12123950402,1967,1708,259
12125960100,3884,3383,501
12125960201,2257,1684,573
12125960202,5298,4544,754
12125960300,4708,3482,1226
12127080101,4546,3840,706
12127080102,5754,5256,498
12127080201,2732,2529,203
12127080202,2662,2454,208
12127080300,3205,2903,302
12127080400,3401,2936,465
12127080500,2482,2197,285
12127080600,3482,2963,519
12127080700,4474,3782,692
12127080803,5023,4125,898
12127080805,6125,5007,1118
12127080806,2847,2332,515
12127080807,5405,4473,932
12127080808,5699,5013,686
12127080809,3175,2660,515
12127080901,4526,3616,910
12127080902,3832,3034,798
12127081001,2067,1788,279
12127081002,2452,2160,292
12127081101,2630,2352,278
12127081102,1759,1587,172
12127081201,2708,2389,319
12127081202,1158,1001,157
12127081300,2133,1882,251
12127081500,1966,1735,231
12127081600,2321,1825,496
12127081701,2977,2335,642
12127081702,4492,3493,999
12127081800,2707,2146,561
12127081900,3056,2426,630
12127082000,2477,2218,259
12127082100,4329,2872,1457
12127082201,4259,3678,581
12127082202,1617,1415,202
12127082302,3418,2935,483
12127082303,3978,3146,832
12127082401,3668,2906,762
12127082404,2824,2309,515
12127082405,4010,3434,576
12127082406,2491,2119,372
12127082410,6657,5547,1110
12127082411,3967,3630,337
12127082412,2826,2464,362
12127082413,3544,2779,765
12127082414,3710,3461,249
12127082415,2850,2402,448
12127082503,5859,4902,957
12127082506,4510,3897,613
12127082508,4796,3934,862
12127082509,4117,3358,759
12127082510,4016,3490,526
12127082511,2562,2165,397
12127082512,5334,4469,865
12127082513,1696,1304,392
12127082604,2703,2480,223
12127082605,3948,3751,197
12127082606,3364,3130,234
12127082607,2157,1975,182
12127082701,1898,1765,133
12127082703,3019,2763,256
12127082704,2326,2144,182
12127082705,2446,2251,195
12127082801,2473,2158,315
12127082802,4297,3862,435
12127082902,6151,5132,1019
12127082903,5831,4717,1114
12127082904,5201,4667,534
12127083003,6328,5570,758
12127083005,3683,3247,436
12127083006,6738,5548,1190
12127083007,4142,3344,798
12127083008,3964,3504,460
12127083009,3664,3042,622
12127083203,8182,6506,1676
12127083205,5162,4438,724
12127083206,3974,3602,372
12127083207,9319,7804,1515
12127083209,8412,7178,1234
12127083210,6440,5325,1115
12127083211,6400,5058,1342
12127090101,4655,3680,975
12127090102,3047,2423,624
12127090202,6719,5430,1289
12127090203,5228,4190,1038
12127090204,8759,6955,1804
12127090303,3035,2489,546
12127090304,4732,3899,833
12127090305,3917,3058,859
12127090306,8629,7141,1488
12127090307,7499,5876,1623
12127090401,1740,1457,283
12127090402,4040,3702,338
12127090500,2178,1887,291
12127090600,7015,5266,1749
12127090701,5566,4504,1062
12127090702,5272,4126,1146
12127090803,5465,4187,1278
12127090804,7435,5903,1532
12127090806,4756,3738,1018
12127090807,4378,3928,450
12127090808,1685,1382,303
12127090903,4886,4259,627
12127090904,6797,5407,1390
12127090905,7034,5583,1451
12127090906,3694,2986,708
12127091001,6534,5195,1339
12127091005,2040,1703,337
12127091015,5032,3995,1037
12127091016,6581,5175,1406
12127091017,3989,3197,792
12127091018,7654,5898,1756
12127091019,5696,4323,1373
12127091020,7297,5493,1804
12127091021,2900,2180,720
12127091023,3023,2436,587
12127091025,4658,3618,1040
12127091028,4925,3854,1071
12127091029,5129,4153,976
12127091030,2765,2178,587
12127091031,5467,4337,1130
12127091032,4075,3239,836
12127091033,4004,3116,888
12127091034,4030,3150,880
12127091035,3863,2932,931
12127091036,3334,2618,716
12127091037,3989,3178,811
12127091038,3748,2971,777
12127091039,3728,2969,759
12127092500,7388,6725,663
12129010101,2149,1688,461
12129010102,2991,2486,505
12129010204,4337,3239,1098
12129010205,5650,4211,1439
12129010206,3577,3423,154
12129010207,4915,3800,1115
12129010208,5250,4095,1155
12129010209,4895,3912,983
12131950102,3105,2485,620
12131950103,3031,2287,744
12131950104,3688,2892,796
12131950201,2169,1745,424
12131950202,4280,3641,639
12131950303,2681,2007,674
12131950304,3997,2992,1005
12131950305,3429,2648,781
12131950306,2484,1993,491
12131950400,2870,2257,613
12131950501,4569,3605,964
12131950502,7724,5980,1744
12131950604,5595,4466,1129
12131950605,6777,5092,1685
12131950606,2918,2413,505
12131950607,4780,3922,858
12131950608,2701,2305,396
12131950609,2683,2471,212
12131950610,4532,3629,903
12131950611,1292,1125,167
12133970102,1694,1296,398
12133970103,3521,2673,848
12133970104,3119,2346,773
12133970200,3655,2824,831
12133970301,2703,2189,514
12133970302,6467,5597,870
12133970303,4159,3249,910
13001950100,3018,2312,706
13001950201,2129,1618,511
13001950202,2159,1665,494
13001950301,3090,2323,767
13001950302,2421,1780,641
13001950400,1481,1157,324
13001950500,4146,3103,1043
13003960100,1924,1472,452
13003960200,4910,3571,1339
13003960300,1452,1086,366
13005970100,3017,2269,748
13005970201,4176,3061,1115
13005970202,3947,2980,967
13007960100,1936,1492,444
13007960200,940,783,157
13009970101,2386,1839,547
13009970102,2773,2249,524
13009970201,3744,2750,994
13009970202,3161,2583,578
13009970301,2659,2098,561
13009970302,3685,2929,756
13009970400,4120,3478,642
13009970501,3384,3021,363
13009970502,2650,2371,279
13009970600,3586,2797,789
13009970701,1889,1490,399
13009970702,1830,1447,383
13009970801,2748,2171,577
13009970802,5184,4509,675
13011970100,4798,3761,1037
13011970200,4932,3814,1118
13011970300,4619,3525,1094
13011970400,3686,2800,886
13013180103,5691,4364,1327
13013180104,2206,1713,493
13013180105,2822,2156,666
13013180106,2857,2199,658
13013180107,4312,3312,1000
13013180108,2987,2235,752
13013180203,3497,2517,980
13013180204,3191,2395,796
13013180205,5319,3948,1371
13013180206,3252,2466,786
13013180301,2604,1967,637
13013180302,6255,4830,1425
13013180303,5374,4059,1315
13013180401,6640,5032,1608
13013180402,6840,5074,1766
13013180501,8269,5682,2587
13013180502,4948,3616,1332
13013180503,6441,4630,1811
13015960101,1729,1328,401
13015960103,3596,2745,851
13015960104,3077,2395,682
13015960105,3600,2763,837
13015960201,3208,2414,794
13015960202,3607,2651,956
13015960203,4660,3541,1119
13015960301,3544,2753,791
13015960302,3538,2708,830
13015960403,4425,3442,983
13015960404,5604,4169,1435
13015960405,5024,3921,1103
13015960406,2947,2277,670
13015960407,2037,1580,457
13015960501,5513,4210,1303
13015960502,3003,2285,718
13015960601,6093,4734,1359
13015960602,4087,3081,1006
13015960701,4834,3619,1215
13015960702,3332,2687,645
13015960801,3441,2736,705
13015960802,3135,2403,732
13015960804,3649,2817,832
13015960805,2039,1692,347
13015960901,3342,2528,814
13015960902,7067,5424,1643
13015961001,5331,3967,1364
13015961002,3439,2700,739
13017960100,2375,1886,489
13017960200,1600,1251,349
13017960300,4037,2987,1050
13017960400,3656,2724,932
13017960501,1450,1092,358
13017960502,4076,3225,851
13019970100,1496,1135,361
13019970200,3493,2594,899
13019970300,2884,2265,619
13019970400,3241,2412,829
13019970500,3702,2797,905
13019970600,3344,2487,857
13021010100,1596,1149,447
13021010200,2195,1768,427
13021010400,1931,1543,388
13021010500,3215,2867,348
13021010800,1948,1826,122
13021011001,3748,2964,784
13021011002,1131,898,233
13021011100,1809,1400,409
13021011500,1010,721,289
13021011701,2351,1694,657
13021011702,4611,3424,1187
13021011800,3586,2773,813
13021011900,2131,1656,475
13021012000,4936,3865,1071
13021012101,2435,1931,504
13021012102,4929,3837,1092
13021012200,2483,1786,697
13021012400,4148,2995,1153
13021012500,3190,2318,872
13021012600,4026,3017,1009
13021012700,1843,1282,561
13021012800,2831,1908,923
13021012900,1702,1253,449
13021013101,5732,3713,2019
13021013102,4236,2955,1281
13021013201,5625,4004,1621
13021013202,2576,1845,731
13021013302,3996,2990,1006
13021013407,4885,3670,1215
13021013408,5179,4085,1094
13021013409,4252,3246,1006
13021013411,4792,3812,980
13021013412,4316,3481,835
13021013413,2834,2285,549
13021013502,1534,1181,353
13021013503,2235,1712,523
13021013505,4942,4034,908
13021013506,3998,3108,890
13021013603,4229,3447,782
13021013604,4987,3972,1015
13021013605,5711,4460,1251
13021013607,3092,2471,621
13021013608,3630,3027,603
13021013701,2211,2120,91
13021013702,1223,1009,214
13021013800,1608,1099,509
13021013900,2152,1643,509
13021014000,3586,2658,928
13023790100,4535,3525,1010
13023790200,2605,1966,639
13023790301,2491,1878,613
13023790302,2952,2244,708
13025960101,4169,3183,986
13025960102,2602,1973,629
13025960201,1811,1330,481
13025960202,4336,3309,1027
13025960300,5103,3897,1206
13027960200,1537,1236,301
13027960301,3437,2765,672
13027960302,2188,1705,483
13027960400,4018,2994,1024
13027960500,2570,2009,561
13027960600,2551,2038,513
13029920101,5580,4202,1378
13029920103,4437,3348,1089
13029920104,991,762,229
13029920301,1769,1347,422
13029920303,7522,5089,2433
13029920305,4928,3800,1128
13029920307,8631,5854,2777
13029920308,10880,7426,3454
13031110100,3648,2815,833
13031110201,3995,3080,915
13031110202,4586,3456,1130
13031110301,4125,3204,921
13031110302,6245,4889,1356
13031110401,5204,4404,800
13031110405,5231,4340,891
13031110406,2329,1838,491
13031110407,3871,3778,93
13031110408,3651,3425,226
13031110500,5210,4388,822
13031110602,4422,3179,1243
13031110603,3615,2891,724
13031110604,3157,2412,745
13031110701,5830,4564,1266
13031110702,3343,2327,1016
13031110703,2792,2000,792
13031110800,2521,1905,616
13031110901,3825,2892,933
13031110902,3499,2707,792
13033950101,3034,2348,686
13033950102,2701,2183,518
13033950200,3151,2398,753
13033950400,5100,3626,1474
13033950500,5697,4355,1342
13033950700,2992,2352,640
13033950900,1921,1516,405
13035150101,3565,2795,770
13035150102,4800,3788,1012
13035150201,5278,4113,1165
13035150202,3205,2484,721
13035150300,8586,7180,1406
13037950100,2760,2533,227
13037950200,2813,2154,659
13039010100,3234,2630,604
13039010201,2311,1794,517
13039010202,2707,2064,643
13039010302,4791,3568,1223
13039010303,3234,2456,778
13039010304,2617,1981,636
13039010305,1925,1485,440
13039010403,4236,3365,871
13039010404,5961,4103,1858
13039010405,6146,4485,1661
13039010406,1994,1502,492
13039010407,4575,3490,1085
13039010500,3387,2939,448
13039010602,1214,941,273
13039010603,2785,2300,485
13039010604,3651,2705,946
13043950100,4911,3703,1208
13043950200,3494,2607,887
13043950300,2576,1931,645
13045910101,6708,4908,1800
13045910103,5546,4122,1424
13045910105,4785,3545,1240
13045910106,5080,3804,1276
13045910201,3514,2606,908
13045910202,5944,4300,1644
13045910203,3722,2834,888
13045910301,3249,2448,801
13045910302,3332,2541,791
13045910400,3708,2879,829
13045910502,3290,2397,893
13045910503,4659,3720,939
13045910504,4683,4182,501
13045910600,6061,4552,1509
13045910704,4166,3229,937
13045910705,5332,3920,1412
13045910706,4318,3484,834
13045910707,4350,3331,1019
13045910708,3845,3021,824
13045910709,4741,3527,1214
13045910800,4131,3277,854
13045910900,3929,3025,904
13045911001,3394,2528,866
13045911002,3210,2373,837
13045911101,4186,3277,909
13045911102,3279,2548,731
13045911201,2840,2163,677
13045911202,3146,2455,691
13047030100,7465,5794,1671
13047030201,5196,3951,1245
13047030202,6444,5023,1421
13047030303,3168,2419,749
13047030304,3683,2740,943
13047030305,1998,1520,478
13047030306,5747,4288,1459
13047030402,6667,5101,1566
13047030403,5302,4037,1265
13047030404,2400,1890,510
13047030501,3022,2314,708
13047030502,3638,3023,615
13047030600,4990,3896,1094
13047030701,3739,2988,751
13047030702,4413,3464,949
13049010101,6051,5182,869
13049010102,3429,2603,826
13049010200,3038,2350,688
13051000601,4791,3992,799
13051001100,1818,1490,328
13051001200,2013,1167,846
13051002000,1770,1465,305
13051002100,2192,1850,342
13051002200,3979,3159,820
13051002300,1940,1491,449
13051002600,1505,1305,200
13051002700,2729,2283,446
13051002800,3389,2982,407
13051002900,2906,2418,488
13051003000,1954,1656,298
13051003301,1734,1345,389
13051003302,1581,1206,375
13051003400,4066,3383,683
13051003501,2662,2067,595
13051003502,3562,2798,764
13051003601,3350,2385,965
13051003602,4557,3516,1041
13051003700,1835,1394,441
13051003800,3002,2535,467
13051003900,3495,2724,771
13051004001,4218,3413,805
13051004002,3681,3005,676
13051004100,1893,1477,416
13051004207,3833,3005,828
13051004208,5123,4033,1090
13051004209,3223,2567,656
13051004210,4697,3604,1093
13051004211,4852,3853,999
13051004212,5568,4768,800
13051004300,2579,1708,871
13051004400,2164,1554,610
13051004500,3899,2998,901
13051010102,4422,3766,656
13051010200,4242,3267,975
13051010502,3174,2314,860
13051010503,2129,1631,498
13051010504,5002,4157,845
13051010601,4927,3801,1126
13051010603,2123,1689,434
13051010701,4032,3562,470
13051010702,6276,4547,1729
13051010703,6218,4544,1674
13051010704,4260,3653,607
13051010705,4020,2926,1094
13051010706,1788,1231,557
13051010707,3565,2545,1020
13051010801,3512,2765,747
13051010806,5724,4693,1031
13051010807,5908,4677,1231
13051010810,5233,4035,1198
13051010811,7026,5466,1560
13051010812,4920,4033,887
13051010813,4763,3808,955
13051010814,5018,3651,1367
13051010815,3563,2646,917
13051010816,2096,1674,422
13051010817,4418,3377,1041
13051010818,2189,1589,600
13051010819,3746,2722,1024
13051010820,2230,1865,365
13051010821,1934,1539,395
13051010901,3978,3060,918
13051011004,3607,2829,778
13051011005,5259,4475,784
13051011006,4119,3535,584
13051011007,2358,1806,552
13051011008,3872,3094,778
13051011104,5158,4182,976
13051011107,3143,2607,536
13051011108,3071,2405,666
13051011110,1725,1535,190
13051011111,1705,1588,117
13051011112,3524,2777,747
13051011113,3378,2711,667
13051011114,2499,1954,545
13051011115,3009,2486,523
13051011200,1827,1658,169
13051011300,2173,1823,350
13051011400,2059,1907,152
13051011500,2708,2239,469
13051011600,1944,1461,483
13051011700,4934,4265,669
13051011800,2164,1625,539
13051011900,2059,1924,135
13053020100,2578,1957,621
13053020201,2183,2017,166
13053020203,2076,1394,682
13053020205,2493,1603,890
13053020206,235,228,7
13055010100,2322,1843,479
13055010201,3093,2314,779
13055010202,3324,2480,844
13055010300,2888,2258,630
13055010401,2405,1868,537
13055010402,2746,2046,700
13055010501,2095,1859,236
13055010502,3575,2761,814
13055010600,2517,1987,530
13057090101,4224,3254,970
13057090102,5376,4100,1276
13057090103,2121,1582,539
13057090201,2455,1899,556
13057090202,6655,5580,1075
13057090301,5785,4160,1625
13057090302,2478,1934,544
13057090303,6645,5323,1322
13057090401,5566,4039,1527
13057090402,6801,5233,1568
13057090503,4680,3756,924
13057090504,5117,3706,1411
13057090505,5803,4272,1531
13057090506,4471,3470,1001
13057090507,2142,1690,452
13057090603,6216,4509,1707
13057090604,3555,2640,915
13057090605,3855,2649,1206
13057090606,4499,3559,940
13057090703,4699,3686,1013
13057090704,3777,2956,821
13057090705,2783,2164,619
13057090706,4843,3574,1269
13057090707,4423,3071,1352
13057090708,5280,3874,1406
13057090709,2724,1996,728
13057090710,3998,2922,1076
13057090805,5151,4059,1092
13057090806,4917,3656,1261
13057090807,7593,5288,2305
13057090808,6407,4898,1509
13057090809,4062,3282,780
13057090810,4509,3293,1216
13057090905,4743,3802,941
13057090906,6022,4609,1413
13057090907,5084,3921,1163
13057090908,5540,4142,1398
13057090909,6120,4687,1433
13057090910,5316,3881,1435
13057090911,5363,4026,1337
13057090912,4006,3060,946
13057091001,5810,4772,1038
13057091006,4873,3775,1098
13057091007,6534,4966,1568
13057091009,6559,5095,1464
13057091010,3094,2398,696
13057091011,4236,3251,985
13057091012,4264,3389,875
13057091013,4291,3408,883
13057091014,4400,3375,1025
13057091101,5872,4687,1185
13057091104,5916,4314,1602
13057091105,4941,3618,1323
13057091106,4832,3604,1228
13057091107,3233,2529,704
13057091108,1961,1545,416
13059000100,3167,2869,298
13059000401,1822,1638,184
13059000402,7400,7272,128
13059000600,2679,2360,319
13059000900,3661,2739,922
13059001200,3060,2479,581
13059001700,2034,1659,375
13059001800,2490,2068,422
13059001900,3591,2857,734
13059002000,1950,1613,337
13059002100,3870,3652,218
13059002200,2671,2298,373
13059030101,3029,2843,186
13059030102,3217,2448,769
13059030200,4734,3768,966
13059130300,5532,4012,1520
13059130400,6291,4905,1386
13059130500,2832,2294,538
13059130601,4022,3148,874
13059130602,2898,2478,420
13059130701,4011,3396,615
13059130702,2947,2461,486
13059140300,5151,3934,1217
13059140400,3537,2585,952
13059140500,2113,1572,541
13059140600,5036,3969,1067
13059150300,3861,3228,633
13059150400,5100,4574,526
13059150500,5285,4678,607
13059150600,4089,3522,567
13059150701,4928,3943,985
13059150702,1439,1188,251
13059150800,5939,4767,1172
13059150900,4285,3613,672
13061960300,2848,2246,602
13063040202,3013,2173,840
13063040203,4155,3026,1129
13063040204,5347,4071,1276
13063040302,5625,3956,1669
13063040306,4038,2742,1296
13063040307,4961,3601,1360
13063040308,4654,3597,1057
13063040309,3364,2477,887
13063040310,4217,3031,1186
13063040407,4940,3713,1227
13063040409,6243,4633,1610
13063040410,7889,5668,2221
13063040414,2121,1439,682
13063040416,4131,2879,1252
13063040417,5178,3665,1513
13063040418,2180,1733,447
13063040419,6061,4415,1646
13063040420,7536,5589,1947
13063040421,7666,5880,1786
13063040422,3315,2284,1031
13063040423,3764,2770,994
13063040424,3154,2418,736
13063040425,5268,3931,1337
13063040426,2726,2017,709
13063040427,5616,4212,1404
13063040509,4703,3676,1027
13063040510,3293,2334,959
13063040512,5197,3943,1254
13063040513,5425,4170,1255
13063040518,5541,3825,1716
13063040519,5034,3761,1273
13063040521,3329,2393,936
13063040522,5340,3970,1370
13063040523,2428,1875,553
13063040525,2967,2182,785
13063040527,4039,3077,962
13063040528,3315,2381,934
13063040529,3412,2525,887
13063040530,4238,3258,980
13063040531,2612,1986,626
13063040532,1597,1243,354
13063040533,4688,3485,1203
13063040534,3500,2534,966
13063040535,3766,2722,1044
13063040536,3340,2306,1034
13063040537,3905,2963,942
13063040538,2874,2092,782
13063040606,6221,4714,1507
13063040609,7187,5521,1666
13063040614,5542,4651,891
13063040615,2050,1524,526
13063040617,1574,1110,464
13063040623,5873,4120,1753
13063040624,2867,2181,686
13063040625,4840,3490,1350
13063040626,5209,3907,1302
13063040627,5261,3881,1380
13063040628,3650,2931,719
13063040629,2735,1905,830
13063040630,4332,3143,1189
13063040631,7439,5700,1739
13063040632,5140,3808,1332
13063040633,3313,2481,832
13063040634,3856,2631,1225
13063040635,2474,2047,427
13063040636,5184,3983,1201
13063040637,3227,2286,941
13063040638,3542,2793,749
13063040639,4374,3150,1224
13065970100,5118,3861,1257
13065970200,1631,1173,458
13067030104,4018,3143,875
13067030107,5151,3933,1218
13067030108,4979,3773,1206
13067030109,3547,2752,795
13067030110,4882,3744,1138
13067030111,4971,3914,1057
13067030112,3022,2362,660
13067030113,4124,3041,1083
13067030220,1785,1371,414
13067030233,4667,3493,1174
13067030235,5222,3913,1309
13067030236,5110,3654,1456
13067030240,5419,4290,1129
13067030241,3015,2409,606
13067030242,4367,3350,1017
13067030243,4621,3628,993
13067030244,4722,3491,1231
13067030245,3351,2477,874
13067030246,2386,2022,364
13067030247,5125,4446,679
13067030248,6922,6355,567
13067030249,4135,3195,940
13067030250,5586,4284,1302
13067030251,3226,2485,741
13067030252,5251,3881,1370
13067030253,3235,2404,831
13067030254,1989,1518,471
13067030255,4971,3904,1067
13067030256,4127,3297,830
13067030257,4286,3426,860
13067030258,2853,2394,459
13067030259,3540,2792,748
13067030260,2831,2150,681
13067030261,3643,2674,969
13067030262,4525,3354,1171
13067030263,3176,2541,635
13067030264,2635,1919,716
13067030265,3430,2496,934
13067030266,2796,2092,704
13067030267,3172,2266,906
13067030268,3657,2644,1013
13067030269,3407,2652,755
13067030270,3587,2662,925
13067030271,2998,2183,815
13067030272,2591,2034,557
13067030273,3565,2787,778
13067030274,4148,3224,924
13067030275,2192,1847,345
13067030276,3208,2397,811
13067030277,3552,2549,1003
13067030278,3598,3040,558
13067030319,4785,3556,1229
13067030322,3628,2706,922
13067030324,3670,2780,890
13067030326,4662,3475,1187
13067030327,5098,3786,1312
13067030329,4751,3625,1126
13067030331,6243,4601,1642
13067030332,3189,2334,855
13067030334,3561,2648,913
13067030335,5399,3964,1435
13067030337,4943,3648,1295
13067030340,3979,2913,1066
13067030341,4877,3600,1277
13067030342,5022,3677,1345
13067030343,4926,3609,1317
13067030344,3702,3071,631
13067030345,7193,6321,872
13067030346,3587,2781,806
13067030347,4885,3711,1174
13067030348,5013,3901,1112
13067030349,3519,2885,634
13067030350,2473,1861,612
13067030351,2887,2146,741
13067030352,5308,4031,1277
13067030353,3185,2852,333
13067030354,4755,3494,1261
13067030355,1929,1793,136
13067030356,4425,4076,349
13067030357,2477,1829,648
13067030358,3952,2864,1088
13067030359,4434,3351,1083
13067030360,2370,1757,613
13067030361,3670,2894,776
13067030362,3173,2532,641
13067030363,3240,2577,663
13067030364,3061,2339,722
13067030365,3426,2614,812
13067030366,3157,2246,911
13067030367,2865,2077,788
13067030368,2946,2164,782
13067030369,3662,2582,1080
13067030370,4222,3050,1172
13067030405,6414,5178,1236
13067030407,5036,3938,1098
13067030408,3708,2914,794
13067030409,3654,2778,876
13067030410,5114,4079,1035
13067030411,2317,1779,538
13067030412,4612,3627,985
13067030413,6069,4674,1395
13067030414,3341,2628,713
13067030505,6234,4932,1302
13067030506,4672,3801,871
13067030507,5253,4097,1156
13067030508,3439,2614,825
13067030509,3768,3039,729
13067030510,1832,1417,415
13067030511,4663,3621,1042
13067030602,7532,6162,1370
13067030603,6162,4874,1288
13067030604,4119,3335,784
13067030700,4728,3719,1009
13067030800,5617,4861,756
13067030906,3997,3163,834
13067030907,4047,3163,884
13067030908,4168,3036,1132
13067030909,2874,2470,404
13067030910,3540,2538,1002
13067030911,3210,2323,887
13067030912,6353,4869,1484
13067031001,5383,3838,1545
13067031004,8711,6105,2606
13067031005,5537,4078,1459
13067031006,4388,3158,1230
13067031007,5007,3784,1223
13067031101,5627,4242,1385
13067031110,3045,2377,668
13067031111,3440,3005,435
13067031112,5763,4359,1404
13067031113,1396,1145,251
13067031114,6880,5757,1123
13067031115,4645,3610,1035
13067031116,4764,3587,1177
13067031117,5691,4257,1434
13067031118,5993,4432,1561
13067031119,4172,3211,961
13067031120,4408,3546,862
13067031121,2788,2463,325
13067031122,2960,2361,599
13067031207,5182,4738,444
13067031209,4719,3603,1116
13067031212,2456,2020,436
13067031213,2532,2128,404
13067031214,3575,2940,635
13067031215,4724,3976,748
13067031216,2835,2302,533
13067031217,4098,3340,758
13067031218,2206,2006,200
13067031219,2028,1758,270
13067031220,2878,2469,409
13067031221,3488,2737,751
13067031306,4176,3162,1014
13067031308,5287,3916,1371
13067031314,5262,4071,1191
13067031315,4934,3554,1380
13067031316,5793,4305,1488
13067031317,4489,3443,1046
13067031318,4608,3293,1315
13067031319,5260,3852,1408
13067031320,4536,3220,1316
13067031321,2521,1645,876
13067031322,5129,3727,1402
13067031323,2909,2218,691
13067031324,3972,3133,839
13067031325,2227,1825,402
13067031409,6348,4761,1587
13067031410,4700,3520,1180
13067031411,4229,3229,1000
13067031412,4666,3578,1088
13067031413,3698,2817,881
13067031414,4220,3390,830
13067031415,2671,2022,649
13067031416,4186,3147,1039
13067031417,2676,2013,663
13067031506,5991,4537,1454
13067031507,3549,2711,838
13067031510,3572,2619,953
13067031511,5638,4321,1317
13067031512,5440,4153,1287
13067031513,4261,3203,1058
13067031514,2752,2070,682
13067031515,4123,3144,979
13067031516,2471,1858,613
13067031517,3661,2852,809
13067031518,2837,2205,632
13069010100,3510,2652,858
13069010200,2974,2257,717
13069010301,2211,1613,598
13069010302,3484,3186,298
13069010401,2797,1996,801
13069010402,2751,2011,740
13069010500,4223,3160,1063
13069010600,5733,4273,1460
13069010701,4042,3135,907
13069010702,2003,1385,618
13069010801,4928,3539,1389
13069010802,4436,3212,1224
13071970101,3034,2210,824
13071970102,2305,1745,560
13071970200,2719,2078,641
13071970301,2395,1674,721
13071970302,3038,2207,831
13071970400,3592,2652,940
13071970500,3223,2487,736
13071970601,2795,2106,689
13071970602,3963,2873,1090
13071970702,2291,1676,615
13071970703,4586,3480,1106
13071970704,2932,2294,638
13071970800,3092,2297,795
13071970901,2665,2059,606
13071970902,3268,2355,913
13073030103,3563,2847,716
13073030105,5828,4305,1523
13073030106,3645,2740,905
13073030107,3591,2604,987
13073030108,7128,5562,1566
13073030201,6257,5071,1186
13073030202,2819,2197,622
13073030203,5938,4553,1385
13073030304,11526,7980,3546
13073030306,7028,5055,1973
13073030307,6697,5202,1495
13073030308,11630,8143,3487
13073030310,3748,2678,1070
13073030311,5364,4215,1149
13073030312,7364,5472,1892
13073030313,4410,3433,977
13073030401,2881,2366,515
13073030403,12356,8505,3851
13073030404,1957,1465,492
13073030503,12020,8557,3463
13073030504,3947,2917,1030
13073030505,8535,6134,2401
13073030507,7055,4844,2211
13073030508,6400,4724,1676
13073030603,4323,3254,1069
13075960100,2034,1625,409
13075960200,3695,2832,863
13075960301,3276,2344,932
13075960302,3625,2692,933
13075960400,4599,3445,1154
13077170101,1957,1502,455
13077170102,5467,4338,1129
13077170200,7444,5718,1726
13077170303,6274,4745,1529
13077170304,6830,5348,1482
13077170307,7414,5668,1746
13077170308,5633,4320,1313
13077170309,4978,3893,1085
13077170310,4505,3541,964
13077170403,5301,3846,1455
13077170404,5502,4314,1188
13077170405,7418,5746,1672
13077170406,3903,2916,987
13077170407,1348,959,389
13077170408,7537,5777,1760
13077170501,7251,5655,1596
13077170502,7343,5371,1972
13077170503,7795,5872,1923
13077170603,6337,4727,1610
13077170604,4134,2914,1220
13077170605,3846,2696,1150
13077170606,4967,3635,1332
13077170607,4156,3215,941
13077170701,3884,2974,910
13077170702,3773,2878,895
13077170801,5900,4495,1405
13077170802,5261,4092,1169
13079070100,3271,2669,602
13079070201,5843,4594,1249
13079070202,3016,2343,673
13081010100,3590,2743,847
13081010201,4580,3581,999
13081010202,2561,1884,677
13081010300,3047,2407,640
13081010400,5029,3867,1162
13081010500,1321,1088,233
13083040102,3586,2799,787
13083040103,2609,2052,557
13083040104,2077,1681,396
13083040200,4269,3302,967
13083040300,3710,3153,557
13085970101,1686,1588,98
13085970102,4824,3730,1094
13085970103,2842,2251,591
13085970203,4518,3761,757
13085970204,3930,3165,765
13085970205,4037,3073,964
13085970206,4961,3873,1088
13087970100,3361,2671,690
13087970200,2749,2194,555
13087970301,3283,2470,813
13087970302,4237,3223,1014
13087970400,5231,3838,1393
13087970600,6389,4797,1592
13087970700,1805,1472,333
13087970800,2312,1778,534
13089020100,2140,1557,583
13089020200,2202,1857,345
13089020300,4036,2944,1092
13089020400,2555,2038,517
13089020500,3384,2972,412
13089020600,2843,2210,633
13089020700,2536,2075,461
13089020801,2673,2126,547
13089020802,4226,3214,1012
13089020901,3456,2937,519
13089020902,2752,2242,510
13089021101,3990,2792,1198
13089021103,5106,4380,726
13089021104,2138,1955,183
13089021204,4205,2876,1329
13089021208,4349,3665,684
13089021210,6109,4429,1680
13089021211,4897,3913,984
13089021213,3529,2560,969
13089021217,2701,2028,673
13089021219,4308,3207,1101
13089021220,3258,2575,683
13089021221,2613,2104,509
13089021222,4325,3599,726
13089021223,2405,1691,714
13089021224,3824,3214,610
13089021225,2131,1839,292
13089021226,3267,2812,455
13089021227,5766,4429,1337
13089021228,3094,2274,820
13089021229,3006,2116,890
13089021230,4448,3453,995
13089021301,4101,3140,961
13089021305,5526,3784,1742
13089021306,6076,4570,1506
13089021307,3951,3040,911
13089021308,4380,3324,1056
13089021309,2099,1482,617
13089021310,4272,3218,1054
13089021405,4949,3856,1093
13089021409,3464,2608,856
13089021410,5204,3996,1208
13089021411,3768,3074,694
13089021412,4050,2891,1159
13089021415,4175,3588,587
13089021416,2278,1797,481
13089021417,4310,3327,983
13089021418,2477,1798,679
13089021419,2420,2049,371
13089021420,2163,1420,743
13089021421,2517,1647,870
13089021502,5503,5040,463
13089021503,4308,3342,966
13089021505,3394,2895,499
13089021506,3264,2980,284
13089021602,4147,3372,775
13089021604,3400,2578,822
13089021606,3615,3029,586
13089021607,1947,1758,189
13089021608,4342,3521,821
13089021609,2212,1577,635
13089021703,4834,3816,1018
13089021707,2953,2221,732
13089021708,3584,2849,735
13089021709,3286,2678,608
13089021710,3139,2451,688
13089021711,2903,2233,670
13089021712,2744,2404,340
13089021808,5069,3800,1269
13089021812,2477,1982,495
13089021813,2771,2109,662
13089021815,4095,3060,1035
13089021816,2844,2219,625
13089021817,2097,1635,462
13089021818,4781,3768,1013
13089021819,3523,2884,639
13089021820,2367,2049,318
13089021821,3203,2528,675
13089021822,3837,3194,643
13089021823,3633,2940,693
13089021824,2812,2028,784
13089021906,5628,4167,1461
13089021908,5528,4108,1420
13089021910,5841,4543,1298
13089021911,2382,1712,670
13089021912,3613,3081,532
13089021913,4854,3605,1249
13089021914,4343,3347,996
13089021915,4869,3963,906
13089021916,3616,2565,1051
13089021917,3643,2732,911
13089022001,4571,3717,854
13089022005,5047,3634,1413
13089022007,4431,2973,1458
13089022010,2485,1742,743
13089022011,4744,3078,1666
13089022012,4310,2669,1641
13089022013,3790,2617,1173
13089022014,2667,1795,872
13089022015,2109,1597,512
13089022016,3612,2713,899
13089022100,4176,3103,1073
13089022203,2435,2114,321
13089022205,3579,2850,729
13089022206,4097,3449,648
13089022302,4538,3715,823
13089022303,3236,2791,445
13089022304,3214,2726,488
13089022401,4498,3943,555
13089022403,4119,3202,917
13089022404,4108,4069,39
13089022405,2788,2644,144
13089022501,3960,2978,982
13089022502,2861,2041,820
13089022601,4788,3816,972
13089022602,2475,1672,803
13089022700,5425,3542,1883
13089022800,4297,3014,1283
13089022900,4544,3682,862
13089023000,2182,1780,402
13089023101,4281,3587,694
13089023102,3289,2637,652
13089023107,4482,3636,846
13089023108,4429,3479,950
13089023111,1870,1448,422
13089023112,3480,2783,697
13089023113,2985,2464,521
13089023114,2948,2291,657
13089023115,1395,1385,10
13089023209,5582,4222,1360
13089023211,3324,2638,686
13089023212,3766,2930,836
13089023213,5754,4593,1161
13089023214,6326,4728,1598
13089023215,4638,3608,1030
13089023216,3473,2759,714
13089023217,3907,3062,845
13089023218,3011,2380,631
13089023219,3689,2844,845
13089023220,3703,2843,860
13089023221,3064,2374,690
13089023222,3591,2653,938
13089023311,4300,3356,944
13089023313,4933,3703,1230
13089023315,6559,5016,1543
13089023317,3844,2800,1044
13089023318,3870,2860,1010
13089023319,3296,2618,678
13089023320,3558,2643,915
13089023321,4141,2945,1196
13089023322,3004,2334,670
13089023323,3792,2914,878
13089023324,3391,2720,671
13089023325,4928,3908,1020
13089023326,3292,2397,895
13089023327,6024,4457,1567
13089023328,4641,3463,1178
13089023329,4318,3380,938
13089023330,2918,2217,701
13089023331,3577,2685,892
13089023332,2698,2101,597
13089023410,5135,3863,1272
13089023411,3856,3161,695
13089023413,3482,2889,593
13089023422,5786,4428,1358
13089023424,5366,4111,1255
13089023425,6142,4887,1255
13089023426,4604,3685,919
13089023427,2947,2328,619
13089023429,3745,2620,1125
13089023430,5543,3934,1609
13089023431,2032,1579,453
13089023432,4092,3216,876
13089023433,4186,3163,1023
13089023434,4621,3375,1246
13089023435,1973,1600,373
13089023436,3166,2401,765
13089023437,6527,5154,1373
13089023438,5508,3989,1519
13089023439,3334,2401,933
13089023440,4897,3897,1000
13089023441,3713,2919,794
13089023442,3946,3127,819
13089023443,5716,4341,1375
13089023444,2270,1770,500
13089023445,4218,3444,774
13089023446,1888,1452,436
13089023447,2643,2261,382
13089023448,3816,2942,874
13089023501,3259,2664,595
13089023504,3349,2585,764
13089023505,2627,2200,427
13089023506,6170,4990,1180
13089023507,4396,3449,947
13089023601,2756,2336,420
13089023602,2352,1995,357
13089023603,3317,2708,609
13089023701,2640,2214,426
13089023702,3811,2837,974
13089023801,4510,3867,643
13089023802,4045,3258,787
13089023803,4988,4254,734
13091960100,2870,2467,403
13091960200,3407,2619,788
13091960301,3471,2675,796
13091960302,2601,2027,574
13091960400,4174,3295,879
13091960500,1802,1358,444
13091960600,1600,1268,332
13093970100,4608,4009,599
13093970200,1369,1104,265
13093970300,5231,4074,1157
13095000101,2196,1555,641
13095000102,2756,1933,823
13095000200,2496,1782,714
13095000400,5799,4536,1263
13095000501,4643,3658,985
13095000502,4189,3360,829
13095000600,3021,2354,667
13095000700,1768,1404,364
13095000800,1090,797,293
13095000900,2145,1608,537
13095001000,2460,1957,503
13095001100,5606,4302,1304
13095001403,2390,1767,623
13095001500,2042,1532,510
13095010302,4867,3600,1267
13095010401,6508,5172,1336
13095010402,3567,2600,967
13095010403,1922,1512,410
13095010500,1826,1499,327
13095010601,2269,1734,535
13095010602,3479,2669,810
13095010701,2992,2137,855
13095010702,2865,2426,439
13095010900,1477,1157,320
13095011000,2869,2320,549
13095011200,3108,2424,684
13095011300,2456,2104,352
13095011400,1170,932,238
13095011600,1814,1435,379
13097080104,4869,3812,1057
13097080105,3235,2426,809
13097080106,3868,2843,1025
13097080107,3309,2624,685
13097080201,5422,4150,1272
13097080203,5404,4155,1249
13097080204,3508,2679,829
13097080303,4424,3199,1225
13097080304,5469,4433,1036
13097080305,5514,3925,1589
13097080306,4189,2964,1225
13097080307,3985,2774,1211
13097080403,4658,3528,1130
13097080405,5755,4409,1346
13097080406,3716,2845,871
13097080407,6207,4562,1645
13097080408,3493,2591,902
13097080505,4408,3430,978
13097080506,5903,4504,1399
13097080507,3766,2812,954
13097080508,5888,4490,1398
13097080509,6531,4891,1640
13097080512,4479,3374,1105
13097080513,3217,2352,865
13097080514,4145,3030,1115
13097080515,5824,4189,1635
13097080602,5736,4408,1328
13097080605,3887,2993,894
13097080606,5602,4098,1504
13097080607,4478,3429,1049
13097080608,3348,2509,839
13099090100,1234,982,252
13099090200,2788,2018,770
13099090300,1420,1155,265
13099090400,3686,2754,932
13099090500,1726,1406,320
13101880100,1611,1190,421
13101880200,2086,1519,567
13103030100,3510,2702,808
13103030204,4585,3272,1313
13103030205,3517,2487,1030
13103030206,2842,2158,684
13103030207,2595,1978,617
13103030208,4181,3005,1176
13103030209,2937,2224,713
13103030301,7951,5492,2459
13103030303,2587,1946,641
13103030306,3142,2412,730
13103030307,5076,3590,1486
13103030308,4777,3486,1291
13103030309,3869,2864,1005
13103030401,5204,3954,1250
13103030403,4458,3254,1204
13103030404,3538,2471,1067
13105000100,3574,2802,772
13105000200,2933,2339,594
13105000300,3720,2916,804
13105000400,3993,3040,953
13105000501,1816,1440,376
13105000502,3601,2956,645
13107970101,3766,2916,850
13107970102,1626,1202,424
13107970200,1717,1345,372
13107970300,4071,2959,1112
13107970401,3391,2615,776
13107970402,1539,1198,341
13107970500,1379,1075,304
13107970601,2494,1836,658
13107970602,2785,2174,611
13109970100,2952,2176,776
13109970200,3836,2963,873
13109970300,3986,2988,998
13111050100,3873,3257,616
13111050200,6875,5538,1337
13111050300,2457,2104,353
13111050400,6943,5816,1127
13111050500,5171,4473,698
13113140102,5722,4634,1088
13113140103,2299,1754,545
13113140104,5940,4779,1161
13113140203,6367,4916,1451
13113140204,5785,4335,1450
13113140206,4725,3659,1066
13113140207,5717,4525,1192
13113140209,2634,1956,678
13113140210,7628,5700,1928
13113140303,4563,3527,1036
13113140304,6355,4807,1548
13113140305,5290,3920,1370
13113140307,5550,3932,1618
13113140308,2447,1854,593
13113140309,5125,3906,1219
13113140403,5777,4706,1071
13113140404,6969,5532,1437
13113140405,4182,3185,997
13113140406,3964,3056,908
13113140408,3254,2508,746
13113140409,3785,2951,834
13113140410,4621,3630,991
13113140501,6778,5150,1628
13113140502,3717,2876,841
13115000100,4579,3641,938
13115000202,3956,3208,748
13115000203,3116,2394,722
13115000204,3899,3009,890
13115000300,2728,2520,208
13115000401,2595,1972,623
13115000402,1389,1150,239
13115000403,4083,2937,1146
13115000500,3740,2546,1194
13115000600,4549,3478,1071
13115000700,5173,4032,1141
13115000800,4906,3934,972
13115000900,2336,1770,566
13115001100,2749,2205,544
13115001200,5596,4111,1485
13115001301,2760,1948,812
13115001302,3775,2839,936
13115001400,6408,4844,1564
13115001600,3232,2358,874
13115001703,3427,2695,732
13115001704,2900,2309,591
13115001705,4616,3611,1005
13115001706,1878,1519,359
13115001800,4709,3640,1069
13115002000,4732,3805,927
13115002100,4753,3820,933
13117130101,4403,3296,1107
13117130102,2790,2084,706
13117130103,4781,3627,1154
13117130104,4453,3485,968
13117130105,2578,1890,688
13117130201,5186,3605,1581
13117130202,5997,4254,1743
13117130203,5505,4028,1477
13117130204,6673,4557,2116
13117130205,6516,4707,1809
13117130301,6081,4331,1750
13117130302,9344,6491,2853
13117130303,4077,3110,967
13117130304,6811,4870,1941
13117130305,6994,4805,2189
13117130306,5407,3994,1413
13117130307,6706,4738,1968
13117130406,7808,5585,2223
13117130409,3464,2719,745
13117130410,8922,6671,2251
13117130411,2796,2123,673
13117130412,3328,2437,891
13117130413,3251,2472,779
13117130414,4837,3292,1545
13117130415,3791,2850,941
13117130503,2855,2272,583
13117130504,3828,3093,735
13117130505,2833,2376,457
13117130506,3454,2719,735
13117130507,3167,2572,595
13117130508,5519,4087,1432
13117130509,3807,2998,809
13117130511,5075,3501,1574
13117130512,4383,2917,1466
13117130601,6646,4670,1976
13117130602,6062,4188,1874
13117130603,8449,6153,2296
13117130604,5084,3465,1619
13117130605,4745,3507,1238
13117130606,5288,3869,1419
13117130607,9066,6001,3065
13117130608,6573,4645,1928
13117130609,6898,4442,2456
13117130610,6518,4585,1933
13117130611,4809,3339,1470
13117130613,6457,4572,1885
13117130614,3820,2701,1119
13117130615,3448,2500,948
13119890101,3991,2959,1032
13119890103,2425,1979,446
13119890104,1724,1365,359
13119890201,3178,2541,637
13119890202,2980,2315,665
13119890300,3463,2689,774
13119890401,2098,1622,476
13119890402,3565,2837,728
13121000100,5679,4293,1386
13121000201,2751,2293,458
13121000202,3316,2506,810
13121000400,1865,1687,178
13121000501,4281,4042,239
13121000502,1959,1517,442
13121000601,4243,4045,198
13121000602,3288,3144,144
13121000700,3500,3252,248
13121001001,4895,4682,213
13121001002,7010,6904,106
13121001101,3523,3409,114
13121001102,3997,3822,175
13121001203,2028,1952,76
13121001204,2127,2035,92
13121001205,2615,2455,160
13121001206,4296,4141,155
13121001301,2299,2125,174
13121001302,2179,1865,314
13121001400,2504,2218,286
13121001501,2445,2238,207
13121001502,2364,1960,404
13121001600,2460,2246,214
13121001701,2204,1712,492
13121001702,3531,3373,158
13121001801,2037,1939,98
13121001802,2474,2244,230
13121001901,2227,2120,107
13121001902,2258,2014,244
13121002100,2521,2159,362
13121002300,1225,942,283
13121002400,2504,1899,605
13121002500,2273,1766,507
13121002600,1123,866,257
13121002801,4441,4338,103
13121002802,3462,3332,130
13121002900,2553,2352,201
13121003000,4058,3555,503
13121003100,2250,2014,236
13121003200,2426,2213,213
13121003500,4258,4189,69
13121003600,902,805,97
13121003700,191,178,13
13121003800,3456,3350,106
13121003900,1756,1401,355
13121004000,2325,1843,482
13121004100,1949,1601,348
13121004200,2443,2051,392
13121004300,2475,2269,206
13121004400,2667,1844,823
13121004800,1175,961,214
13121004900,2871,2315,556
13121005000,3366,3017,349
13121005200,4719,3695,1024
13121005300,4165,3224,941
13121005501,2505,1881,624
13121005503,1786,1153,633
13121005504,1235,964,271
13121005700,1550,1173,377
13121005800,1528,1274,254
13121006000,3140,2584,556
13121006100,3269,2695,574
13121006200,1253,947,306
13121006300,1757,1381,376
13121006400,902,714,188
13121006500,3697,3002,695
13121006601,2034,1705,329
13121006602,1050,766,284
13121006701,2090,1511,579
13121006702,1862,1486,376
13121006801,2297,2293,4
13121006802,1384,663,721
13121006900,3733,2961,772
13121007001,4055,2981,1074
13121007002,2871,2095,776
13121007100,2267,1587,680
13121007200,1968,1397,571
13121007301,4435,3122,1313
13121007302,3031,2132,899
13121007400,3141,2376,765
13121007500,3447,2682,765
13121007602,2309,1847,462
13121007603,3979,3119,860
13121007604,3191,2253,938
13121007703,3869,3001,868
13121007705,3969,3074,895
13121007707,2225,1760,465
13121007708,3283,2356,927
13121007709,4211,3181,1030
13121007710,2891,2217,674
13121007711,2550,2013,537
13121007805,3780,2939,841
13121007806,5390,4173,1217
13121007807,2619,1892,727
13121007808,3749,2288,1461
13121007809,4380,3527,853
13121007810,4498,3306,1192
13121007900,5067,4238,829
13121008000,4672,3763,909
13121008103,4361,3236,1125
13121008104,3413,2642,771
13121008202,2031,1489,542
13121008203,2520,1952,568
13121008204,3260,2610,650
13121008301,2524,1896,628
13121008302,1657,1323,334
13121008400,2865,2253,612
13121008500,2818,2086,732
13121008601,4993,3456,1537
13121008602,1413,985,428
13121008701,3333,2454,879
13121008702,2287,1789,498
13121008801,2654,1986,668
13121008802,3689,2723,966
13121008903,2419,1985,434
13121008905,5536,5117,419
13121008906,2247,1693,554
13121008907,3065,2654,411
13121008908,2272,1999,273
13121008909,1641,1301,340
13121009001,2611,2271,340
13121009002,2981,1938,1043
13121009103,3261,3020,241
13121009104,2830,2659,171
13121009105,1220,912,308
13121009106,2170,1993,177
13121009201,1873,1495,378
13121009202,2733,2403,330
13121009203,2762,2469,293
13121009301,2835,2371,464
13121009302,2276,1930,346
13121009405,4332,4055,277
13121009406,2380,2099,281
13121009407,964,890,74
13121009408,1861,1754,107
13121009409,1639,1398,241
13121009410,1883,1645,238
13121009411,2657,2294,363
13121009501,4580,3752,828
13121009503,2010,1927,83
13121009504,3330,2955,375
13121009601,2979,2679,300
13121009604,4112,3555,557
13121009605,2667,2532,135
13121009606,1511,1147,364
13121009607,4709,4363,346
13121009700,4580,3460,1120
13121009802,4154,3146,1008
13121009803,3062,2568,494
13121009804,2514,1688,826
13121009900,5509,4182,1327
13121010003,3963,3444,519
13121010004,1712,1219,493
13121010005,3728,2643,1085
13121010006,4688,4473,215
13121010007,1914,1585,329
13121010106,4280,3501,779
13121010107,1859,1550,309
13121010108,3935,3252,683
13121010115,2797,2336,461
13121010117,3812,3117,695
13121010120,2492,2132,360
13121010121,2518,2237,281
13121010124,1726,1387,339
13121010125,3251,2673,578
13121010126,2681,2209,472
13121010127,2557,2115,442
13121010128,1501,1132,369
13121010129,4590,3873,717
13121010130,4524,3721,803
13121010131,2354,1892,462
13121010132,3301,2813,488
13121010133,5923,5304,619
13121010134,2397,1955,442
13121010135,2566,1916,650
13121010136,3422,2598,824
13121010137,3464,2853,611
13121010204,5113,3779,1334
13121010211,3373,2477,896
13121010212,5782,4195,1587
13121010213,1113,930,183
13121010214,1938,1755,183
13121010215,1869,1600,269
13121010216,3577,2901,676
13121010217,2422,1965,457
13121010218,2010,1771,239
13121010219,2443,2079,364
13121010220,4717,3731,986
13121010221,2154,1787,367
13121010222,2671,2054,617
13121010223,3189,2608,581
13121010305,4307,3457,850
13121010306,5156,3862,1294
13121010307,5425,4138,1287
13121010308,5787,4337,1450
13121010309,3685,2905,780
13121010310,4901,3759,1142
13121010311,4615,3353,1262
13121010312,3336,2723,613
13121010313,3931,3051,880
13121010314,2161,1613,548
13121010315,5387,3964,1423
13121010401,4589,3438,1151
13121010402,3831,3166,665
13121010508,3738,2951,787
13121010517,5335,3856,1479
13121010518,3897,2991,906
13121010519,4472,3407,1065
13121010520,5652,4327,1325
13121010521,2215,1751,464
13121010522,5467,3949,1518
13121010523,1988,1442,546
13121010524,3035,2210,825
13121010525,2753,1940,813
13121010526,6894,5002,1892
13121010527,5847,4134,1713
13121010528,4398,3161,1237
13121010529,6290,4729,1561
13121010530,2804,2079,725
13121010531,3166,2396,770
13121010532,3765,2819,946
13121010533,2201,1649,552
13121010534,3847,3028,819
13121010535,3129,2395,734
13121010536,3887,2876,1011
13121010537,3821,2761,1060
13121010538,3181,2520,661
13121010539,3927,2876,1051
13121010540,3800,2745,1055
13121010601,3064,2468,596
13121010603,3466,2597,869
13121010604,3372,2602,770
13121010801,2637,2152,485
13121010802,3916,2905,1011
13121011000,3085,2203,882
13121011100,2524,2174,350
13121011202,4989,3923,1066
13121011203,2498,1915,583
13121011204,1620,1208,412
13121011301,4508,3712,796
13121011306,3371,2481,890
13121011307,4631,3345,1286
13121011308,1396,1061,335
13121011309,3655,3102,553
13121011310,5137,3834,1303
13121011416,5612,4302,1310
13121011417,5115,4044,1071
13121011419,5798,4662,1136
13121011421,3933,2997,936
13121011422,3746,2979,767
13121011423,5484,4001,1483
13121011424,5435,4242,1193
13121011426,2432,1805,627
13121011428,2776,2191,585
13121011429,5546,4113,1433
13121011430,4338,3091,1247
13121011431,1970,1361,609
13121011432,4784,3823,961
13121011433,3034,2304,730
13121011434,3209,2475,734
13121011435,4271,3369,902
13121011436,3190,2571,619
13121011437,2911,2406,505
13121011438,4399,3500,899
13121011439,4138,3224,914
13121011440,2352,1908,444
13121011441,3919,3106,813
13121011442,2344,1907,437
13121011443,3303,2347,956
13121011444,3756,2865,891
13121011445,3158,2533,625
13121011446,3428,2532,896
13121011505,4316,3156,1160
13121011507,4947,3280,1667
13121011508,4262,3017,1245
13121011509,2501,1865,636
13121011510,6164,4320,1844
13121011511,2794,1959,835
13121011512,2968,2235,733
13121011513,3450,2560,890
13121011514,3589,2692,897
13121011515,2531,1769,762
13121011612,3462,2738,724
13121011618,4647,3406,1241
13121011624,4015,2929,1086
13121011627,4418,3379,1039
13121011628,2857,2003,854
13121011629,4712,3505,1207
13121011630,4262,3104,1158
13121011631,4542,3416,1126
13121011632,3641,2631,1010
13121011633,4008,2938,1070
13121011634,2721,2052,669
13121011635,4075,2964,1111
13121011636,2134,1573,561
13121011637,2836,2238,598
13121011638,4709,3519,1190
13121011639,1952,1650,302
13121011640,5189,4355,834
13121011641,4291,3094,1197
13121011642,3559,2848,711
13121011643,4671,3702,969
13121011644,3686,2803,883
13121011645,4220,3128,1092
13121011646,3059,2496,563
13121011647,5160,4040,1120
13121011648,2898,2123,775
13121011649,5387,3984,1403
13121011650,4094,2984,1110
13121011651,2299,1667,632
13121011652,3372,2406,966
13121011653,3753,2865,888
13121011654,2794,2151,643
13121011655,2977,2286,691
13121011656,4213,3125,1088
13121011657,3082,2228,854
13121011658,3931,2979,952
13121011659,2824,2072,752
13121011660,4431,3372,1059
13121011661,2187,1626,561
13121011801,1322,1242,80
13121011802,1370,1106,264
13121011901,1859,1695,164
13121011902,1377,1176,201
13121012000,3408,2702,706
13121012300,2777,2304,473
13123080100,4337,3718,619
13123080200,5693,4803,890
13123080301,2457,1924,533
13123080302,4221,3164,1057
13123080401,3164,2408,756
13123080402,4274,3493,781
13123080403,2832,2339,493
13123080500,4375,3568,807
13125010100,2884,2236,648
13127000101,1200,1082,118
13127000103,2040,1856,184
13127000104,1262,1073,189
13127000201,1762,1485,277
13127000202,3350,2834,516
13127000301,878,800,78
13127000302,2877,2413,464
13127000303,3612,3030,582
13127000403,3470,2725,745
13127000405,2071,1592,479
13127000406,6160,4704,1456
13127000407,4242,3334,908
13127000408,3783,2907,876
13127000409,2777,2111,666
13127000501,4900,4023,877
13127000503,3857,3045,812
13127000504,3769,2902,867
13127000601,3827,2875,952
13127000602,1893,1536,357
13127000701,3054,2449,605
13127000702,4889,3639,1250
13127000800,3654,2522,1132
13127000900,3746,2738,1008
13127001001,5063,4108,955
13127001002,6363,4685,1678
13129970101,3167,2316,851
13129970102,3134,2482,652
13129970201,2827,2206,621
13129970202,3871,3003,868
13129970301,4563,3430,1133
13129970302,4782,3526,1256
13129970400,5160,3924,1236
13129970500,4751,3553,1198
13129970601,3028,2290,738
13129970602,3751,2723,1028
13129970700,4728,3627,1101
13129970801,4037,3031,1006
13129970802,2275,1724,551
13129970901,4454,3288,1166
13129970902,3016,2377,639
13131950100,2328,1868,460
13131950200,2878,2262,616
13131950300,4349,3247,1102
13131950401,1926,1523,403
13131950402,5139,3750,1389
13131950501,2535,1894,641
13131950502,4635,3435,1200
13131950600,2446,1983,463
13133950100,2070,1693,377
13133950200,2273,1715,558
13133950301,3108,2797,311
13133950302,3802,3228,574
13133950304,1867,1368,499
13133950305,3378,2550,828
13133950400,900,720,180
13133950500,1517,1287,230
13135050105,5338,3681,1657
13135050110,5398,3969,1429
13135050111,2372,1720,652
13135050112,5075,3665,1410
13135050113,6131,4485,1646
13135050114,3068,2332,736
13135050115,4166,2892,1274
13135050116,7036,4832,2204
13135050117,3987,3087,900
13135050118,2752,1958,794
13135050119,5374,3782,1592
13135050120,2361,1690,671
13135050121,6334,4585,1749
13135050205,4401,3383,1018
13135050215,2935,2331,604
13135050218,5002,3957,1045
13135050219,3566,2860,706
13135050221,4244,3299,945
13135050222,5157,4205,952
13135050223,5858,4567,1291
13135050224,3984,3023,961
13135050225,4293,3452,841
13135050226,3749,2801,948
13135050227,2180,1744,436
13135050228,4581,3575,1006
13135050229,3229,2409,820
13135050230,3554,2646,908
13135050231,5179,4133,1046
13135050232,2624,2027,597
13135050233,3389,2476,913
13135050234,3776,2986,790
13135050235,5961,4634,1327
13135050236,2819,2176,643
13135050237,3693,2974,719
13135050238,4654,3749,905
13135050239,5183,3657,1526
13135050240,4032,2890,1142
13135050241,4414,3281,1133
13135050242,4763,3453,1310
13135050243,6524,4650,1874
13135050244,2917,2174,743
13135050306,4307,3027,1280
13135050308,3800,2812,988
13135050311,3622,2976,646
13135050315,5786,4379,1407
13135050317,3898,2996,902
13135050318,3310,2389,921
13135050321,4638,3482,1156
13135050322,4614,3443,1171
13135050323,4225,3478,747
13135050324,4450,3573,877
13135050325,4072,3196,876
13135050326,4741,3408,1333
13135050327,3994,2843,1151
13135050328,2986,2126,860
13135050329,2444,1707,737
13135050330,3161,2250,911
13135050331,2642,2002,640
13135050332,3031,2279,752
13135050333,4585,3416,1169
13135050334,5310,3889,1421
13135050335,3138,2524,614
13135050336,3218,2739,479
13135050415,4428,3497,931
13135050416,3835,2771,1064
13135050425,6019,4524,1495
13135050427,6296,4828,1468
13135050430,5646,4171,1475
13135050433,2567,1884,683
13135050435,4466,3151,1315
13135050437,2873,2146,727
13135050438,5342,3831,1511
13135050439,3228,2402,826
13135050440,5076,3662,1414
13135050441,5218,3743,1475
13135050442,2862,2065,797
13135050443,3397,2584,813
13135050444,3905,2907,998
13135050445,3929,2799,1130
13135050446,3847,2724,1123
13135050447,3237,2185,1052
13135050448,4913,3341,1572
13135050449,4457,3283,1174
13135050450,3409,2429,980
13135050451,3147,2096,1051
13135050452,3019,2169,850
13135050453,3852,2805,1047
13135050454,3959,2942,1017
13135050455,2820,1959,861
13135050456,4339,3079,1260
13135050457,4331,3207,1124
13135050458,3287,2515,772
13135050459,3846,2808,1038
13135050460,3386,2349,1037
13135050461,2655,2013,642
13135050462,4132,3079,1053
13135050463,4206,3174,1032
13135050464,5335,3828,1507
13135050465,3918,3025,893
13135050466,3115,2428,687
13135050520,5138,3789,1349
13135050521,5738,4278,1460
13135050522,4944,3685,1259
13135050526,5354,4136,1218
13135050528,5375,4144,1231
13135050529,4346,3302,1044
13135050530,6057,4761,1296
13135050536,6810,5113,1697
13135050537,5587,4237,1350
13135050539,6035,4327,1708
13135050541,4867,3588,1279
13135050542,5366,4320,1046
13135050549,5136,3951,1185
13135050550,4175,3062,1113
13135050551,4448,3171,1277
13135050552,3952,3088,864
13135050553,3693,2884,809
13135050554,4582,3330,1252
13135050555,4514,3357,1157
13135050556,5754,4116,1638
13135050557,2984,2267,717
13135050558,2435,1812,623
13135050559,5067,3732,1335
13135050560,3846,3048,798
13135050561,4511,3262,1249
13135050562,4442,3298,1144
13135050563,4080,3297,783
13135050564,3462,2566,896
13135050565,4513,3546,967
13135050566,3968,3068,900
13135050567,4829,3555,1274
13135050568,4450,3297,1153
13135050569,5645,3892,1753
13135050570,4040,2945,1095
13135050571,5931,4086,1845
13135050572,3364,2629,735
13135050573,2995,2315,680
13135050574,4735,3730,1005
13135050575,2545,1950,595
13135050576,2785,2050,735
13135050577,4617,3368,1249
13135050578,4114,3105,1009
13135050579,4737,3450,1287
13135050580,3971,2900,1071
13135050581,4018,2965,1053
13135050582,2765,2086,679
13135050583,4383,3643,740
13135050584,4341,3327,1014
13135050585,4407,3150,1257
13135050586,5453,4025,1428
13135050587,4630,3180,1450
13135050588,5080,3614,1466
13135050589,5340,4050,1290
13135050590,4120,2979,1141
13135050591,3567,2693,874
13135050611,4513,3479,1034
13135050612,4819,3575,1244
13135050613,3992,2883,1109
13135050614,3668,2614,1054
13135050615,2215,1569,646
13135050616,3715,2645,1070
13135050617,9207,6522,2685
13135050618,4453,3214,1239
13135050619,6381,4511,1870
13135050620,3737,2717,1020
13135050621,4161,3190,971
13135050622,3425,2525,900
13135050623,6280,4427,1853
13135050624,4079,2805,1274
13135050625,4044,2865,1179
13135050626,5739,4022,1717
13135050627,5576,4042,1534
13135050628,6223,4554,1669
13135050629,2308,1697,611
13135050630,4748,3324,1424
13135050631,7340,5306,2034
13135050632,3399,2518,881
13135050633,2621,1939,682
13135050634,6306,4722,1584
13135050635,3993,3024,969
13135050636,4251,3413,838
13135050715,5661,4149,1512
13135050719,6149,4425,1724
13135050722,3341,2443,898
13135050725,6202,4526,1676
13135050729,3768,2750,1018
13135050732,6052,4413,1639
13135050733,3184,2177,1007
13135050734,4606,3396,1210
13135050735,4365,3335,1030
13135050736,5807,4286,1521
13135050737,4240,3077,1163
13135050738,7058,5200,1858
13135050739,4755,3693,1062
13135050740,2050,1564,486
13135050741,4905,3649,1256
13135050742,4766,3591,1175
13135050743,4637,3356,1281
13135050744,8279,5713,2566
13135050745,5148,3904,1244
13135050746,7471,5312,2159
13135050747,5377,3641,1736
13135050748,3739,2626,1113
13135050749,3538,2589,949
13135050750,5032,3882,1150
13135050751,4096,2936,1160
13135050752,3422,2506,916
13135050753,3936,3005,931
13135050754,2989,2288,701
13135050755,2473,1863,610
13135050756,4471,3255,1216
13135050757,3534,2599,935
13135050758,3371,2662,709
13135050759,4143,3238,905
13135050760,4240,3191,1049
13135050761,3904,2861,1043
13135050762,5971,4403,1568
13135050763,4157,2980,1177
13135050764,3524,2615,909
13135050765,3145,2237,908
13137000100,4010,3184,826
13137000201,4410,3483,927
13137000203,4290,3618,672
13137000204,1674,1303,371
13137000300,4186,3245,941
13137000400,5182,3875,1307
13137000501,2364,1739,625
13137000502,5368,4275,1093
13137000601,6151,5045,1106
13137000603,3076,2459,617
13137000604,5320,3652,1668
13139000101,5299,4093,1206
13139000102,4013,3129,884
13139000203,4542,3547,995
13139000204,4370,3395,975
13139000205,2821,2155,666
13139000206,3663,2785,878
13139000303,2632,2169,463
13139000304,4084,3260,824
13139000305,4315,3403,912
13139000306,2503,2110,393
13139000307,4234,3334,900
13139000401,3657,2889,768
13139000402,3138,2460,678
13139000501,3725,2911,814
13139000502,3380,2682,698
13139000601,3221,2697,524
13139000602,3661,2912,749
13139000702,5327,3662,1665
13139000703,3442,2402,1040
13139000704,3531,2427,1104
13139000800,3482,2510,972
13139000901,3084,2414,670
13139000902,2830,2143,687
13139001004,3169,2573,596
13139001005,4403,3422,981
13139001006,3097,2605,492
13139001007,2187,1381,806
13139001008,4335,2965,1370
13139001101,4995,3113,1882
13139001102,4849,3186,1663
13139001202,6366,4338,2028
13139001203,2092,1368,724
13139001204,5555,4149,1406
13139001302,5515,4245,1270
13139001303,2842,2258,584
13139001304,4039,3016,1023
13139001402,5485,4352,1133
13139001404,5533,4121,1412
13139001405,2649,2104,545
13139001406,4141,3059,1082
13139001501,5227,4263,964
13139001502,4511,3755,756
13139001603,5499,4155,1344
13139001605,4904,3717,1187
13139001606,4494,3483,1011
13139001607,6524,4712,1812
13139001609,4494,3301,1193
13139001610,3509,2692,817
13139001611,4736,3477,1259
13139001612,3032,2545,487
13141480300,2725,2364,361
13141480400,6010,5123,887
13143010100,3560,2799,761
13143010201,3030,2300,730
13143010202,2914,2282,632
13143010301,3628,2845,783
13143010303,2009,1562,447
13143010304,6301,4724,1577
13143010401,2878,2254,624
13143010402,5599,4088,1511
13145120198,5059,4131,928
13145120200,3267,2583,684
13145120301,3738,2768,970
13145120302,6999,5370,1629
13145120401,6484,4999,1485
13145120403,3878,2890,988
13145120404,5243,4058,1185
13147960101,1354,1145,209
13147960102,715,616,99
13147960103,3749,3028,721
13147960200,3770,2934,836
13147960300,3125,2374,751
13147960401,1335,1055,280
13147960402,4423,3391,1032
13147960501,1559,1228,331
13147960502,2134,1774,360
13147960503,3664,2891,773
13149970100,4451,3432,1019
13149970200,3953,3037,916
13149970300,3008,2229,779
13151070109,3401,2718,683
13151070113,4266,3094,1172
13151070114,5177,4042,1135
13151070115,3847,2965,882
13151070116,3198,2477,721
13151070117,4310,3420,890
13151070118,3257,2583,674
13151070119,5968,4443,1525
13151070120,2630,1968,662
13151070121,3790,3043,747
13151070122,3125,2508,617
13151070123,2378,1765,613
13151070124,4557,3473,1084
13151070125,2739,2110,629
13151070126,3429,2484,945
13151070127,3139,2410,729
13151070128,2229,1679,550
13151070204,5675,4406,1269
13151070206,4070,3195,875
13151070207,3202,2394,808
13151070208,4793,3533,1260
13151070209,4045,3119,926
13151070210,2546,1968,578
13151070211,5032,3607,1425
13151070212,3153,2347,806
13151070213,2856,2104,752
13151070214,4622,3326,1296
13151070215,1935,1361,574
13151070216,5415,3872,1543
13151070307,5153,3965,1188
13151070310,6725,5073,1652
13151070312,5336,3914,1422
13151070313,8097,5926,2171
13151070314,4122,3333,789
13151070315,5071,3915,1156
13151070316,2676,2032,644
13151070317,5607,4132,1475
13151070318,2840,2040,800
13151070319,5233,3713,1520
13151070320,2645,2192,453
13151070321,2410,1892,518
13151070322,6114,4323,1791
13151070323,2592,1834,758
13151070324,4448,3333,1115
13151070325,2009,1536,473
13151070405,3405,2515,890
13151070406,4332,3116,1216
13151070407,4668,3399,1269
13151070408,3163,2376,787
13151070409,5336,3744,1592
13151070410,4275,3096,1179
13151070411,5163,3883,1280
13151070412,4845,3426,1419
13151070503,6384,4559,1825
13151070504,2053,1499,554
13151070505,6005,4528,1477
13151070506,3131,2327,804
13151070507,2860,2096,764
13151070508,5230,3842,1388
13153020106,2305,1871,434
13153020108,6152,4633,1519
13153020110,2225,1699,526
13153020111,4065,3168,897
13153020112,5152,4101,1051
13153020113,5227,3777,1450
13153020200,5216,3994,1222
13153020301,1588,1172,416
13153020302,4616,3192,1424
13153020400,3068,2204,864
13153020600,1061,775,286
13153020700,3308,2389,919
13153020800,2612,1770,842
13153020900,4239,3266,973
13153021001,2841,2143,698
13153021002,3480,2647,833
13153021108,6793,5055,1738
13153021114,8315,5956,2359
13153021115,6938,4940,1998
13153021116,3967,2979,988
13153021117,4396,3448,948
13153021118,2539,1866,673
13153021119,4564,3649,915
13153021120,5869,4421,1448
13153021121,2240,1826,414
13153021122,3931,3180,751
13153021123,6419,4721,1698
13153021124,5922,4082,1840
13153021125,6099,4299,1800
13153021203,4182,3068,1114
13153021204,6609,4964,1645
13153021205,4264,3252,1012
13153021206,2454,1782,672
13153021300,4222,3390,832
13153021401,5574,4195,1379
13153021402,6334,4519,1815
13153021501,1047,797,250
13153021502,3800,2928,872
13155950100,2427,1910,517
13155950201,3550,2805,745
13155950202,3689,2832,857
13157010104,4449,3261,1188
13157010105,3708,2783,925
13157010106,3629,2729,900
13157010107,5179,3793,1386
13157010108,3985,3111,874
13157010109,4211,3056,1155
13157010200,5006,3875,1131
13157010300,5658,4342,1316
13157010400,5568,4218,1350
13157010500,5554,4291,1263
13157010601,5085,3682,1403
13157010602,5216,4045,1171
13157010701,2479,2024,455
13157010703,4011,2883,1128
13157010704,3910,2704,1206
13157010705,4473,2977,1496
13157010706,3786,2677,1109
13159010100,2665,2002,663
13159010200,3195,2473,722
13159010501,3413,2598,815
13159010502,2647,1972,675
13159010503,2668,2073,595
13161960101,2864,2032,832
13161960102,4254,3143,1111
13161960201,3836,2793,1043
13161960202,2291,1717,574
13161960300,1534,1171,363
13163960100,4911,3788,1123
13163960200,2004,1576,428
13163960300,5808,4534,1274
13163960400,2986,2403,583
13165960100,6666,5457,1209
13165960200,2008,1548,460
13167960100,2575,2000,575
13167960201,3254,2844,410
13167960202,1705,1325,380
13167960300,1655,1305,350
13169030101,2888,2233,655
13169030103,1996,1583,413
13169030105,3685,2712,973
13169030106,3513,2688,825
13169030200,3308,2549,759
13169030303,2209,1721,488
13169030304,3403,2620,783
13169030305,4397,3220,1177
13169030306,2948,2249,699
13171970100,7180,5546,1634
13171970201,3688,2968,720
13171970202,3378,2843,535
13171970300,4254,3184,1070
13173950100,1718,1335,383
13173950201,3775,2886,889
13173950202,4384,3105,1279
13175950100,3470,2669,801
13175950201,4985,3870,1115
13175950202,5122,3980,1142
13175950300,1683,1217,466
13175950400,4276,3198,1078
13175950500,3830,3129,701
13175950600,2084,1625,459
13175950700,2639,2004,635
13175950800,4305,3373,932
13175950900,2578,1722,856
13175951001,3886,2917,969
13175951002,3817,2740,1077
13175951100,4199,3146,1053
13175951400,2696,2144,552
13177020101,3383,2618,765
13177020102,3559,2748,811
13177020200,1577,1224,353
13177020301,4025,2823,1202
13177020302,4811,3622,1189
13177020403,6711,5109,1602
13177020404,4591,3276,1315
13177020405,4506,3256,1250
13179010101,5170,2975,2195
13179010102,2456,2229,227
13179010103,1827,1555,272
13179010202,3845,2851,994
13179010204,2575,1930,645
13179010205,4911,3510,1401
13179010206,6605,4695,1910
13179010207,4761,3400,1361
13179010208,6453,4551,1902
13179010301,1907,1428,479
13179010302,6241,4614,1627
13179010401,2369,1813,556
13179010402,4820,3532,1288
13179010501,3950,3243,707
13179010503,2879,2163,716
13179010504,2798,2188,610
13179010600,1689,1337,352
13181970100,3576,2900,676
13181970200,4114,3370,744
13183970101,3748,2693,1055
13183970102,6789,4541,2248
13183970201,2083,1423,660
13183970202,3548,2577,971
13185010101,4407,3162,1245
13185010102,6559,4782,1777
13185010103,4387,3105,1282
13185010201,3856,3019,837
13185010203,5696,4136,1560
13185010204,8983,6377,2606
13185010301,5121,4138,983
13185010302,2651,2084,567
13185010401,1486,1249,237
13185010403,2768,1918,850
13185010404,4728,3436,1292
13185010500,4022,2960,1062
13185010601,6070,4598,1472
13185010604,5957,4328,1629
13185010700,3588,2755,833
13185010801,3395,2425,970
13185010802,1856,1204,652
13185010900,1631,1196,435
13185011000,3053,2180,873
13185011100,4084,3699,385
13185011200,4615,3845,770
13185011301,4851,3877,974
13185011302,2243,1818,425
13185011401,2625,1982,643
13185011402,2470,2023,447
13185011404,4144,2949,1195
13185011405,4735,3479,1256
13185011500,3900,3016,884
13185011600,4370,3291,1079
13187960103,3230,2538,692
13187960104,4446,3551,895
13187960105,2650,2193,457
13187960106,3572,2952,620
13187960203,4238,3417,821
13187960204,4483,4179,304
13187960205,4999,3864,1135
13187960206,5870,4995,875
13189950100,2228,1881,347
13189950200,5471,4030,1441
13189950300,3048,2377,671
13189950401,2099,1653,446
13189950402,3482,2554,928
13189950500,5304,4120,1184
13191110101,1369,1067,302
13191110102,903,768,135
13191110103,1454,1287,167
13191110201,2297,1848,449
13191110202,1819,1447,372
13191110300,3133,2623,510
13193000100,1662,1364,298
13193000200,1509,1257,252
13193000300,4185,3687,498
13193000400,4726,3630,1096
13195020100,5398,4198,1200
13195020200,4278,3341,937
13195020300,4581,3537,1044
13195020400,6240,4717,1523
13195020501,1840,1434,406
13195020502,5723,4291,1432
13195020600,2060,1594,466
13197920100,4027,3177,850
13197920200,3471,2677,794
13199970501,2586,2084,502
13199970502,2739,2079,660
13199970600,2786,2242,544
13199970701,2930,2357,573
13199970702,4571,3736,835
13199970801,3409,2751,658
13199970802,1592,1277,315
13201950100,1651,1313,338
13201950200,1874,1488,386
13201950300,2475,1948,527
13205090100,3243,2454,789
13205090200,3391,2650,741
13205090300,2664,1975,689
13205090401,2926,2583,343
13205090402,4080,3220,860
13205090501,3178,2378,800
13205090502,2273,1805,468
13207050101,6562,5055,1507
13207050102,4251,3258,993
13207050200,6291,4969,1322
13207050301,5110,4069,1041
13207050302,5743,4562,1181
13209950100,1991,1558,433
13209950200,4603,3657,946
13209950300,2016,1577,439
13211010100,2924,2271,653
13211010200,4007,3119,888
13211010301,3889,3047,842
13211010302,4343,3251,1092
13211010400,3218,2561,657
13211010500,1716,1325,391
13213010100,3407,2687,720
13213010201,1712,1366,346
13213010203,3611,2707,904
13213010204,5598,4046,1552
13213010300,3985,3150,835
13213010401,3443,2521,922
13213010402,3494,2644,850
13213010500,4992,3721,1271
13213010600,4251,3301,950
13213010700,5480,4067,1413
13215000200,2533,1956,577
13215000300,2531,2147,384
13215000400,3236,2453,783
13215000800,2354,1782,572
13215000900,3086,2464,622
13215001000,4937,4114,823
13215001100,2887,2102,785
13215001200,3572,2915,657
13215001400,1922,1475,447
13215001600,2793,1811,982
13215001800,1202,940,262
13215002000,2981,2325,656
13215002100,2587,1927,660
13215002200,2664,2089,575
13215002300,1854,1385,469
13215002400,1315,896,419
13215002500,1074,873,201
13215002700,2632,1732,900
13215002800,1895,1452,443
13215002901,2748,2113,635
13215002902,3151,2263,888
13215003000,2656,1925,731
13215003200,2295,1650,645
13215003301,1362,977,385
13215003302,2367,1814,553
13215003400,2046,1476,570
13215010106,5673,4254,1419
13215010108,4633,3674,959
13215010109,2411,1950,461
13215010110,3763,2726,1037
13215010111,7131,5248,1883
13215010204,6896,5297,1599
13215010205,3165,2505,660
13215010206,3739,2916,823
13215010207,4266,3187,1079
13215010208,6266,4856,1410
13215010209,4441,3280,1161
13215010301,2590,2198,392
13215010303,5252,4167,1085
13215010304,2322,1827,495
13215010401,6556,5099,1457
13215010402,4693,3664,1029
13215010501,6830,5336,1494
13215010502,2042,1541,501
13215010602,5083,3725,1358
13215010605,3884,2899,985
13215010606,1715,1643,72
13215010607,5429,3934,1495
13215010608,4529,3275,1254
13215010701,7028,5278,1750
13215010702,5998,4625,1373
13215010704,2768,2106,662
13215010705,4423,3439,984
13215010801,1580,1067,513
13215010802,5535,3094,2441
13215011100,2502,2284,218
13215011200,1826,1513,313
13215011400,1897,1467,430
13215011500,5376,3922,1454
13217100101,6112,4944,1168
13217100102,5349,4265,1084
13217100202,5614,4411,1203
13217100203,3196,2453,743
13217100204,3206,2392,814
13217100301,6229,4412,1817
13217100302,3918,3062,856
13217100400,3804,3194,610
13217100503,5022,3735,1287
13217100504,5939,4311,1628
13217100505,5502,4124,1378
13217100506,4905,3611,1294
13217100507,4997,3688,1309
13217100600,7269,5452,1817
13217100701,2811,2065,746
13217100702,3349,2432,917
13217100801,5982,4336,1646
13217100802,4559,3413,1146
13217100902,6097,4534,1563
13217100903,7253,5324,1929
13217100904,5871,4463,1408
13217100905,5499,4127,1372
13219030101,1742,1176,566
13219030102,2356,1628,728
13219030103,2579,1870,709
13219030104,8351,5895,2456
13219030201,3390,2581,809
13219030202,3307,2385,922
13219030300,6124,4418,1706
13219030401,1545,1168,377
13219030402,6390,4714,1676
13219030500,2308,1779,529
13219030600,3707,2607,1100
13221960100,1839,1464,375
13221960203,3452,2685,767
13221960204,3367,2629,738
13221960205,2086,1652,434
13221960206,2540,1976,564
13221960300,1541,1233,308
13223120104,2996,2230,766
13223120105,7318,5184,2134
13223120106,2564,1836,728
13223120107,7109,5136,1973
13223120108,8799,6262,2537
13223120109,6525,4564,1961
13223120110,7492,5038,2454
13223120111,6925,5028,1897
13223120203,5414,4144,1270
13223120205,4557,3368,1189
13223120206,3827,2961,866
13223120207,3099,2333,766
13223120208,4246,3209,1037
13223120301,6732,4979,1753
13223120303,1878,1428,450
13223120304,2183,1590,593
13223120305,3812,2898,914
13223120306,3966,2870,1096
13223120307,4774,3457,1317
13223120401,5802,4234,1568
13223120402,6067,4512,1555
13223120403,6476,4734,1742
13223120503,4836,3694,1142
13223120504,3135,2340,795
13223120505,6393,4883,1510
13223120506,3725,2750,975
13223120507,4931,3590,1341
13223120601,4817,3649,1168
13223120603,5982,4644,1338
13223120604,5506,4154,1352
13223120605,5998,4523,1475
13223120606,4242,3126,1116
13223120607,6535,4650,1885
13225040101,1666,1395,271
13225040103,5208,4092,1116
13225040104,3163,2486,677
13225040105,2897,2335,562
13225040200,4845,3721,1124
13225040301,2906,2241,665
13225040302,2101,1614,487
13225040400,5195,4227,968
13227050101,2487,2370,117
13227050102,3388,3003,385
13227050201,3855,2971,884
13227050202,3442,2779,663
13227050300,4666,3600,1066
13227050400,3943,3128,815
13227050500,5058,3944,1114
13227050601,4235,3310,925
13227050602,2142,1694,448
13229960100,2943,2236,707
13229960200,1705,1275,430
13229960301,3760,2857,903
13229960302,3060,2324,736
13229960401,5854,4395,1459
13229960402,2394,1812,582
13231010101,3357,2579,778
13231010102,4122,3151,971
13231010200,3903,2912,991
13231010300,3981,2982,999
13231010400,3526,2713,813
13233010100,5907,4541,1366
13233010201,5008,3771,1237
13233010202,3469,2688,781
13233010300,4903,3548,1355
13233010400,5849,4211,1638
13233010500,5993,4565,1428
13233010600,5753,4402,1351
13233010700,5971,4512,1459
13235950100,2711,2402,309
13235950201,2744,2071,673
13235950202,3163,2533,630
13235950300,1237,1006,231
13237960101,3377,2811,566
13237960103,2718,2283,435
13237960104,2935,2604,331
13237960201,1347,1030,317
13237960203,3568,2714,854
13237960204,3214,2435,779
13237960301,2805,2259,546
13237960302,2083,1711,372
13239960300,2235,1870,365
13241970101,2202,1781,421
13241970102,1252,1022,230
13241970103,1722,1450,272
13241970201,3818,3053,765
13241970202,2859,2323,536
13241970302,1591,1263,328
13241970303,2358,1932,426
13241970304,1081,943,138
13243790100,1579,1261,318
13243790200,4846,3716,1130
13245000100,3754,3177,577
13245000200,2679,1991,688
13245000300,1105,879,226
13245000600,2254,1884,370
13245000700,1155,976,179
13245001000,2681,2297,384
13245001100,1725,1388,337
13245001200,4501,3646,855
13245001300,1261,999,262
13245001400,1194,992,202
13245001602,4022,3170,852
13245001603,1504,1152,352
13245001604,3431,2717,714
13245010101,2969,2540,429
13245010104,4512,3677,835
13245010105,4916,4171,745
13245010107,2496,2121,375
13245010108,2327,1895,432
13245010109,3464,2926,538
13245010201,5372,4365,1007
13245010203,4375,3506,869
13245010205,2192,1866,326
13245010206,4940,4193,747
13245010207,5782,4612,1170
13245010208,6392,4998,1394
13245010300,4768,3500,1268
13245010400,3555,2507,1048
13245010506,4485,3250,1235
13245010507,5765,4417,1348
13245010508,3514,2646,868
13245010509,4261,3157,1104
13245010510,4976,3601,1375
13245010511,3490,2586,904
13245010512,4743,3433,1310
13245010513,3272,2448,824
13245010514,3733,2536,1197
13245010515,3625,2678,947
13245010601,2431,1757,674
13245010602,2451,1496,955
13245010706,6045,4367,1678
13245010707,2914,2084,830
13245010708,5584,4105,1479
13245010709,4929,3785,1144
13245010710,5743,4338,1405
13245010711,3496,2653,843
13245010713,5476,4259,1217
13245010714,3425,2584,841
13245010801,2189,1310,879
13245010802,6177,5779,398
13245010903,5019,3950,1069
13245010904,3639,2760,879
13245010905,4841,3724,1117
13245010907,2104,1632,472
13245010908,4559,3564,995
13245011000,1946,1809,137
13245011100,2449,2046,403
13247060101,3605,2831,774
13247060103,2265,1897,368
13247060104,3478,2685,793
13247060201,4703,3307,1396
13247060203,5222,4112,1110
13247060204,4698,3659,1039
13247060305,5597,4049,1548
13247060306,4259,3192,1067
13247060310,2478,1835,643
13247060311,3804,2946,858
13247060312,4104,3294,810
13247060313,3806,2985,821
13247060314,3577,2603,974
13247060315,3636,2736,900
13247060316,4441,3357,1084
13247060317,4396,3033,1363
13247060318,2872,2090,782
13247060403,3749,2998,751
13247060406,5509,4358,1151
13247060407,3599,2802,797
13247060408,3484,2754,730
13247060409,3531,2848,683
13247060410,4709,3486,1223
13247060411,2048,1646,402
13249960100,2560,1894,666
13249960200,1987,1434,553
13251970200,1670,1286,384
13251970300,3458,2756,702
13251970401,1232,950,282
13251970402,3466,2600,866
13251970500,2542,1964,578
13251970600,1699,1337,362
13253200100,3090,2550,540
13253200200,3452,2612,840
13253200300,2605,2115,490
13255160101,3885,3113,772
13255160102,2107,1608,499
13255160201,3372,2703,669
13255160202,4853,4300,553
13255160300,3122,2395,727
13255160401,2446,1673,773
13255160402,3672,2678,994
13255160500,6830,5237,1593
13255160600,3973,3220,753
13255160701,5087,3859,1228
13255160702,2087,1620,467
13255160800,4038,2989,1049
13255160900,2625,1928,697
13255161000,5828,4544,1284
13255161100,4117,3199,918
13255161201,4092,3137,955
13255161202,5172,3920,1252
13257970101,3363,2712,651
13257970102,4270,3380,890
13257970201,1849,1544,305
13257970202,3843,2999,844
13257970301,3681,2824,857
13257970302,3027,2400,627
13257970401,3470,2747,723
13257970402,3281,2557,724
13259950100,1846,1486,360
13259950400,3468,3131,337
13261950100,1041,873,168
13261950200,5135,3816,1319
13261950300,6362,4953,1409
13261950400,2568,2077,491
13261950500,3690,2914,776
13261950600,2059,1635,424
13261950700,6640,4981,1659
13261950800,2121,1787,334
13263960100,2293,1920,373
13263960200,1907,1547,360
13263960300,1533,1316,217
13265010200,1559,1289,270
13267950100,3220,2508,712
13267950202,5986,5086,900
13267950203,2583,1862,721
13267950204,1721,1317,404
13267950300,4140,3069,1071
13267950401,2296,1693,603
13267950402,2896,2119,777
13269950100,1119,919,200
13269950200,2200,1687,513
13269950301,1900,1476,424
13269950302,2597,2038,559
13271950101,4700,3887,813
13271950102,2072,1901,171
13271950103,1875,1447,428
13271950200,1342,1037,305
13271950500,2488,1918,570
13273120200,1590,1311,279
13273120300,2927,2238,689
13273120400,3319,2545,774
13273120500,1349,1110,239
13275960100,1338,976,362
13275960200,3988,3069,919
13275960300,2394,1863,531
13275960400,2471,1966,505
13275960501,4695,3503,1192
13275960502,2825,2219,606
13275960601,3568,2785,783
13275960602,2480,1932,548
13275960701,3693,2579,1114
13275960702,2548,1909,639
13275960800,5536,4284,1252
13275960900,3380,2646,734
13275961000,4246,3224,1022
13275961100,2636,2082,554
13277960100,2605,2026,579
13277960200,2758,2160,598
13277960301,4919,3975,944
13277960302,2435,1942,493
13277960401,4601,3429,1172
13277960402,2392,1714,678
13277960500,4969,3878,1091
13277960601,2654,1747,907
13277960602,3246,2410,836
13277960700,4798,3461,1337
13277960800,2413,1751,662
13277960900,3554,2731,823
13279970101,2548,1938,610
13279970102,2057,1520,537
13279970201,2551,1925,626
13279970202,3071,2339,732
13279970301,3221,2355,866
13279970302,2591,1996,595
13279970400,4132,3041,1091
13279970500,3748,2746,1002
13279970600,3111,2401,710
13281960100,4785,4214,571
13281960200,3158,2706,452
13281960301,1938,1706,232
13281960302,2612,2297,315
13283960100,1234,948,286
13283960200,5172,3986,1186
13285960101,3339,2541,798
13285960102,3058,2239,819
13285960201,2979,2389,590
13285960202,2524,1933,591
13285960300,4347,3499,848
13285960401,3502,2583,919
13285960402,3565,2654,911
13285960501,4890,3635,1255
13285960503,5364,4056,1308
13285960504,2695,2033,662
13285960600,5335,3930,1405
13285960700,5506,4257,1249
13285960800,3173,2260,913
13285960901,4158,3052,1106
13285960903,3582,2710,872
13285960904,3078,2372,706
13285961000,5574,4305,1269
13285961100,2757,2133,624
13287970201,3545,2648,897
13287970202,2144,1690,454
13287970300,3317,2622,695
13289060101,2376,1961,415
13289060102,2212,1801,411
13289060200,3434,2827,607
13291000101,3255,2743,512
13291000103,3056,2554,502
13291000104,3164,2601,563
13291000201,3050,2619,431
13291000203,2366,2057,309
13291000204,3593,2966,627
13291000206,3835,3248,587
13291000207,2313,2020,293
13293010100,3118,2483,635
13293010201,4727,3678,1049
13293010202,2768,2273,495
13293010300,3776,2945,831
13293010401,2012,1636,376
13293010402,4645,3615,1030
13293010500,5404,4053,1351
13293010600,1250,1028,222
13295020101,4357,3447,910
13295020102,2726,2201,525
13295020200,3647,2822,825
13295020301,5148,3999,1149
13295020302,5207,4073,1134
13295020400,3080,2353,727
13295020503,4329,3309,1020
13295020504,3164,2412,752
13295020505,2925,2236,689
13295020506,4091,3141,950
13295020601,7186,5756,1430
13295020602,4360,3361,999
13295020701,2599,2062,537
13295020702,4418,3421,997
13295020800,3110,2484,626
13295020902,2054,1625,429
13295020903,2472,1967,505
13295020904,2781,2125,656
13297110101,4711,3775,936
13297110102,4706,3764,942
13297110200,5725,4432,1293
13297110301,3381,2675,706
13297110302,4257,2993,1264
13297110400,7494,5562,1932
13297110503,3864,2911,953
13297110504,5678,4185,1493
13297110505,4879,3553,1326
13297110506,5891,4498,1393
13297110508,5021,3937,1084
13297110509,5454,3917,1537
13297110510,3147,2385,762
13297110601,5451,4092,1359
13297110602,5785,4385,1400
13297110603,5749,4207,1542
13297110701,3610,2802,808
13297110702,4278,3294,984
13297110801,4267,3162,1105
13297110802,3325,2569,756
13299950100,1550,1220,330
13299950200,7682,6309,1373
13299950300,2266,1717,549
13299950400,1839,1329,510
13299950500,5353,4146,1207
13299950600,5895,4440,1455
13299950700,1530,1073,457
13299950801,3151,2392,759
13299950802,3163,2210,953
13299950900,3822,2952,870
13301970400,2703,2061,642
13301970500,2512,2098,414
13303950100,1693,1395,298
13303950300,4826,3586,1240
13303950400,4830,3677,1153
13303950500,4901,4198,703
13303950700,3738,2853,885
13305970100,4526,3435,1091
13305970201,3642,2751,891
13305970202,4314,3218,1096
13305970300,5034,3834,1200
13305970400,3545,2685,860
13305970500,4660,3704,956
13305970600,4423,3478,945
13307960100,1215,945,270
13307960200,1133,902,231
13309780100,2652,1997,655
13309780200,4819,4220,599
13311950101,1368,1209,159
13311950102,1309,1127,182
13311950202,3380,2797,583
13311950204,2750,2296,454
13311950205,2486,2025,461
13311950206,4604,3588,1016
13311950207,4507,3454,1053
13311950301,3830,2990,840
13311950302,3769,2996,773
13313000101,4184,3234,950
13313000103,4279,3209,1070
13313000104,4398,3355,1043
13313000200,4294,3265,1029
13313000301,4463,3222,1241
13313000303,4313,3216,1097
13313000304,4311,3187,1124
13313000401,6679,4620,2059
13313000402,1893,1320,573
13313000501,3697,2864,833
13313000502,7296,5508,1788
13313000600,3981,3099,882
13313000700,4646,3596,1050
13313000801,2571,1964,607
13313000802,4779,3788,991
13313000900,3762,2918,844
13313001000,3896,2586,1310
13313001100,4579,3383,1196
13313001200,7643,5470,2173
13313001300,4462,3031,1431
13313001400,6238,4558,1680
13313001500,6500,4869,1631
13315960100,3748,3319,429
13315960200,1352,1087,265
13315960300,1398,1052,346
13315960400,2268,1760,508
13317010101,1541,1287,254
13317010102,1644,1348,296
13317010301,1968,1615,353
13317010302,4412,3401,1011
13319960200,2924,2348,576
13319960300,4087,3171,916
13319960400,1866,1507,359
13321950100,3264,2752,512
13321950201,2277,1858,419
13321950202,4292,3279,1013
13321950400,4369,3408,961
13321950500,4239,3257,982
13321950600,2343,1890,453
15001020100,5433,4316,1117
15001020202,2035,1713,322
15001020300,3822,3118,704
15001020400,3517,2665,852
15001020500,5944,4682,1262
15001020600,5631,4319,1312
15001020701,4811,3892,919
15001020702,4647,3822,825
15001020801,4365,3415,950
15001020802,6544,5193,1351
15001020900,4802,3802,1000
15001021003,7423,5650,1773
15001021011,4388,3422,966
15001021013,4820,3827,993
15001021014,8402,6389,2013
15001021015,6080,4683,1397
15001021016,5525,4391,1134
15001021017,4572,3719,853
15001021101,2793,2372,421
15001021107,1365,1076,289
15001021108,6336,4933,1403
15001021203,6111,4762,1349
15001021204,2868,2341,527
15001021300,5913,4819,1094
15001021402,3876,3136,740
15001021502,5432,4406,1026
15001021504,5932,4141,1791
15001021510,3550,2932,618
15001021511,1568,1285,283
15001021512,4531,3683,848
15001021513,6109,4874,1235
15001021605,3787,3148,639
15001021606,4120,3268,852
15001021607,4452,3614,838
15001021608,3832,3187,645
15001021705,6366,4843,1523
15001021706,3795,2911,884
15001021707,4997,3769,1228
15001021708,4152,3414,738
15001021800,6979,5612,1367
15001021902,4212,3331,881
15001022000,2678,2132,546
15001022102,2114,1704,410
15003000107,2740,2158,582
15003000108,3213,2620,593
15003000110,4254,3476,778
15003000114,1726,1378,348
15003000115,2774,2324,450
15003000116,2500,2116,384
15003000117,1464,1096,368
15003000118,1771,1369,402
15003000119,2195,1760,435
15003000120,2624,2152,472
15003000121,2774,2220,554
15003000122,3112,2571,541
15003000200,5745,4725,1020
15003000301,3608,2963,645
15003000302,2702,2198,504
15003000401,2758,2338,420
15003000402,4147,3456,691
15003000500,3872,3198,674
15003000600,1276,1089,187
15003000700,3215,2683,532
15003000800,3770,3174,596
15003000901,2622,2142,480
15003000903,3039,2593,446
15003000904,1975,1663,312
15003000905,2357,1994,363
15003001000,3145,2696,449
15003001101,1961,1451,510
15003001102,2249,1669,580
15003001201,3022,2526,496
15003001202,3254,2732,522
15003001300,4437,3769,668
15003001400,2655,2219,436
15003001501,1473,1279,194
15003001502,2334,1965,369
15003001601,1981,1669,312
15003001602,1784,1457,327
15003001700,2333,2009,324
15003001801,1119,990,129
15003001803,2911,2679,232
15003001804,1785,1604,181
15003001901,423,395,28
15003001905,1377,1251,126
15003001906,2877,2597,280
15003001907,2546,2352,194
15003002003,2126,1974,152
15003002004,1140,1028,112
15003002005,1899,1710,189
15003002006,2267,2036,231
15003002101,1746,1482,264
15003002102,1839,1571,268
15003002203,1836,1600,236
15003002204,1308,1162,146
15003002205,1888,1598,290
15003002206,1961,1654,307
15003002301,3293,2833,460
15003002302,2087,1780,307
15003002401,2912,2492,420
15003002403,1567,1371,196
15003002404,1423,1255,168
15003002500,3941,3451,490
15003002600,4174,3571,603
15003002701,4078,3839,239
15003002702,4705,4052,653
15003002801,1778,1556,222
15003002802,2353,2048,305
15003002900,2251,1809,442
15003003000,4305,3582,723
15003003102,3345,2788,557
15003003103,1567,1353,214
15003003104,2175,1859,316
15003003404,4517,3966,551
15003003408,2256,1942,314
15003003409,1901,1629,272
15003003410,1482,1218,264
15003003411,1231,1094,137
15003003412,1618,1439,179
15003003413,2532,2227,305
15003003414,4118,3666,452
15003003501,2286,2042,244
15003003503,1500,1260,240
15003003504,2712,2448,264
15003003603,3181,2827,354
15003003604,2554,2364,190
15003003605,1036,894,142
15003003606,3058,2633,425
15003003701,2522,2281,241
15003003702,3929,3366,563
15003003703,3457,2987,470
15003003801,4909,4268,641
15003003802,5114,4464,650
15003003900,559,511,48
15003004000,1627,1490,137
15003004101,1618,1368,250
15003004102,2438,2096,342
15003004201,1602,1394,208
15003004202,1922,1677,245
15003004301,2273,1969,304
15003004302,3313,2752,561
15003004401,2536,2127,409
15003004402,2550,2008,542
15003004500,5360,4627,733
15003004600,3883,3216,667
15003004701,2305,1904,401
15003004702,2477,2073,404
15003004801,3079,2462,617
15003004802,3873,3167,706
15003004900,3351,2726,625
15003005000,4106,3453,653
15003005100,2905,2609,296
15003005200,3001,2636,365
15003005300,4302,3270,1032
15003005400,1545,967,578
15003005500,2157,1703,454
15003005601,1808,1502,306
15003005602,5124,4017,1107
15003005700,2483,2167,316
15003005800,3322,2585,737
15003005900,2994,2465,529
15003006000,5661,4483,1178
15003006100,4517,3614,903
15003006202,2705,1715,990
15003006203,6425,4764,1661
15003006301,4068,3225,843
15003006302,3152,2034,1118
15003006401,2362,1866,496
15003006402,6393,5222,1171
15003006500,4694,3722,972
15003006703,1725,1366,359
15003006704,7162,5940,1222
15003006806,1758,1474,284
15003006810,2374,1421,953
15003006811,1047,561,486
15003006812,1363,1148,215
15003006813,4680,4024,656
15003006814,2442,1908,534
15003006815,2165,1726,439
15003006816,2411,1932,479
15003006817,4809,3840,969
15003006818,1695,1430,265
15003006819,2646,2158,488
15003006900,3879,2218,1661
15003007001,1565,1223,342
15003007002,2163,1383,780
15003007100,3060,1794,1266
15003007302,4172,2718,1454
15003007400,7651,6675,976
15003007504,3372,2423,949
15003007507,6626,5677,949
15003007508,6994,5440,1554
15003007701,4921,3933,988
15003007702,5487,4618,869
15003007804,2005,1712,293
15003007807,5292,4537,755
15003007808,3459,2769,690
15003007809,3384,2906,478
15003007812,2164,1735,429
15003007813,2880,2314,566
15003007814,3416,2931,485
15003007815,2034,1633,401
15003007816,3443,2915,528
15003007817,1631,1326,305
15003008001,2664,2107,557
15003008002,2897,2376,521
15003008005,6997,5630,1367
15003008008,1655,1157,498
15003008009,2760,2257,503
15003008010,2439,2008,431
15003008011,2697,2226,471
15003008012,2933,2424,509
15003008013,2634,2220,414
15003008301,4553,3155,1398
15003008302,7253,5696,1557
15003008405,4988,3819,1169
15003008407,3778,2738,1040
15003008408,9057,6492,2565
15003008410,6931,4848,2083
15003008411,3609,2728,881
15003008413,3400,2632,768
15003008414,2168,1550,618
15003008415,4275,2977,1298
15003008416,2217,1710,507
15003008417,3661,2874,787
15003008418,5762,4493,1269
15003008502,2364,1839,525
15003008609,2179,1757,422
15003008610,1240,1018,222
15003008611,62,50,12
15003008623,4408,3323,1085
15003008624,3069,2418,651
15003008625,4032,3111,921
15003008626,3973,2916,1057
15003008627,9793,6458,3335
15003008628,3847,2991,856
15003008629,2110,1561,549
15003008630,2779,2022,757
15003008631,3226,2528,698
15003008632,5317,4241,1076
15003008633,2726,1999,727
15003008634,2800,2039,761
15003008702,6490,5222,1268
15003008704,3331,2613,718
15003008705,3250,2194,1056
15003008706,3650,2763,887
15003008707,6985,5596,1389
15003008801,4056,3287,769
15003008802,5304,4154,1150
15003008906,4026,3143,883
15003008909,3820,2987,833
15003008912,3103,2484,619
15003008913,5128,4161,967
15003008917,4579,3737,842
15003008918,5529,4249,1280
15003008921,3121,2499,622
15003008926,1742,1383,359
15003008928,4102,3043,1059
15003008929,4906,3971,935
15003008930,2416,2035,381
15003008931,3224,2320,904
15003008932,2645,2113,532
15003008933,3223,2542,681
15003008934,3526,2829,697
15003008935,3931,2921,1010
15003008936,3275,2673,602
15003008937,1737,1318,419
15003008938,3242,2390,852
15003008939,2595,2015,580
15003008940,2936,2281,655
15003008941,1934,1508,426
15003008942,2370,1756,614
15003008943,1372,1071,301
15003008944,3517,2456,1061
15003008945,1436,1101,335
15003008946,2910,2390,520
15003008947,1846,1498,348
15003008948,2839,2277,562
15003008949,1540,1263,277
15003008950,2068,1664,404
15003008951,2101,1743,358
15003008952,6000,4851,1149
15003009000,2412,1921,491
15003009100,5684,4357,1327
15003009201,3423,2554,869
15003009202,2762,2180,582
15003009203,2260,1759,501
15003009301,1575,1099,476
15003009302,3324,2696,628
15003009401,1471,1199,272
15003009402,3843,2882,961
15003009507,2734,2499,235
15003009508,991,656,335
15003009509,2643,1590,1053
15003009510,1255,795,460
15003009511,2546,1629,917
15003009512,4735,4108,627
15003009608,5664,4098,1566
15003009609,5070,3553,1517
15003009610,7105,5031,2074
15003009704,3553,2679,874
15003009705,3640,2637,1003
15003009706,3196,2268,928
15003009707,6575,4677,1898
15003009801,3805,3190,615
15003009803,2825,2040,785
15003009804,3660,2604,1056
15003009902,3998,3121,877
15003009905,3879,3019,860
15003009906,1921,1581,340
15003010000,3768,2845,923
15003010101,2892,2273,619
15003010102,2414,1903,511
15003010103,3292,2321,971
15003010202,7391,5535,1856
15003010203,1381,1086,295
15003010204,2836,2022,814
15003010205,1693,1330,363
15003010303,5036,3900,1136
15003010305,5356,4258,1098
15003010308,3427,2812,615
15003010309,3897,3173,724
15003010310,2497,1940,557
15003010503,2263,1773,490
15003010505,3527,2965,562
15003010507,5510,4232,1278
15003010508,2748,2300,448
15003010509,2087,1641,446
15003010510,3273,2633,640
15003010601,3921,3072,849
15003010602,5986,4813,1173
15003010701,4397,3648,749
15003010702,3832,3217,615
15003010901,3256,2580,676
15003010903,4157,3354,803
15003010904,3803,2996,807
15003010905,2630,2139,491
15003011000,3697,2990,707
15003011103,4212,3421,791
15003011104,5089,4102,987
15003011105,3664,3081,583
15003011106,6143,4903,1240
15003011201,4611,3731,880
15003011202,1676,1387,289
15003011300,6057,4616,1441
15003011401,1759,1314,445
15003011500,11046,7943,3103
15003011600,2023,1713,310
15003940003,2509,1948,561
15003940004,2331,1782,549
15003940005,2367,1720,647
15003940006,2446,1755,691
15003940007,2059,1371,688
15003980200,304,294,10
15003981100,167,155,12
15003981300,252,161,91
15003981400,96,70,26
15003981700,2841,2260,581
15003981801,2402,1498,904
15003981802,948,553,395
15003981803,3292,3133,159
15003981900,349,343,6
15003982000,1060,823,237
15005031900,82,72,10
15007040104,1557,1235,322
15007040105,4393,3524,869
15007040106,2157,1804,353
15007040204,5735,4567,1168
15007040205,4069,3329,740
15007040301,6843,5211,1632
15007040302,2127,1697,430
15007040401,7324,5610,1714
15007040402,3158,2452,706
15007040500,6455,5109,1346
15007040603,2936,2294,642
15007040604,3538,2810,728
15007040701,2704,2163,541
15007040702,6315,4920,1395
15007040800,3769,2935,834
15007040900,5971,4630,1341
15007041200,84,55,29
15007940000,4163,3199,964
15009030100,2719,2082,637
15009030201,2764,2331,433
15009030203,4334,3512,822
15009030204,3558,2821,737
15009030304,3269,2494,775
15009030305,5810,4789,1021
15009030306,2243,1979,264
15009030307,1542,1387,155
15009030403,3522,2749,773
15009030404,5562,4320,1242
15009030405,1850,1434,416
15009030406,7490,5909,1581
15009030501,2493,1975,518
15009030705,4566,3578,988
15009030706,2472,2051,421
15009030708,3157,2646,511
15009030709,3434,2995,439
15009030710,2403,2083,320
15009030711,2438,2006,432
15009030712,1990,1547,443
15009030713,3366,2691,675
15009030800,7413,5538,1875
15009030901,2848,2105,743
15009030902,3428,2704,724
15009030903,6505,5024,1481
15009031001,6473,4971,1502
15009031002,4162,3346,816
15009031102,5865,4699,1166
15009031104,2144,1457,687
15009031105,6446,4934,1512
15009031106,6002,4547,1455
15009031107,2079,1486,593
15009031402,3208,2500,708
15009031404,3223,2588,635
15009031405,6280,4790,1490
15009031501,2367,1919,448
15009031503,2544,2091,453
15009031504,1202,938,264
15009031505,3541,2941,600
15009031601,3367,2550,817
15009031700,4441,3372,1069
15009031801,2846,2042,804
15009031900,6276,4848,1428
15009032000,1112,970,142
16001000101,1577,1456,121
16001000102,3261,2879,382
16001000201,3568,2814,754
16001000202,6352,4874,1478
16001000302,3432,2683,749
16001000303,2231,1952,279
16001000305,2726,2238,488
16001000306,4419,3546,873
16001000401,2139,1674,465
16001000402,3637,2954,683
16001000501,3014,2331,683
16001000502,3437,2687,750
16001000601,2341,1821,520
16001000602,3343,2695,648
16001000701,5020,4230,790
16001000703,2417,1819,598
16001000704,3771,2935,836
16001000803,4511,3579,932
16001000805,3314,2604,710
16001000806,2472,2257,215
16001000807,2211,1902,309
16001000808,1849,1703,146
16001000809,2578,1971,607
16001000810,3146,2625,521
16001000901,2209,1862,347
16001000902,4961,4753,208
16001001001,2219,1820,399
16001001002,2337,2202,135
16001001003,2957,2509,448
16001001100,4966,3861,1105
16001001201,3463,2775,688
16001001203,3847,3133,714
16001001204,3528,2992,536
16001001401,2701,2251,450
16001001402,2808,2315,493
16001001500,3821,3100,721
16001001600,4642,3876,766
16001001701,2052,1682,370
16001001702,3849,3066,783
16001001800,4794,3841,953
16001001900,5294,4151,1143
16001002000,6002,4917,1085
16001002100,2070,1648,422
16001002223,4988,3676,1312
16001002225,3670,2623,1047
16001002226,2907,2174,733
16001002227,2883,2201,682
16001002228,2949,2263,686
16001002229,3975,2915,1060
16001002230,3693,2865,828
16001002231,2694,2133,561
16001002313,4433,3470,963
16001002314,5485,4266,1219
16001002315,5560,4289,1271
16001002316,2656,2138,518
16001002317,2989,2319,670
16001002318,4787,3832,955
16001002319,4518,3437,1081
16001002412,3975,3344,631
16001002414,2758,2182,576
16001002415,2578,2034,544
16001002416,5512,4120,1392
16001002417,2832,2180,652
16001002418,3782,2902,880
16001002419,3716,2959,757
16001010101,4206,3074,1132
16001010102,5974,4414,1560
16001010224,4246,3134,1112
16001010226,3247,2211,1036
16001010227,3461,2583,878
16001010228,2776,2076,700
16001010229,4919,3705,1214
16001010230,4607,3452,1155
16001010231,2552,1837,715
16001010232,3611,2653,958
16001010233,2888,2225,663
16001010234,4874,3931,943
16001010235,4738,3544,1194
16001010236,3161,2756,405
16001010237,5400,4285,1115
16001010336,2167,1578,589
16001010337,5043,3619,1424
16001010338,3691,2832,859
16001010339,3962,2712,1250
16001010340,3781,2977,804
16001010341,5707,3753,1954
16001010342,5572,3756,1816
16001010343,2832,2192,640
16001010344,3117,2268,849
16001010345,3945,2731,1214
16001010346,1628,1252,376
16001010347,3848,2985,863
16001010348,3672,2788,884
16001010349,3578,2545,1033
16001010350,2785,2246,539
16001010351,3759,2634,1125
16001010352,5698,4272,1426
16001010353,4658,2939,1719
16001010354,5606,3689,1917
16001010355,1961,1530,431
16001010356,4039,2748,1291
16001010357,3979,3033,946
16001010358,5588,3683,1905
16001010359,4229,3089,1140
16001010360,3773,2767,1006
16001010361,4264,3125,1139
16001010362,5324,3518,1806
16001010363,5188,3398,1790
16001010364,5412,4000,1412
16001010365,4231,3164,1067
16001010366,3478,2706,772
16001010367,5656,4309,1347
16001010368,3194,2424,770
16001010369,2369,1770,599
16001010370,2822,2356,466
16001010371,3215,2272,943
16001010403,4194,2911,1283
16001010404,3861,2836,1025
16001010405,3264,2168,1096
16001010406,5859,3962,1897
16001010407,6460,4335,2125
16001010408,4062,3006,1056
16001010409,4610,3664,946
16001010410,6420,4221,2199
16001010411,3114,2312,802
16001010501,7796,7219,577
16001010503,5452,3898,1554
16001010505,2511,1861,650
16001010506,4307,3241,1066
16003950100,1836,1523,313
16003950200,2543,2096,447
16005000200,3713,2788,925
16005000301,4274,3093,1181
16005000302,5159,3657,1502
16005000400,6796,4525,2271
16005000500,1956,1468,488
16005000600,3688,2871,817
16005000700,3729,3079,650
16005000800,3097,2597,500
16005000900,2259,1793,466
16005001000,3116,2306,810
16005001102,3888,2796,1092
16005001103,4886,3306,1580
16005001104,3255,2278,977
16005001200,3362,2335,1027
16005001300,2613,1960,653
16005001400,4382,3269,1113
16005001500,6226,4517,1709
16005001601,2607,2119,488
16005001602,3944,2872,1072
16005001603,2632,2171,461
16005001700,3778,2921,857
16005001900,5143,3828,1315
16005940000,2141,1558,583
16005981800,374,250,124
16007950100,3645,2629,1016
16007950200,2727,2001,726
16009940000,4858,3730,1128
16009950100,4672,3699,973
16011940000,3009,2105,904
16011950101,3920,2693,1227
16011950102,5506,3622,1884
16011950200,4005,2812,1193
16011950300,5574,3833,1741
16011950400,7263,5180,2083
16011950501,2741,2024,717
16011950502,5239,3721,1518
16011950600,5681,3901,1780
16011950700,5054,3424,1630
16013960101,1517,1127,390
16013960102,3682,2908,774
16013960201,6226,4590,1636
16013960202,4861,3671,1190
16013960301,2155,1913,242
16013960302,2453,2103,350
16013960501,1801,1485,316
16013960502,1577,1355,222
16015950201,2090,1748,342
16015950202,2208,1890,318
16015950203,3312,2718,594
16017950100,2555,2146,409
16017950201,3189,2497,692
16017950202,2728,2165,563
16017950203,4386,3392,994
16017950300,3727,2914,813
16017950401,1296,1014,282
16017950402,3964,3115,849
16017950403,2721,2205,516
16017950500,3439,2769,670
16017950600,2284,1961,323
16017950701,2908,2376,532
16017950702,2095,1740,355
16017950801,3156,2638,518
16017950802,3978,3156,822
16017950901,1334,1128,206
16017950902,3350,2692,658
16019970100,6780,4760,2020
16019970300,6703,4610,2093
16019970401,2953,2153,800
16019970402,7323,4478,2845
16019970404,5565,3542,2023
16019970405,8791,5367,3424
16019970502,5416,3755,1661
16019970503,6531,4333,2198
16019970504,3594,2167,1427
16019970505,4765,3479,1286
16019970601,2765,2005,760
16019970602,6234,4472,1762
16019970603,2490,1978,512
16019970700,5518,4240,1278
16019970800,3944,2896,1048
16019970900,5049,3607,1442
16019971000,5050,3699,1351
16019971100,3700,2875,825
16019971200,4537,3431,1106
16019971301,7160,4954,2206
16019971302,5883,4214,1669
16019971401,4561,3278,1283
16019971402,6752,4558,2194
16019971500,1900,1354,546
16021970100,6469,4817,1652
16021970200,5587,4432,1155
16023970100,2574,1922,652
16025970100,1077,829,248
16027020100,1263,979,284
16027020200,4705,3361,1344
16027020300,4415,3345,1070
16027020403,4782,3445,1337
16027020404,4837,3541,1296
16027020405,2829,2095,734
16027020406,3786,2988,798
16027020501,3774,2713,1061
16027020503,3624,2680,944
16027020505,3380,2472,908
16027020506,2747,2013,734
16027020601,6121,4154,1967
16027020603,5139,3835,1304
16027020604,2443,1886,557
16027020700,4090,3129,961
16027020903,4794,3504,1290
16027020904,4936,3609,1327
16027020905,4413,3320,1093
16027020906,6025,4067,1958
16027020907,3745,2793,952
16027020908,4531,3270,1261
16027020909,3516,2510,1006
16027020910,2476,1856,620
16027021003,4222,2669,1553
16027021004,6683,4512,2171
16027021005,6434,4312,2122
16027021006,4807,3876,931
16027021007,3406,2374,1032
16027021008,4236,2858,1378
16027021101,6805,4434,2371
16027021102,2889,1990,899
16027021103,3639,2604,1035
16027021104,4413,3091,1322
16027021105,5316,3685,1631
16027021201,3826,2592,1234
16027021202,4266,3059,1207
16027021300,2955,2179,776
16027021500,5174,4073,1101
16027021600,4258,3249,1009
16027021701,4610,3436,1174
16027021702,6989,4888,2101
16027021801,4225,3248,977
16027021802,3317,2491,826
16027021901,6651,4573,2078
16027021904,3794,2598,1196
16027021905,4678,3359,1319
16027021906,5227,3812,1415
16027021907,3421,2375,1046
16027022100,5091,3755,1336
16027022200,5490,4001,1489
16027022301,3111,2248,863
16027022302,1365,1023,342
16027022303,2364,1739,625
16027022400,5072,3772,1300
16029960100,4124,2925,1199
16029960200,2903,2046,857
16031950100,2816,1946,870
16031950200,3464,2345,1119
16031950300,5660,3927,1733
16031950400,4295,3117,1178
16031950500,6008,4056,1952
16031950600,2412,1608,804
16033950100,790,580,210
16035940001,1950,1725,225
16035940002,3828,3119,709
16035970100,2956,2460,496
16037960200,4275,3538,737
16039960100,2774,2170,604
16039960201,4996,3783,1213
16039960202,4398,3261,1137
16039960300,4280,3363,917
16039960401,5526,3994,1532
16039960402,3501,2572,929
16039960500,3191,2303,888
16041970100,6743,4579,2164
16041970200,7451,5103,2348
16043970100,1517,1273,244
16043970200,3556,2545,1011
16043970301,4838,3406,1432
16043970302,3477,2474,1003
16045960100,4780,3760,1020
16045960200,6496,4858,1638
16045960301,4352,3338,1014
16045960302,3495,2640,855
16047960101,3938,2807,1131
16047960102,3656,2625,1031
16047960201,4892,3562,1330
16047960202,3112,2281,831
16049940000,4301,3457,844
16049960100,2126,1801,325
16049960201,1794,1447,347
16049960202,4724,3613,1111
16049960300,2190,1744,446
16049960400,1406,1208,198
16051960100,3986,2668,1318
16051960200,4203,2971,1232
16051960301,3304,2027,1277
16051960302,6001,4068,1933
16051960401,6394,3887,2507
16051960402,7003,4751,2252
16053970100,3273,2311,962
16053970200,4242,2904,1338
16053970300,5895,3967,1928
16053970400,3467,2301,1166
16053970501,4862,3596,1266
16053970502,2498,1795,703
16055000101,3051,2437,614
16055000102,4722,3664,1058
16055000201,3561,2745,816
16055000202,3514,2796,718
16055000203,3486,2832,654
16055000301,7280,5506,1774
16055000303,5689,4059,1630
16055000304,3224,2504,720
16055000401,7020,5138,1882
16055000402,9289,6821,2468
16055000501,6254,4675,1579
16055000502,6296,4709,1587
16055000503,4384,3145,1239
16055000601,4774,3794,980
16055000602,6462,4840,1622
16055000701,4966,3896,1070
16055000702,4850,3546,1304
16055000703,7972,5746,2226
16055000704,5688,3891,1797
16055000800,5897,4752,1145
16055000901,3448,2720,728
16055000902,3099,2626,473
16055001002,4890,3820,1070
16055001003,2322,1862,460
16055001004,4154,3321,833
16055001100,2204,1743,461
16055001201,3322,2546,776
16055001202,3236,2711,525
16055001300,4173,3194,979
16055001400,2681,2248,433
16055001500,3294,2585,709
16055001600,2778,2289,489
16055001700,4769,3924,845
16055001801,3085,2564,521
16055001802,6024,4777,1247
16055001901,1732,1426,306
16055001902,1166,1030,136
16055002000,3897,3163,734
16055940000,2709,2160,549
16057005101,3009,2325,684
16057005102,4889,4270,619
16057005200,6582,4936,1646
16057005301,2580,1996,584
16057005302,5547,4489,1058
16057005400,5989,5398,591
16057005500,4038,3088,950
16057005600,3789,2896,893
16057005700,3094,2354,740
16059970100,2504,2015,489
16059970200,3008,2441,567
16059970300,2462,2014,448
16061940001,1539,1246,293
16061940002,1952,1523,429
16063950100,5127,3692,1435
16065950101,2771,1797,974
16065950102,2852,1881,971
16065950103,2065,1482,583
16065950200,4761,3867,894
16065950301,7781,7410,371
16065950303,12294,11297,997
16065950304,7208,5268,1940
16065950401,4298,3353,945
16065950402,2730,1797,933
16065950501,2560,1635,925
16065950502,3593,2354,1239
16067970100,3358,2388,970
16067970200,6214,4419,1795
16067970300,3022,2134,888
16067970400,4738,3388,1350
16067970500,4281,3054,1227
16069940000,4833,3722,1111
16069960200,371,292,79
16069960300,5200,4157,1043
16069960400,3330,2655,675
16069960500,4443,3558,885
16069960600,5149,4087,1062
16069960700,5776,4489,1287
16069960800,3909,3063,846
16069960900,3257,2553,704
16069961000,5822,4466,1356
16071960100,4564,3273,1291
16073950101,4718,3420,1298
16073950102,3403,2445,958
16073950200,3792,2857,935
16075960100,7010,5366,1644
16075960200,3553,2651,902
16075960301,1679,1244,435
16075960302,7735,5493,2242
16075960400,5409,3898,1511
16077960100,1625,1178,447
16077960200,6253,4322,1931
16079960200,4311,3551,760
16079960300,4015,3150,865
16079960400,4843,3888,955
16081960101,1290,997,293
16081960102,659,491,168
16081960103,1933,1406,527
16081960104,2012,1533,479
16081960105,2978,2165,813
16081960106,1145,793,352
16081960107,1613,1230,383
16083000200,7519,5414,2105
16083000300,5906,4439,1467
16083000400,4291,3217,1074
16083000500,6587,4675,1912
16083000600,3274,2519,755
16083000701,11083,8025,3058
16083000702,4531,3257,1274
16083000800,6433,4902,1531
16083000900,5069,3750,1319
16083001001,4763,3445,1318
16083001002,4378,3195,1183
16083001100,3390,2747,643
16083001201,4145,2905,1240
16083001202,4845,3409,1436
16083001301,7292,4867,2425
16083001302,2384,1753,631
16083001600,4156,2953,1203
16085970100,2870,2481,389
16085970200,3171,2559,612
16085970301,2053,1674,379
16085970302,3652,2846,806
16087970100,1710,1407,303
16087970200,3841,2974,867
16087970300,4949,3659,1290
17001000100,4644,3762,882
17001000201,2067,1626,441
17001000202,2870,2301,569
17001000400,3793,2932,861
17001000500,1719,1358,361
17001000600,3590,2719,871
17001000700,1243,1120,123
17001000800,2455,1799,656
17001000900,2572,1979,593
17001001001,3245,2499,746
17001001002,3109,2482,627
17001001100,8015,6205,1810
17001010100,4403,3395,1008
17001010200,3634,2784,850
17001010301,2800,2085,715
17001010302,3062,2250,812
17001010400,3605,2756,849
17001010500,3069,2437,632
17001010600,5842,4541,1301
17003957600,1820,1495,325
17003957700,1491,1204,287
17003957800,1030,808,222
17003957900,899,731,168
17005951200,2924,2319,605
17005951300,6883,5840,1043
17005951400,2918,2340,578
17005951500,4000,3176,824
17007010101,4396,3240,1156
17007010102,3756,2758,998
17007010200,5640,4243,1397
17007010300,6674,5064,1610
17007010400,6912,5186,1726
17007010501,4501,3483,1018
17007010502,5795,4525,1270
17007010601,3847,2931,916
17007010603,6380,4602,1778
17007010604,5547,4070,1477
17009970400,2349,1842,507
17009970500,3895,3314,581
17011964700,2866,2269,597
17011964800,3231,2464,767
17011964900,2635,2144,491
17011965000,3668,2790,878
17011965100,4224,3281,943
17011965200,3474,2744,730
17011965300,3370,2634,736
17011965400,3555,2958,597
17011965500,3506,2766,740
17011965600,2715,2162,553
17013951200,2306,1830,476
17013951300,2131,1705,426
17015960100,3773,2973,800
17015960200,1976,1642,334
17015960300,3000,2426,574
17015960400,1944,1621,323
17015960500,2461,1948,513
17015960600,2548,2261,287
17017960100,2251,1772,479
17017960200,2501,1954,547
17017960300,3054,2381,673
17017960400,2545,1863,682
17017960500,2691,1856,835
17019000200,2266,1683,583
17019000301,6593,6278,315
17019000302,3830,3721,109
17019000401,5125,5059,66
17019000402,4001,3851,150
17019000500,3608,3138,470
17019000700,3290,2304,986
17019000800,6052,4801,1251
17019000901,4731,3432,1299
17019000902,6833,5282,1551
17019001000,4366,3526,840
17019001100,3519,2809,710
17019001201,6611,4879,1732
17019001203,4414,3451,963
17019001204,3453,2602,851
17019001205,7271,5484,1787
17019001206,1886,1591,295
17019001301,5796,4715,1081
17019001302,4892,4054,838
17019001400,7616,6592,1024
17019005300,3800,3272,528
17019005401,4531,3508,1023
17019005402,3170,2496,674
17019005500,5289,4254,1035
17019005601,6088,4646,1442
17019005602,2441,2175,266
17019005701,5030,4116,914
17019005702,1559,1330,229
17019005800,3479,3031,448
17019005901,2722,2665,57
17019005902,2402,2335,67
17019006000,3218,3009,209
17019010100,4529,3456,1073
17019010204,4377,3311,1066
17019010300,3494,2291,1203
17019010400,4498,3587,911
17019010500,4593,3412,1181
17019010601,5749,4062,1687
17019010603,7972,5700,2272
17019010604,2451,1995,456
17019010701,3875,2779,1096
17019010702,3767,2861,906
17019010800,4313,3389,924
17019010901,6029,4611,1418
17019010902,4215,3226,989
17019011001,2072,1844,228
17019011002,1888,1732,156
17019011100,2161,2073,88
17021958100,2835,2218,617
17021958200,3593,2856,737
17021958300,3975,3222,753
17021958400,3719,2882,837
17021958500,2138,1703,435
17021958600,2155,1634,521
17021958700,5819,5127,692
17021958800,2448,1902,546
17021958900,2554,1926,628
17021959000,4796,3748,1048
17023060100,4696,3631,1065
17023060200,4312,3361,951
17023060300,4850,3770,1080
17023060400,1597,1231,366
17025971900,2376,1803,573
17025972000,2829,2217,612
17025972100,5155,3950,1205
17025972200,2928,2275,653
17027900100,6512,4994,1518
17027900200,1910,1443,467
17027900300,6928,5379,1549
17027900401,1201,969,232
17027900403,3921,3137,784
17027900404,1403,1168,235
17027900500,5664,4705,959
17027900601,2460,1878,582
17027900602,6900,5183,1717
17029000100,2658,2125,533
17029000200,5556,4342,1214
17029000300,4293,3341,952
17029000400,2629,2122,507
17029000500,6017,4891,1126
17029000600,3228,2631,597
17029000701,2806,2331,475
17029000702,2767,2284,483
17029000800,2831,2540,291
17029000900,4109,3260,849
17029001000,3177,2567,610
17029001100,3464,2714,750
17029001200,3328,2576,752
17031010100,4905,4083,822
17031010201,6939,5333,1606
17031010202,2742,2296,446
17031010300,6305,5606,699
17031010400,5079,4742,337
17031010501,4206,3762,444
17031010502,3278,2991,287
17031010503,2565,2354,211
17031010600,6225,5441,784
17031010701,3673,2814,859
17031010702,4776,3774,1002
17031020100,4202,3253,949
17031020200,7128,5014,2114
17031020301,5261,3907,1354
17031020302,5010,3925,1085
17031020400,4435,3479,956
17031020500,6599,5078,1521
17031020601,6699,4677,2022
17031020602,4662,3496,1166
17031020701,1879,1489,390
17031020702,7717,5858,1859
17031020801,5648,4525,1123
17031020802,7546,5471,2075
17031020901,5848,4299,1549
17031020902,4488,3689,799
17031030101,3687,3387,300
17031030102,3121,2852,269
17031030103,2104,1948,156
17031030104,3521,3342,179
17031030200,5627,4785,842
17031030300,3148,2612,536
17031030400,2597,2173,424
17031030500,6183,5381,802
17031030601,3293,2913,380
17031030603,2045,1861,184
17031030604,3737,3439,298
17031030701,1671,1529,142
17031030702,2318,2144,174
17031030703,3075,2829,246
17031030706,2933,2675,258
17031030800,4284,3772,512
17031030900,2952,2548,404
17031031000,3868,3439,429
17031031100,4691,4359,332
17031031200,5541,4850,691
17031031300,6719,6159,560
17031031400,5221,4912,309
17031031501,4155,3603,552
17031031502,4712,4125,587
17031031700,6294,5662,632
17031031800,1910,1623,287
17031031900,2522,2143,379
17031032100,7543,6835,708
17031040100,3905,3249,656
17031040201,6408,5340,1068
17031040202,7318,5924,1394
17031040300,2928,2328,600
17031040401,3129,2493,636
17031040402,4746,4144,602
17031040600,2530,2150,380
17031040700,3426,2855,571
17031040800,1636,1337,299
17031040900,2063,1753,310
17031050100,2568,2070,498
17031050200,5309,3927,1382
17031050300,2671,2027,644
17031050500,5117,3782,1335
17031050600,2443,2001,442
17031050700,1513,1223,290
17031050800,1406,1019,387
17031050900,1426,1105,321
17031051000,1538,1174,364
17031051100,1599,1193,406
17031051200,1581,1296,285
17031051300,2907,2140,767
17031051400,2492,1912,580
17031060100,2830,2328,502
17031060200,2313,1956,357
17031060300,3076,2407,669
17031060400,3709,2860,849
17031060500,1374,1148,226
17031060800,5295,5027,268
17031060900,7104,6702,402
17031061000,2279,2099,180
17031061100,1367,1235,132
17031061200,1932,1638,294
17031061500,1797,1568,229
17031061800,1051,997,54
17031061901,3625,3325,300
17031061902,4665,4367,298
17031062000,2843,2571,272
17031062100,3817,3550,267
17031062200,3244,2796,448
17031062300,1667,1366,301
17031062400,1673,1389,284
17031062500,1675,1432,243
17031062600,2477,1760,717
17031062700,2955,2425,530
17031062800,3851,3191,660
17031062900,4125,3635,490
17031063000,3417,3167,250
17031063100,2376,2169,207
17031063200,6900,6486,414
17031063301,2833,2680,153
17031063302,4577,4303,274
17031063303,1274,1218,56
17031063400,2417,2202,215
17031070101,4171,3912,259
17031070102,3063,2852,211
17031070103,1845,1752,93
17031070200,4200,3684,516
17031070300,4349,3871,478
17031070400,3250,2753,497
17031070500,3322,2733,589
17031070600,3449,2734,715
17031070700,3699,2948,751
17031071000,4357,3945,412
17031071100,3091,2693,398
17031071200,2973,2545,428
17031071300,3893,3262,631
17031071400,4962,4515,447
17031071500,6282,5737,545
17031071600,1793,1364,429
17031071700,1660,1325,335
17031071800,2652,2088,564
17031080100,6388,5976,412
17031080201,3375,3214,161
17031080202,4225,3954,271
17031080300,5499,5071,428
17031080400,4569,3404,1165
17031081000,8746,8455,291
17031081100,4187,3951,236
17031081201,5080,4820,260
17031081202,3357,3137,220
17031081300,5540,5202,338
17031081401,2508,2394,114
17031081402,7052,6471,581
17031081403,9843,9232,611
17031081500,5917,5585,332
17031081600,4168,3976,192
17031081700,5537,5301,236
17031081800,11373,10668,705
17031081900,1325,1163,162
17031090100,3585,2700,885
17031090200,6626,5265,1361
17031090300,1314,991,323
17031100100,5538,4447,1091
17031100200,7024,5589,1435
17031100300,6252,5095,1157
17031100400,3207,2480,727
17031100500,6116,4780,1336
17031100600,4897,3899,998
17031100700,4967,3950,1017
17031110100,5568,4526,1042
17031110200,2772,2274,498
17031110300,5348,4286,1062
17031110400,4522,3690,832
17031110501,4786,3805,981
17031110502,3220,2667,553
17031120100,4402,3248,1154
17031120200,4748,3542,1206
17031120300,6920,5212,1708
17031120400,3526,2790,736
17031130100,5205,3992,1213
17031130200,1403,1156,247
17031130300,5083,3997,1086
17031140100,3464,2670,794
17031140200,5834,4801,1033
17031140301,2693,2060,633
17031140302,4060,3204,856
17031140400,6503,5129,1374
17031140500,3451,2733,718
17031140601,2545,1965,580
17031140602,5041,3832,1209
17031140701,2784,2292,492
17031140702,5535,4301,1234
17031140800,6486,5247,1239
17031150200,7434,6016,1418
17031150300,7120,5799,1321
17031150401,4681,3724,957
17031150402,3831,3012,819
17031150501,3823,3064,759
17031150502,4239,3352,887
17031150600,3882,3074,808
17031150700,4429,3470,959
17031150800,4903,3881,1022
17031151001,2833,2132,701
17031151002,4588,3481,1107
17031151100,5140,3994,1146
17031151200,3880,3116,764
17031160100,2444,1975,469
17031160200,3278,2580,698
17031160300,3769,3232,537
17031160400,4854,3956,898
17031160501,3703,2910,793
17031160502,3300,2670,630
17031160601,3380,2674,706
17031160602,3481,2807,674
17031160700,5766,4599,1167
17031160800,4997,4030,967
17031160900,2410,1956,454
17031161000,1899,1538,361
17031161100,1940,1481,459
17031161200,2820,2156,664
17031161300,3899,3198,701
17031170100,2034,1866,168
17031170200,3812,3043,769
17031170300,5216,4215,1001
17031170400,4141,3371,770
17031170500,5316,4280,1036
17031170600,2551,2084,467
17031170700,3068,2430,638
17031170800,3799,3022,777
17031170900,1662,1330,332
17031171000,7313,5834,1479
17031171100,4235,3293,942
17031180100,6656,5280,1376
17031190100,2325,1771,554
17031190200,5652,4277,1375
17031190300,5738,4514,1224
17031190401,4325,3335,990
17031190402,5294,4110,1184
17031190601,4382,3239,1143
17031190602,5378,4002,1376
17031190701,2972,2184,788
17031190702,4952,3595,1357
17031190800,6831,5096,1735
17031190900,1927,1518,409
17031191000,2422,1772,650
17031191100,7533,5436,2097
17031191200,3810,2737,1073
17031191301,5214,3816,1398
17031191302,4940,3530,1410
17031200100,4118,3203,915
17031200200,5162,3854,1308
17031200300,2015,1572,443
17031200401,3743,2723,1020
17031200402,4192,3186,1006
17031210100,4066,3329,737
17031210400,2912,2298,614
17031210501,3555,2928,627
17031210502,4099,3288,811
17031210601,2717,2249,468
17031210602,4148,3423,725
17031210700,3907,3293,614
17031210800,986,843,143
17031210900,3170,2630,540
17031220300,2207,1925,282
17031220400,2579,2217,362
17031220500,2751,2407,344
17031220601,1635,1446,189
17031220602,4877,4214,663
17031220701,2920,2421,499
17031220702,3653,2947,706
17031220901,2903,2213,690
17031220902,2959,2280,679
17031221000,2432,1971,461
17031221100,4440,3824,616
17031221200,2954,2453,501
17031221300,3062,2704,358
17031221400,3385,2929,456
17031221500,2909,2495,414
17031221600,3159,2605,554
17031222200,2156,1726,430
17031222500,1415,1192,223
17031222600,1599,1340,259
17031222700,2082,1701,381
17031222800,960,773,187
17031222900,1089,862,227
17031230100,1504,1229,275
17031230200,1834,1426,408
17031230300,956,677,279
17031230400,2235,1698,537
17031230500,3419,2589,830
17031230600,6817,5102,1715
17031230700,6218,4747,1471
17031230800,1234,962,272
17031230900,5044,4127,917
17031231100,1214,878,336
17031231200,5983,4450,1533
17031231500,5655,4198,1457
17031240200,1556,1333,223
17031240300,1362,1102,260
17031240500,2610,2272,338
17031240600,1489,1204,285
17031240700,1499,1213,286
17031240800,1687,1426,261
17031240900,1122,967,155
17031241000,2363,1926,437
17031241100,3574,3044,530
17031241200,1714,1505,209
17031241300,1848,1594,254
17031241400,5273,4667,606
17031241500,2954,2598,356
17031241600,3534,3251,283
17031242000,4692,4219,473
17031242100,3976,3523,453
17031242200,4082,3635,447
17031242300,3568,3124,444
17031242400,2902,2599,303
17031242500,3426,2930,496
17031242600,5665,4793,872
17031242700,1938,1548,390
17031242800,1507,1256,251
17031242900,1962,1619,343
17031243000,2234,1891,343
17031243100,2249,1808,441
17031243200,2287,1889,398
17031243300,2431,2165,266
17031243400,2880,2538,342
17031243500,4746,4261,485
17031250200,2779,2150,629
17031250300,4742,3631,1111
17031250400,5789,4527,1262
17031250500,7315,5914,1401
17031250600,4203,3336,867
17031250700,5932,4643,1289
17031250800,2432,1900,532
17031251000,1075,804,271
17031251100,4468,3331,1137
17031251200,3910,3001,909
17031251300,5098,3863,1235
17031251400,3986,3225,761
17031251500,4342,3091,1251
17031251600,3522,2663,859
17031251700,1347,999,348
17031251800,5101,3737,1364
17031251900,5387,3909,1478
17031252000,5646,4349,1297
17031252101,1502,1221,281
17031252102,6187,4704,1483
17031252201,2940,2402,538
17031252202,4783,3493,1290
17031260100,1477,1222,255
17031260200,1054,775,279
17031260300,1528,1147,381
17031260400,1398,1040,358
17031260500,1833,1262,571
17031260600,2114,1518,596
17031260700,1691,1220,471
17031260800,2271,1670,601
17031260900,1778,1308,470
17031261000,2289,1688,601
17031270500,1619,1144,475
17031271200,1172,842,330
17031271300,1060,732,328
17031271400,1535,1114,421
17031271500,1373,1039,334
17031271800,976,669,307
17031280100,7421,7033,388
17031280400,1231,923,308
17031280800,1198,852,346
17031280900,1077,721,356
17031281900,7031,6593,438
17031282700,2558,2085,473
17031282800,1634,1435,199
17031283100,2717,2346,371
17031283200,1670,1318,352
17031283800,3343,2734,609
17031290900,3975,2818,1157
17031291200,2286,1527,759
17031291600,874,689,185
17031292200,2942,2164,778
17031292400,2041,1519,522
17031292500,4057,3087,970
17031300500,3243,2301,942
17031300600,3253,2323,930
17031300700,4798,3348,1450
17031300800,4136,2958,1178
17031300900,4553,3272,1281
17031301100,2323,1645,678
17031301200,4087,2993,1094
17031301600,4995,3531,1464
17031301701,4279,3071,1208
17031301702,4121,2910,1211
17031301801,3947,2887,1060
17031301802,3376,2437,939
17031301803,5107,3589,1518
17031310200,1588,1378,210
17031310300,1767,1469,298
17031310400,1375,1197,178
17031310500,1399,1195,204
17031310600,5498,4690,808
17031310700,1700,1413,287
17031310800,4175,3421,754
17031310900,4781,3845,936
17031320101,9532,8702,830
17031320102,4846,4598,248
17031320400,2856,2723,133
17031320600,6395,6015,380
17031330101,4592,3919,673
17031330102,10811,9810,1001
17031330103,8248,7020,1228
17031330200,4008,3130,878
17031340300,1865,1587,278
17031340400,1844,1548,296
17031340500,1629,1484,145
17031340600,1151,769,382
17031350100,2228,2095,133
17031350400,1512,952,560
17031351000,3640,3237,403
17031351100,2038,1247,791
17031351400,1392,1100,292
17031351500,823,660,163
17031360200,1651,1205,446
17031380100,2207,1744,463
17031380200,2408,2181,227
17031380600,3947,2896,1051
17031381200,2077,1623,454
17031381400,1796,1339,457
17031381500,667,545,122
17031381800,1462,1157,305
17031381900,1106,886,220
17031390100,1553,1200,353
17031390200,1883,1526,357
17031390300,2617,2063,554
17031390400,2871,2319,552
17031390500,1666,1334,332
17031390600,1994,1580,414
17031390700,6532,5798,734
17031400300,1504,1049,455
17031400400,1995,1483,512
17031400500,2372,1651,721
17031400800,3178,2141,1037
17031410100,2272,2049,223
17031410200,1165,1063,102
17031410500,2922,2472,450
17031410600,2371,2115,256
17031410700,2399,2124,275
17031410800,2993,2642,351
17031410900,3670,3237,433
17031411000,3902,3575,327
17031411100,2379,2022,357
17031411200,1713,1421,292
17031420100,1642,1218,424
17031420200,1781,1397,384
17031420300,2818,2524,294
17031420400,1544,1272,272
17031420500,2053,1659,394
17031420600,2524,1768,756
17031420700,3021,2236,785
17031420800,2457,1803,654
17031421200,1405,1104,301
17031430101,4091,3115,976
17031430102,3104,2578,526
17031430200,5086,3968,1118
17031430300,2558,1759,799
17031430400,3031,2378,653
17031430500,4098,3165,933
17031430600,1670,1351,319
17031430700,2175,1881,294
17031430800,1862,1447,415
17031430900,1797,1413,384
17031431200,2898,2315,583
17031431301,3590,2567,1023
17031431302,4351,3170,1181
17031431400,6716,5644,1072
17031440101,4171,3250,921
17031440102,3633,2985,648
17031440201,5054,4046,1008
17031440202,3525,2943,582
17031440300,4677,3893,784
17031440600,1996,1655,341
17031440700,1497,1210,287
17031440800,1620,1259,361
17031440900,2462,1903,559
17031450300,3252,2671,581
17031460100,2840,2216,624
17031460200,1948,1409,539
17031460301,2987,2260,727
17031460302,3282,2467,815
17031460400,3411,2730,681
17031460500,5400,4490,910
17031460800,3639,2435,1204
17031461000,1460,1238,222
17031470100,2527,1998,529
17031480100,2001,1699,302
17031480200,1103,926,177
17031480300,1348,1102,246
17031480400,5650,4745,905
17031480500,2986,2405,581
17031490200,3040,2506,534
17031490500,1995,1663,332
17031490600,1443,1145,298
17031490700,2656,2037,619
17031490800,3502,2798,704
17031490901,3403,2726,677
17031490902,4647,3757,890
17031491000,3807,2832,975
17031491100,4079,3333,746
17031491200,2019,1630,389
17031491300,2023,1548,475
17031491400,2593,2017,576
17031500100,3545,2846,699
17031500200,1688,1227,461
17031500300,1587,1302,285
17031510100,3231,2389,842
17031510200,2922,2308,614
17031510300,4850,3849,1001
17031520100,1745,1264,481
17031520200,3338,2431,907
17031520300,5675,4225,1450
17031520400,4055,3003,1052
17031520500,4420,3374,1046
17031520600,2530,1897,633
17031530100,2197,1674,523
17031530200,4128,3032,1096
17031530300,3964,3117,847
17031530400,2059,1585,474
17031530501,4514,3456,1058
17031530502,1570,1229,341
17031530503,4898,3827,1071
17031530600,2774,2040,734
17031540101,4324,2538,1786
17031540102,2938,1823,1115
17031550100,7019,5379,1640
17031550200,2969,2241,728
17031560100,1477,1180,297
17031560200,1710,1293,417
17031560300,3253,2482,771
17031560400,1630,1258,372
17031560700,3635,2777,858
17031560800,5682,4390,1292
17031560900,5112,4019,1093
17031561000,5308,4195,1113
17031561100,5581,4302,1279
17031570100,1316,1010,306
17031570200,2096,1561,535
17031570300,6376,4558,1818
17031570400,1769,1296,473
17031570500,2639,1909,730
17031580100,3228,2467,761
17031580200,3466,2516,950
17031580300,2577,1936,641
17031580400,4546,3366,1180
17031580501,5170,3781,1389
17031580502,5345,3823,1522
17031580600,5405,3862,1543
17031580700,5621,4182,1439
17031580800,2058,1444,614
17031590500,1854,1517,337
17031590600,3477,2696,781
17031590700,3027,2282,745
17031600400,4297,3481,816
17031600600,2988,2450,538
17031600700,2591,2111,480
17031600900,3682,3071,611
17031610300,5410,3800,1610
17031610400,2029,1413,616
17031610800,1512,1184,328
17031611200,2680,1826,854
17031611300,3668,2505,1163
17031611400,3737,2608,1129
17031611500,3587,2651,936
17031611600,1921,1275,646
17031611700,2180,1453,727
17031611800,2205,1560,645
17031611900,1984,1336,648
17031612000,1448,1041,407
17031612100,1168,889,279
17031612200,3939,2689,1250
17031620100,4567,3373,1194
17031620200,2390,1816,574
17031620300,6410,4793,1617
17031620400,5027,3695,1332
17031630300,5385,3852,1533
17031630400,7204,5139,2065
17031630500,6271,4472,1799
17031630600,3250,2347,903
17031630800,6641,4770,1871
17031630900,5204,3752,1452
17031640100,1312,1006,306
17031640300,6710,5118,1592
17031640400,3390,2599,791
17031640500,3896,3094,802
17031640600,4063,3208,855
17031640700,3298,2475,823
17031640800,1799,1323,476
17031650100,4765,3534,1231
17031650200,7251,5373,1878
17031650301,5829,4195,1634
17031650302,4522,3268,1254
17031650400,6894,4982,1912
17031650500,4401,3313,1088
17031660301,1850,1317,533
17031660302,5549,3890,1659
17031660400,5692,4156,1536
17031660500,5013,3684,1329
17031660600,6404,4541,1863
17031660700,2076,1554,522
17031660800,6114,4531,1583
17031660900,4446,3255,1191
17031661000,5756,4328,1428
17031661100,6633,4847,1786
17031670100,1349,934,415
17031670200,1325,930,395
17031670300,1287,920,367
17031670400,1585,1158,427
17031670500,1148,834,314
17031670600,1339,968,371
17031670700,1252,943,309
17031670800,1477,1085,392
17031670900,1172,866,306
17031671100,994,756,238
17031671200,980,697,283
17031671300,2048,1552,496
17031671400,1558,1139,419
17031671500,2716,1978,738
17031671600,1804,1384,420
17031671800,1142,892,250
17031671900,1122,872,250
17031672000,3397,2509,888
17031680500,1307,942,365
17031680600,1165,817,348
17031680900,3573,2696,877
17031681000,2573,1973,600
17031681100,2873,2102,771
17031681200,2353,1635,718
17031681300,2182,1592,590
17031681400,2474,1867,607
17031690300,2302,1756,546
17031690400,3363,2544,819
17031690500,992,714,278
17031690900,4250,3228,1022
17031691000,2668,2243,425
17031691100,2980,2225,755
17031691200,2277,1694,583
17031691300,2374,1967,407
17031691400,3411,2673,738
17031691500,1806,1337,469
17031700100,3326,2526,800
17031700200,6554,4759,1795
17031700301,5762,4197,1565
17031700302,5662,4246,1416
17031700401,5822,4459,1363
17031700402,4082,3067,1015
17031700501,6912,5681,1231
17031700502,2978,2489,489
17031710100,1015,772,243
17031710200,4635,3442,1193
17031710300,1424,1099,325
17031710400,5424,4191,1233
17031710500,4036,3248,788
17031710600,1706,1310,396
17031710700,3420,2686,734
17031710800,4804,3782,1022
17031710900,1942,1420,522
17031711000,3058,2398,660
17031711100,2499,2052,447
17031711200,4687,3930,757
17031711300,1462,1177,285
17031711400,2394,1859,535
17031711500,2372,1872,500
17031720100,3344,2567,777
17031720200,4131,3257,874
17031720300,3637,2811,826
17031720400,1961,1431,530
17031720500,2086,1584,502
17031720600,1691,1300,391
17031720700,3073,2521,552
17031730100,2462,1973,489
17031730201,5627,4533,1094
17031730202,2893,2374,519
17031730300,1046,840,206
17031730400,3386,2735,651
17031730500,4220,3346,874
17031730600,3254,2594,660
17031730700,2281,1750,531
17031740100,3234,2435,799
17031740200,5830,4430,1400
17031740300,4869,3590,1279
17031740400,4695,3617,1078
17031750100,3736,2898,838
17031750200,3024,2488,536
17031750300,2470,1859,611
17031750400,2909,2303,606
17031750500,5618,4517,1101
17031750600,3420,2676,744
17031760801,4403,3618,785
17031760802,2374,2015,359
17031760803,6394,5097,1297
17031770201,5894,4925,969
17031770202,5060,4323,737
17031770300,7234,5925,1309
17031770400,4375,3591,784
17031770500,4632,3020,1612
17031770601,3272,2658,614
17031770602,4762,3688,1074
17031770700,2537,2093,444
17031770800,5661,4457,1204
17031770901,5245,4301,944
17031770902,3732,3066,666
17031800100,2395,1722,673
17031800200,6466,4628,1838
17031800300,3613,2529,1084
17031800400,3936,2763,1173
17031800500,5133,3483,1650
17031800600,2429,1672,757
17031800700,5257,3640,1617
17031800800,2426,1935,491
17031800900,4505,3420,1085
17031801000,5337,3925,1412
17031801100,4871,3392,1479
17031801200,3651,2701,950
17031801300,4430,3228,1202
17031801400,2922,2196,726
17031801500,6572,5284,1288
17031801601,4734,3831,903
17031801603,4138,3221,917
17031801605,5883,4581,1302
17031801606,6716,5318,1398
17031801607,5225,4181,1044
17031801608,7057,5761,1296
17031801701,3846,2758,1088
17031801702,4756,3405,1351
17031801800,5972,4627,1345
17031801901,5016,3989,1027
17031801902,3420,2462,958
17031802002,5130,3887,1243
17031802003,2679,2031,648
17031802004,5871,4575,1296
17031802100,3734,2610,1124
17031802200,4848,3727,1121
17031802300,5968,4712,1256
17031802402,5543,4674,869
17031802403,1531,1363,168
17031802404,7558,5882,1676
17031802503,6412,5235,1177
17031802504,6442,5103,1339
17031802505,6723,5233,1490
17031802506,2285,1809,476
17031802605,7125,5987,1138
17031802607,1536,1194,342
17031802608,6730,5530,1200
17031802609,6290,4906,1384
17031802610,1757,1442,315
17031802701,6682,5120,1562
17031802702,4710,3864,846
17031802801,5041,3876,1165
17031802802,6991,5251,1740
17031802900,6055,4545,1510
17031803005,2614,2031,583
17031803007,5153,4290,863
17031803008,4767,3695,1072
17031803010,5351,4196,1155
17031803012,2234,1827,407
17031803013,5490,4495,995
17031803014,3677,2946,731
17031803015,4631,3884,747
17031803016,2490,1763,727
17031803017,6283,5011,1272
17031803100,3616,2601,1015
17031803200,5586,4381,1205
17031803300,5726,4751,975
17031803400,6592,4859,1733
17031803500,5803,4414,1389
17031803603,6824,5267,1557
17031803604,4209,3424,785
17031803605,7002,5559,1443
17031803607,4819,3944,875
17031803608,7544,5840,1704
17031803611,5698,4377,1321
17031803612,3831,2768,1063
17031803613,3434,2444,990
17031803614,4422,3206,1216
17031803615,2752,2169,583
17031803616,4635,3887,748
17031803701,2707,2349,358
17031803702,6376,5036,1340
17031803800,4522,3597,925
17031803901,3935,3421,514
17031803902,3429,2813,616
17031804000,4763,3942,821
17031804102,7307,5680,1627
17031804104,4949,3711,1238
17031804105,4168,3219,949
17031804106,7264,5542,1722
17031804108,4798,3747,1051
17031804109,3078,2484,594
17031804202,7793,5973,1820
17031804203,3458,2626,832
17031804204,5263,4020,1243
17031804305,6952,5494,1458
17031804306,5626,4218,1408
17031804308,5518,4583,935
17031804309,3038,2306,732
17031804312,2238,1720,518
17031804313,6354,4943,1411
17031804314,1682,1448,234
17031804315,2446,1984,462
17031804316,5027,4026,1001
17031804403,7297,5715,1582
17031804404,5147,3857,1290
17031804405,3570,2481,1089
17031804406,6292,4729,1563
17031804505,3970,3159,811
17031804506,5472,4359,1113
17031804508,2343,1735,608
17031804509,6012,4444,1568
17031804510,5872,4103,1769
17031804511,2426,1802,624
17031804512,3995,3186,809
17031804513,4065,3226,839
17031804514,4690,3594,1096
17031804603,5651,4531,1120
17031804606,7088,5568,1520
17031804607,7123,5564,1559
17031804608,4027,3163,864
17031804609,6147,4886,1261
17031804610,2524,2060,464
17031804611,4653,3664,989
17031804701,7045,5598,1447
17031804705,4148,3251,897
17031804706,2553,1963,590
17031804709,6814,5529,1285
17031804710,4292,3380,912
17031804711,7629,5869,1760
17031804712,5456,4142,1314
17031804713,5037,3917,1120
17031804714,3534,2824,710
17031804715,3426,2513,913
17031804716,5360,4150,1210
17031804803,5721,4372,1349
17031804804,6809,5330,1479
17031804805,6860,5342,1518
17031804806,3796,2801,995
17031804807,5224,4030,1194
17031804808,2596,2011,585
17031804809,4259,3326,933
17031804810,7097,5587,1510
17031804901,6927,5258,1669
17031804902,5626,4461,1165
17031805001,4985,3819,1166
17031805002,7422,5838,1584
17031805105,7278,5579,1699
17031805106,2778,2340,438
17031805107,6793,5420,1373
17031805108,6400,5009,1391
17031805109,4396,3555,841
17031805110,4440,3648,792
17031805111,7786,6048,1738
17031805112,3482,2855,627
17031805201,3475,2921,554
17031805202,4078,3171,907
17031805301,3588,2880,708
17031805302,3873,3092,781
17031805401,4056,3284,772
17031805402,5467,4469,998
17031805501,3998,3188,810
17031805502,4295,3263,1032
17031805600,4710,3420,1290
17031805701,5485,4092,1393
17031805702,2089,1601,488
17031805801,2580,2029,551
17031805802,5096,3850,1246
17031805901,4341,3585,756
17031805902,6503,5141,1362
17031806001,5818,4929,889
17031806002,7833,6292,1541
17031806004,7554,6276,1278
17031806005,3258,2495,763
17031806006,4885,4065,820
17031806102,4400,3621,779
17031806103,5269,4271,998
17031806104,4134,3377,757
17031806201,4908,4170,738
17031806202,4998,4358,640
17031806300,4687,3765,922
17031806400,2492,1979,513
17031806501,2665,2085,580
17031806502,4202,3365,837
17031806600,3602,2886,716
17031806700,4486,3397,1089
17031806801,4294,3523,771
17031806802,3445,2639,806
17031806900,5342,4547,795
17031807000,5866,4601,1265
17031807100,3984,2900,1084
17031807200,6059,4720,1339
17031807300,7718,6243,1475
17031807400,6824,5216,1608
17031807500,3327,2607,720
17031807600,6705,5302,1403
17031807700,6147,4850,1297
17031807800,2878,2182,696
17031807900,4201,3396,805
17031808001,3981,3191,790
17031808002,5281,4149,1132
17031808100,4010,3648,362
17031808200,5646,4473,1173
17031808301,6520,5342,1178
17031808302,4367,3554,813
17031808400,4622,3634,988
17031808500,4239,3307,932
17031808600,2465,1844,621
17031808702,5481,5310,171
17031808800,3988,3139,849
17031808900,4149,3113,1036
17031809000,4001,3055,946
17031809100,3437,2632,805
17031809200,4980,3583,1397
17031809300,5043,4416,627
17031809401,2747,2531,216
17031809402,3374,3192,182
17031809500,4346,3831,515
17031809600,3319,2406,913
17031809700,3714,2807,907
17031809800,2678,2221,457
17031809900,3046,2450,596
17031810000,5640,4722,918
17031810100,4480,3555,925
17031810200,6222,4876,1346
17031810301,4105,3228,877
17031810302,3360,2637,723
17031810400,5409,4161,1248
17031810501,5293,4315,978
17031810502,5355,4392,963
17031810600,4949,3965,984
17031810701,4865,3853,1012
17031810702,3914,3207,707
17031810800,5124,4043,1081
17031810900,6360,5077,1283
17031811000,4258,3513,745
17031811100,6703,5489,1214
17031811200,5401,4239,1162
17031811301,4802,3703,1099
17031811302,3565,2645,920
17031811401,5001,3891,1110
17031811402,4572,3556,1016
17031811500,6031,4780,1251
17031811600,6053,4891,1162
17031811701,3455,2554,901
17031811702,5384,4105,1279
17031811800,5644,4451,1193
17031811900,6051,4669,1382
17031812000,5666,4145,1521
17031812100,4763,3413,1350
17031812200,3984,2900,1084
17031812301,4978,4393,585
17031812302,2681,1971,710
17031812400,3458,2499,959
17031812500,3680,2854,826
17031812600,3898,3165,733
17031812700,3192,2603,589
17031812801,3387,2996,391
17031812802,2521,2126,395
17031812900,4846,3556,1290
17031813000,3935,2874,1061
17031813100,4678,3482,1196
17031813200,4582,3293,1289
17031813301,3634,2473,1161
17031813302,3858,2635,1223
17031813400,7571,5424,2147
17031813500,7169,5317,1852
17031813600,5443,3938,1505
17031813701,3886,2771,1115
17031813702,4199,3044,1155
17031813801,2856,2018,838
17031813802,4958,3664,1294
17031813900,6768,5028,1740
17031814000,4706,3552,1154
17031814100,4683,3312,1371
17031814200,7671,5414,2257
17031814300,4690,3443,1247
17031814400,7781,5722,2059
17031814500,5395,4124,1271
17031814600,5616,4247,1369
17031814700,5548,4257,1291
17031814800,6445,5016,1429
17031814900,6557,4899,1658
17031815000,4254,3137,1117
17031815100,4318,3265,1053
17031815200,6901,5237,1664
17031815300,3756,2934,822
17031815400,5545,4460,1085
17031815500,8310,6247,2063
17031815600,5608,4322,1286
17031815701,4124,3033,1091
17031815702,5302,4040,1262
17031815800,1630,1250,380
17031815900,4773,4318,455
17031816000,3307,2943,364
17031816100,6259,5246,1013
17031816200,4163,3320,843
17031816300,4778,3661,1117
17031816401,4664,3358,1306
17031816402,4460,3223,1237
17031816500,4262,3141,1121
17031816600,4522,3321,1201
17031816700,2693,2049,644
17031816800,5765,4712,1053
17031816900,5561,4339,1222
17031817000,5510,4267,1243
17031817101,4563,3567,996
17031817102,3158,2553,605
17031817200,4821,3557,1264
17031817300,2799,1959,840
17031817400,3652,2696,956
17031817500,3612,2785,827
17031817600,3825,2948,877
17031817700,4803,3757,1046
17031817900,5532,4554,978
17031818000,4428,3514,914
17031818100,2330,1899,431
17031818200,4762,3791,971
17031818300,5922,4660,1262
17031818401,3613,2893,720
17031818402,3282,2722,560
17031818500,5650,4951,699
17031818600,5093,3933,1160
17031818700,3691,2801,890
17031818800,5692,4306,1386
17031818900,4496,3538,958
17031819000,4768,3423,1345
17031819100,4600,3640,960
17031819200,6154,4790,1364
17031819300,2777,2182,595
17031819400,5686,4345,1341
17031819500,3664,2969,695
17031819600,4083,2828,1255
17031819700,6028,4213,1815
17031819801,5364,3670,1694
17031819802,2741,2025,716
17031819900,3514,2463,1051
17031820000,2230,1502,728
17031820101,7889,6417,1472
17031820103,4285,3279,1006
17031820104,4453,3591,862
17031820202,3128,2511,617
17031820203,4038,3099,939
17031820204,4434,3667,767
17031820300,5588,4093,1495
17031820400,5556,4044,1512
17031820501,5905,4615,1290
17031820502,5380,4293,1087
17031820603,5530,4207,1323
17031820604,3689,2797,892
17031820605,4523,3365,1158
17031820606,3866,3212,654
17031820700,7110,5397,1713
17031820800,3695,2808,887
17031820901,5582,4340,1242
17031820902,5051,3782,1269
17031821001,5205,3965,1240
17031821002,5764,4446,1318
17031821101,4876,3749,1127
17031821102,4231,3209,1022
17031821200,5641,4347,1294
17031821300,5477,4143,1334
17031821401,2870,2282,588
17031821402,3200,2546,654
17031821500,1421,1043,378
17031821600,4542,3510,1032
17031821700,4859,3683,1176
17031821800,5415,4126,1289
17031821900,5129,3892,1237
17031822000,4343,3498,845
17031822101,4606,3527,1079
17031822102,4504,3726,778
17031822200,3929,3016,913
17031822301,4088,3115,973
17031822302,4447,3467,980
17031822400,6362,4806,1556
17031822500,4496,3484,1012
17031822601,4793,3717,1076
17031822602,7296,5708,1588
17031822701,4438,3657,781
17031822702,3828,3027,801
17031822801,3258,2605,653
17031822802,3669,2833,836
17031822900,2078,1612,466
17031823001,6624,5143,1481
17031823002,6006,4677,1329
17031823101,4515,3570,945
17031823102,3642,2799,843
17031823200,4775,3835,940
17031823302,5739,4555,1184
17031823303,4581,3467,1114
17031823304,5872,4665,1207
17031823400,4892,3702,1190
17031823500,4301,3288,1013
17031823602,6209,5330,879
17031823603,2021,1476,545
17031823604,3509,2866,643
17031823605,4177,3372,805
17031823702,7050,5557,1493
17031823703,8659,6397,2262
17031823704,4191,3265,926
17031823705,4666,3640,1026
17031823801,5873,4887,986
17031823803,7146,5624,1522
17031823805,3189,2599,590
17031823806,3847,3096,751
17031823901,3515,2958,557
17031823903,4657,3743,914
17031823904,4043,3303,740
17031824003,6242,4928,1314
17031824004,5374,4488,886
17031824005,5933,4542,1391
17031824006,5096,3856,1240
17031824105,7297,5795,1502
17031824106,7021,5540,1481
17031824107,6747,5461,1286
17031824113,6322,5027,1295
17031824114,5299,4164,1135
17031824115,3843,3109,734
17031824116,5244,4127,1117
17031824119,5456,4426,1030
17031824121,3138,2512,626
17031824122,6209,5048,1161
17031824123,7753,6024,1729
17031824124,3679,2913,766
17031824125,4098,3165,933
17031824126,5951,4561,1390
17031824127,3706,3024,682
17031824128,4638,3822,816
17031824129,4357,3632,725
17031824300,4499,3530,969
17031824400,2007,1621,386
17031824503,6880,5710,1170
17031824505,6783,5256,1527
17031824507,4136,3324,812
17031824508,3699,3144,555
17031824509,4154,3177,977
17031824601,4392,3436,956
17031824602,6245,4943,1302
17031824701,3782,2912,870
17031824702,5453,4130,1323
17031824800,7178,5294,1884
17031824900,3244,2394,850
17031825000,4766,3811,955
17031825200,2016,1549,467
17031825302,5938,4729,1209
17031825303,3785,2997,788
17031825304,3923,3239,684
17031825400,5337,4463,874
17031825501,5766,4277,1489
17031825503,6540,4986,1554
17031825504,3591,2592,999
17031825505,5364,4104,1260
17031825600,5138,3734,1404
17031825700,4046,3175,871
17031825801,3569,2705,864
17031825802,5862,4525,1337
17031825803,5908,4752,1156
17031825900,3296,2429,867
17031826000,2660,1904,756
17031826100,5931,4372,1559
17031826201,3844,3415,429
17031826202,5710,4256,1454
17031826301,3923,2951,972
17031826303,4068,3135,933
17031826304,2874,2182,692
17031826401,3725,2809,916
17031826402,4728,3633,1095
17031826500,5614,4308,1306
17031826600,4595,3531,1064
17031826700,4573,3404,1169
17031826800,4596,3367,1229
17031826901,1462,1059,403
17031826902,1255,958,297
17031827000,2968,2290,678
17031827100,2265,1684,581
17031827200,3693,2844,849
17031827300,2277,1665,612
17031827400,3230,2587,643
17031827500,4465,3252,1213
17031827600,3012,2176,836
17031827700,2452,1728,724
17031827801,4645,3568,1077
17031827802,3314,2598,716
17031827804,3149,2523,626
17031827805,2953,2338,615
17031827901,2421,2074,347
17031827902,4558,3402,1156
17031828000,5411,4106,1305
17031828100,5083,3872,1211
17031828201,4491,3459,1032
17031828202,4590,3591,999
17031828300,3363,2701,662
17031828401,3598,2778,820
17031828402,3688,2974,714
17031828503,4322,3118,1204
17031828504,5474,3872,1602
17031828505,6682,5297,1385
17031828507,3999,3158,841
17031828508,4630,3618,1012
17031828601,4198,3227,971
17031828602,4666,3564,1102
17031828701,3780,2882,898
17031828702,4742,3726,1016
17031828801,5122,3888,1234
17031828802,2982,2279,703
17031828900,3399,2448,951
17031829000,882,595,287
17031829100,3512,2462,1050
17031829200,5547,4121,1426
17031829301,3931,3050,881
17031829302,3633,2648,985
17031829401,1049,798,251
17031829402,3088,2436,652
17031829500,4001,3001,1000
17031829600,3035,2349,686
17031829700,3344,2524,820
17031829800,6891,5374,1517
17031829902,6457,5160,1297
17031829903,4529,3266,1263
17031829904,4168,3680,488
17031830001,2432,2034,398
17031830003,7640,5968,1672
17031830004,7529,5914,1615
17031830005,3768,3236,532
17031830006,2526,1973,553
17031830007,4638,3494,1144
17031830008,4342,3377,965
17031830100,3297,2533,764
17031830201,5105,4071,1034
17031830202,3377,2604,773
17031830300,5369,4171,1198
17031830400,4091,3086,1005
17031830500,4410,3271,1139
17031830600,4935,3970,965
17031830700,4006,3450,556
17031830800,2405,2168,237
17031830900,3076,2586,490
17031831000,2633,2204,429
17031831100,6697,5450,1247
17031831200,4832,3535,1297
17031831300,1251,925,326
17031831400,2820,2255,565
17031831500,4421,3424,997
17031831600,7745,6106,1639
17031831700,2237,1783,454
17031831800,5868,4639,1229
17031831900,3040,2634,406
17031832000,2062,1907,155
17031832100,3410,3057,353
17031832200,3289,2819,470
17031832300,2054,1734,320
17031832400,3601,3023,578
17031832500,3334,2615,719
17031832600,4147,3442,705
17031832900,1995,1787,208
17031833000,5637,5033,604
17031833100,9493,8039,1454
17031833300,2912,2589,323
17031833900,2333,1598,735
17031834000,3609,2577,1032
17031834200,4693,3778,915
17031834300,6240,5194,1046
17031834400,3765,2903,862
17031834500,1765,1216,549
17031834600,2357,1812,545
17031834700,1759,1325,434
17031834800,1753,1275,478
17031834900,1952,1451,501
17031835000,6398,4514,1884
17031835100,5585,4065,1520
17031835200,2038,1587,451
17031835500,1584,1258,326
17031835600,898,698,200
17031835800,1698,1298,400
17031836000,2338,1766,572
17031836100,1893,1399,494
17031836200,2178,2097,81
17031836300,1492,1275,217
17031836400,3621,2781,840
17031836500,1527,1130,397
17031836600,2929,2300,629
17031836700,2481,1819,662
17031836800,2645,1983,662
17031836900,1439,1000,439
17031837000,2042,1496,546
17031837100,1652,1327,325
17031837300,2489,1835,654
17031837400,1990,1537,453
17031837800,2837,2171,666
17031838000,2651,2172,479
17031838100,1821,1639,182
17031838200,1675,1510,165
17031838300,2580,2230,350
17031838600,1518,1064,454
17031838700,4132,2874,1258
17031838800,3102,2302,800
17031839000,10435,9740,695
17031839100,8234,7919,315
17031839200,2749,2466,283
17031839500,1590,1409,181
17031839600,1729,1426,303
17031839700,4545,3732,813
17031839800,2686,2256,430
17031839900,4431,3602,829
17031840000,3001,2428,573
17031840100,3029,2396,633
17031840200,2497,1998,499
17031840300,4196,3267,929
17031840400,3369,2662,707
17031840700,3900,2885,1015
17031840800,3332,2380,952
17031841000,1136,993,143
17031841100,7356,6263,1093
17031841200,4873,3839,1034
17031841300,4173,3388,785
17031841500,2904,1907,997
17031841700,1509,1191,318
17031841800,2404,1779,625
17031841900,6500,6010,490
17031842000,2590,2456,134
17031842100,6650,4911,1739
17031842200,4212,3733,479
17031842300,3529,3122,407
17031842400,3041,2498,543
17031842500,2644,1393,1251
17031842600,4245,3330,915
17031842800,7637,5309,2328
17031842900,2480,1946,534
17031843000,2880,2004,876
17031843100,1747,1262,485
17031843200,2422,1933,489
17031843300,1572,1188,384
17031843400,1524,1174,350
17031843500,6030,5740,290
17031843600,3089,2373,716
17031843700,2544,1891,653
17031843800,2000,1475,525
17031843900,3666,2995,671
17031844600,1776,1357,419
17031844700,2342,1671,671
17033880100,2656,2104,552
17033880200,3491,2736,755
17033880300,3338,2645,693
17033880400,2870,2220,650
17033880500,3414,2910,504
17033880600,2910,2276,634
17035972400,2913,2337,576
17035972500,3356,2508,848
17035972600,4181,3217,964
17037000100,6737,5108,1629
17037000200,4513,3501,1012
17037000300,2520,1945,575
17037000401,3975,3075,900
17037000402,5184,3789,1395
17037000500,4070,3144,926
17037000600,5919,4498,1421
17037000700,3694,2853,841
17037000800,6635,5147,1488
17037000900,4960,3969,991
17037001002,5860,4997,863
17037001003,4134,2651,1483
17037001004,2374,1702,672
17037001300,5267,4269,998
17037001400,6371,4920,1451
17037001500,3831,2928,903
17037001600,4383,3305,1078
17037001700,3388,2621,767
17037001800,3764,2913,851
17037001900,2363,1807,556
17037002000,4732,3669,1063
17037002100,2461,1891,570
17037002200,3285,3180,105
17039971400,2493,1980,513
17039971500,2601,2068,533
17039971600,3589,2841,748
17039971700,3271,2592,679
17039971800,3562,2703,859
17041952000,2181,1768,413
17041952100,4025,3088,937
17041952200,4668,3566,1102
17041952300,5395,3794,1601
17041952400,3471,2636,835
17043840000,2835,2107,728
17043840101,5680,4476,1204
17043840102,4734,3826,908
17043840103,6440,5394,1046
17043840104,6031,4491,1540
17043840201,6348,4909,1439
17043840202,5065,4103,962
17043840303,3597,2736,861
17043840304,3627,3061,566
17043840600,5068,3696,1372
17043840703,4295,3425,870
17043840704,3217,2399,818
17043840705,3759,2857,902
17043840706,3370,2596,774
17043840801,2621,2070,551
17043840802,5866,4487,1379
17043840901,3833,3106,727
17043840904,3610,2916,694
17043840906,2970,2299,671
17043840907,4658,3694,964
17043840908,4420,3364,1056
17043840910,4918,3724,1194
17043840911,3125,2428,697
17043841002,3321,2716,605
17043841003,3631,2852,779
17043841004,3480,2811,669
17043841102,5787,4573,1214
17043841103,3775,2980,795
17043841104,4411,3452,959
17043841108,4589,3370,1219
17043841109,4057,3144,913
17043841110,3478,2841,637
17043841111,3651,3101,550
17043841112,3112,2506,606
17043841113,3886,2862,1024
17043841114,4476,3665,811
17043841204,5974,4643,1331
17043841205,4506,3632,874
17043841206,5877,4677,1200
17043841207,2945,2206,739
17043841208,5048,4080,968
17043841209,3952,3131,821
17043841210,4385,3435,950
17043841307,5799,4540,1259
17043841308,4028,3129,899
17043841310,3512,2656,856
17043841312,3795,2729,1066
17043841313,2872,2407,465
17043841314,6288,4866,1422
17043841315,3371,2588,783
17043841316,3555,2819,736
17043841318,2835,2183,652
17043841320,2613,2004,609
17043841321,2391,1866,525
17043841322,4326,3415,911
17043841323,3102,2354,748
17043841324,2683,2035,648
17043841325,5535,4387,1148
17043841326,3356,2710,646
17043841327,4366,3382,984
17043841401,6894,5416,1478
17043841403,3899,3097,802
17043841404,3223,2565,658
17043841501,5927,4314,1613
17043841503,3600,2606,994
17043841504,2970,2182,788
17043841603,4709,3560,1149
17043841604,4169,3117,1052
17043841605,3552,2798,754
17043841606,2065,1704,361
17043841607,4884,3689,1195
17043841704,4609,3436,1173
17043841705,5858,4297,1561
17043841706,4564,3359,1205
17043841707,3305,2437,868
17043841708,4594,3577,1017
17043841801,5305,3834,1471
17043841802,5515,4034,1481
17043841901,2467,1849,618
17043841902,4088,3567,521
17043842000,4400,3099,1301
17043842100,5891,4261,1630
17043842200,4731,3574,1157
17043842300,3584,2513,1071
17043842400,5062,3740,1322
17043842500,3578,2831,747
17043842601,4107,2981,1126
17043842602,4335,3196,1139
17043842603,4359,3621,738
17043842604,4383,3587,796
17043842605,4289,3260,1029
17043842702,4479,3622,857
17043842703,4039,3085,954
17043842704,5215,4150,1065
17043842706,4787,3708,1079
17043842708,2551,1916,635
17043842709,3471,2668,803
17043842710,3805,3103,702
17043842711,2810,2203,607
17043842800,4781,3365,1416
17043842900,6022,4928,1094
17043843000,4087,3171,916
17043843100,3970,3102,868
17043843200,5335,4081,1254
17043843301,4020,3053,967
17043843302,2959,2343,616
17043843400,3492,2682,810
17043843500,5528,4370,1158
17043843601,3426,2652,774
17043843602,3106,2407,699
17043843700,4373,3374,999
17043843800,3433,2811,622
17043843900,4216,2936,1280
17043844001,3716,2644,1072
17043844002,4205,3035,1170
17043844100,4077,2852,1225
17043844201,5822,4580,1242
17043844202,2741,2061,680
17043844304,4077,3193,884
17043844305,3962,3499,463
17043844306,5956,4767,1189
17043844307,3749,2907,842
17043844308,2383,2153,230
17043844309,2390,1973,417
17043844310,2417,2064,353
17043844401,4075,3296,779
17043844402,4670,3873,797
17043844501,3277,2669,608
17043844502,3247,2796,451
17043844601,3627,3118,509
17043844602,5286,4372,914
17043844701,4265,3325,940
17043844702,5601,4155,1446
17043844801,4376,3150,1226
17043844802,3472,2696,776
17043844901,3716,2904,812
17043844902,4229,3225,1004
17043845000,5458,4121,1337
17043845100,6522,4542,1980
17043845200,4847,3216,1631
17043845300,3166,2207,959
17043845401,3656,2773,883
17043845402,3060,2453,607
17043845502,5413,4498,915
17043845505,4066,3273,793
17043845506,3995,3273,722
17043845507,3423,2746,677
17043845508,3753,3186,567
17043845509,3334,2692,642
17043845510,3308,2662,646
17043845601,4354,3291,1063
17043845602,4965,3789,1176
17043845701,3935,3110,825
17043845702,4839,3722,1117
17043845703,4582,3685,897
17043845704,4896,3926,970
17043845802,3689,3070,619
17043845803,5649,4273,1376
17043845805,4145,3344,801
17043845807,6100,5012,1088
17043845808,3868,2977,891
17043845809,4374,3402,972
17043845810,4067,3356,711
17043845811,3891,3153,738
17043845901,3418,2843,575
17043845902,3489,2906,583
17043846002,4737,4043,694
17043846003,4490,3728,762
17043846004,3756,3141,615
17043846102,4606,3611,995
17043846103,5257,4163,1094
17043846104,4359,3232,1127
17043846105,3499,2592,907
17043846106,3639,2944,695
17043846201,5855,4384,1471
17043846202,6426,5046,1380
17043846203,4383,3427,956
17043846205,3708,2726,982
17043846206,4244,3171,1073
17043846207,5345,3965,1380
17043846208,3179,2428,751
17043846209,4167,3274,893
17043846304,6258,4869,1389
17043846305,5687,4478,1209
17043846307,4752,3835,917
17043846308,3825,2965,860
17043846310,4551,3352,1199
17043846311,5232,4181,1051
17043846312,4506,4011,495
17043846313,5021,4106,915
17043846314,3332,2672,660
17043846315,4226,3275,951
17043846404,6135,4836,1299
17043846405,3899,2971,928
17043846408,4291,3006,1285
17043846409,4529,3317,1212
17043846410,5071,3824,1247
17043846411,5312,3929,1383
17043846412,4726,3817,909
17043846413,3708,3041,667
17043846504,6350,4899,1451
17043846507,3166,2391,775
17043846509,5876,4313,1563
17043846510,3271,2448,823
17043846511,6565,4704,1861
17043846513,2766,2055,711
17043846514,4159,3025,1134
17043846515,5420,4022,1398
17043846517,6116,4592,1524
17043846518,3648,2672,976
17043846519,3191,2411,780
17043846521,5036,3972,1064
17043846522,4046,3090,956
17043846523,2775,2057,718
17043846524,4709,3607,1102
17043846603,4070,2903,1167
17043846604,3697,2979,718
17043846701,4159,3240,919
17043846702,3872,3043,829
17045070100,2459,1986,473
17045070200,1729,1373,356
17045070300,3906,3094,812
17045070400,5270,4172,1098
17045070500,3502,2769,733
17047956900,2153,1631,522
17047957000,2037,1643,394
17047957100,2055,1540,515
17049950100,3910,2920,990
17049950200,5196,4087,1109
17049950300,4130,3107,1023
17049950400,3649,2863,786
17049950500,4629,3360,1269
17049950600,5499,4259,1240
17049950700,3587,2803,784
17049950800,4068,3185,883
17051950500,2670,2096,574
17051950600,2328,1756,572
17051950700,3913,2995,918
17051950800,5600,4831,769
17051950900,2031,1602,429
17051951000,2045,1580,465
17051951100,2901,2181,720
17053961600,1745,1411,334
17053961700,1840,1428,412
17053961800,4628,3519,1109
17053961900,1750,1330,420
17053962000,3571,2813,758
17055040100,3025,2408,617
17055040200,2979,2419,560
17055040300,3046,2382,664
17055040400,3636,2900,736
17055040500,3053,2468,585
17055040600,2640,2015,625
17055040700,4370,3316,1054
17055040800,3259,2648,611
17055040900,2313,1787,526
17055041000,2541,1970,571
17055041100,3298,2594,704
17055041200,3644,2788,856
17057952800,2658,2044,614
17057952900,3028,2407,621
17057953000,2120,1662,458
17057953100,2301,1808,493
17057953200,2570,2098,472
17057953300,3278,2638,640
17057953400,1724,1361,363
17057953500,4273,3673,600
17057953600,4409,3442,967
17057953700,2320,1906,414
17057953800,2454,1974,480
17057953900,2474,1961,513
17059972700,2304,1835,469
17059972800,2642,2095,547
17061973600,3082,2381,701
17061973700,1588,1212,376
17061973800,1619,1316,303
17061973900,2315,1798,517
17061974000,3381,2604,777
17063000102,8255,5877,2378
17063000103,7593,5227,2366
17063000200,6864,5218,1646
17063000300,3350,2547,803
17063000400,5675,4512,1163
17063000500,2799,2217,582
17063000600,2826,2112,714
17063000700,6113,4802,1311
17063000800,5465,4023,1442
17063000900,3593,2848,745
17065973100,3023,2357,666
17065973200,2367,1812,555
17065973300,2603,2008,595
17067953700,2079,1653,426
17067953800,2598,2061,537
17067953900,1802,1412,390
17067954000,2259,1863,396
17067954100,3164,2479,685
17067954200,2270,1773,497
17067954300,3448,2627,821
17069970900,2071,1690,381
17069971000,1578,1295,283
17071973300,1999,1642,357
17071973400,1701,1412,289
17071973500,2687,2131,556
17073030100,5757,4499,1258
17073030201,4496,3434,1062
17073030202,3823,2989,834
17073030203,4430,3302,1128
17073030301,3711,2818,893
17073030302,3464,2763,701
17073030400,2482,1949,533
17073030500,2330,1871,459
17073030600,2781,2109,672
17073030800,3552,2590,962
17073030900,3570,2644,926
17073031000,3470,2818,652
17073031100,2613,2036,577
17073031200,2805,2225,580
17075950100,2528,2001,527
17075950200,3586,2776,810
17075950300,3179,2517,662
17075950400,3227,2571,656
17075950500,3795,2982,813
17075950600,3490,2584,906
17075950700,2752,2166,586
17075950800,2327,1821,506
17075950900,2193,1695,498
17077010100,3366,2556,810
17077010200,3850,3021,829
17077010300,2759,2188,571
17077010400,4298,3462,836
17077010601,1970,1553,417
17077010602,3288,2377,911
17077010700,2991,2387,604
17077010800,3345,2626,719
17077010900,2364,1739,625
17077011001,1653,1435,218
17077011002,4495,3664,831
17077011100,2604,2278,326
17077011200,5091,4273,818
17077011400,3057,2677,380
17077011600,3721,2967,754
17077011701,1354,1048,306
17077011702,2768,2491,277
17079977300,2830,2168,662
17079977400,2671,2119,552
17079977500,3786,2922,864
17081050100,4142,3246,896
17081050200,3077,2285,792
17081050300,4243,3315,928
17081050400,4733,3857,876
17081050500,3724,3031,693
17081050600,3084,2448,636
17081050700,3669,2828,841
17081050800,4155,3236,919
17081050900,2351,1717,634
17081051000,1356,935,421
17081051100,2579,1948,631
17083010100,5152,4001,1151
17083010200,3320,2614,706
17083010300,3602,3017,585
17083010401,6098,4762,1336
17083010402,1877,1517,360
17083010500,1463,1187,276
17085020101,1778,1459,319
17085020102,2460,1914,546
17085020200,4800,3777,1023
17085020300,4909,4033,876
17085020401,2197,1917,280
17085020402,2896,2347,549
17085020500,2995,2365,630
17087977600,4332,3528,804
17087977700,3067,2335,732
17087977800,3462,2704,758
17087980000,2447,2431,16
17089850101,6608,4894,1714
17089850103,6034,4471,1563
17089850105,6895,5284,1611
17089850106,7801,5872,1929
17089850201,4156,2918,1238
17089850202,6823,4606,2217
17089850301,7667,5105,2562
17089850302,4788,3532,1256
17089850400,2553,2101,452
17089850500,3954,3278,676
17089850600,7443,6149,1294
17089850703,2128,1720,408
17089850704,4916,4907,9
17089850705,9050,6578,2472
17089850706,1922,1739,183
17089850707,8375,6429,1946
17089850708,4473,3149,1324
17089850709,3862,3112,750
17089850710,7261,4774,2487
17089850711,4808,3317,1491
17089850800,6968,5245,1723
17089851000,6693,5368,1325
17089851101,4377,3286,1091
17089851102,3710,2786,924
17089851301,3843,2702,1141
17089851302,3203,2240,963
17089851400,6806,4829,1977
17089851500,1049,786,263
17089851600,6623,4910,1713
17089851801,8379,6470,1909
17089851904,7754,5924,1830
17089851907,7921,6020,1901
17089851908,5121,3904,1217
17089851909,4367,3583,784
17089851910,3927,3165,762
17089851911,5317,3545,1772
17089851912,3358,2581,777
17089851913,5668,4601,1067
17089852001,4492,3512,980
17089852002,6722,5185,1537
17089852004,2911,2307,604
17089852005,4902,3865,1037
17089852101,7015,5032,1983
17089852103,6526,4879,1647
17089852104,2986,2222,764
17089852201,4832,3817,1015
17089852203,4997,3914,1083
17089852204,4467,3412,1055
17089852300,2052,1739,313
17089852403,5111,4056,1055
17089852404,2545,1879,666
17089852405,3112,2410,702
17089852406,2874,2154,720
17089852407,3513,2502,1011
17089852408,4754,3658,1096
17089852500,6500,5025,1475
17089852606,4584,3558,1026
17089852607,3611,2773,838
17089852608,3703,3055,648
17089852700,7086,5548,1538
17089852803,4992,3681,1311
17089852805,5552,4270,1282
17089852806,6814,4995,1819
17089852807,3897,2922,975
17089852808,7022,5336,1686
17089852903,5193,4302,891
17089852904,2079,1413,666
17089852905,4684,3413,1271
17089852906,5176,4100,1076
17089852907,4930,3566,1364
17089853001,3586,2841,745
17089853004,3228,2744,484
17089853005,5521,4271,1250
17089853006,3343,2593,750
17089853007,5574,3967,1607
17089853008,4122,2960,1162
17089853100,2793,2019,774
17089853200,6044,4266,1778
17089853300,3745,2682,1063
17089853401,2189,1513,676
17089853402,4527,3148,1379
17089853500,4530,3172,1358
17089853601,3002,2149,853
17089853602,3478,2537,941
17089853900,5744,4615,1129
17089854001,4099,3378,721
17089854002,5676,4365,1311
17089854100,4117,2894,1223
17089854200,4700,3222,1478
17089854301,5371,3725,1646
17089854302,3970,2850,1120
17089854401,2727,1907,820
17089854402,3726,2895,831
17089854403,6710,4714,1996
17089854504,7941,6173,1768
17089854505,7821,5444,2377
17089854506,3887,2898,989
17089854507,5722,4212,1510
17089854508,5861,4259,1602
17089854509,6781,5259,1522
17089854600,3976,2943,1033
17089854700,2345,1906,439
17089854800,7998,5942,2056
17089854900,5433,3971,1462
17091010100,2450,1913,537
17091010201,2101,1605,496
17091010203,4597,3599,998
17091010204,5261,4162,1099
17091010300,3671,2885,786
17091010400,5011,3911,1100
17091010500,6718,5275,1443
17091010601,5529,4042,1487
17091010602,6137,4602,1535
17091010701,4648,3474,1174
17091010702,6860,5320,1540
17091010800,3624,2834,790
17091010900,4294,3412,882
17091011000,1847,1465,382
17091011100,1873,1480,393
17091011200,2024,1666,358
17091011300,2091,1710,381
17091011400,1623,1196,427
17091011500,1987,1447,540
17091011600,1589,1099,490
17091011700,3151,2408,743
17091011800,2653,2040,613
17091011900,1317,1008,309
17091012000,4927,4080,847
17091012100,3352,2635,717
17091012200,3215,2490,725
17091012300,4080,2937,1143
17091012400,4548,3278,1270
17091012500,2103,1625,478
17091012600,4221,3356,865
17093890103,5506,3845,1661
17093890104,6050,4286,1764
17093890105,9032,6176,2856
17093890106,4966,3699,1267
17093890107,4869,3414,1455
17093890108,5473,3831,1642
17093890201,4416,3321,1095
17093890202,3089,2243,846
17093890301,6159,4566,1593
17093890302,6091,4614,1477
17093890401,6290,4625,1665
17093890402,9883,7093,2790
17093890403,5970,4163,1807
17093890404,9887,6621,3266
17093890501,9398,6601,2797
17093890502,4638,3549,1089
17093890601,4513,3498,1015
17093890602,5700,4115,1585
17093890701,5364,3715,1649
17093890702,5527,3842,1685
17093890703,9048,6138,2910
17095000100,3011,2350,661
17095000200,2985,2450,535
17095000300,4134,3341,793
17095000400,4873,4007,866
17095000500,5462,4634,828
17095000600,3497,2710,787
17095000700,1901,1465,436
17095000800,2391,2254,137
17095000900,2047,1553,494
17095001000,3657,2781,876
17095001100,2245,1644,601
17095001200,1612,1305,307
17095001300,3722,2878,844
17095001400,1717,1405,312
17095001500,3682,2811,871
17095001600,3031,2440,591
17097860103,3376,2767,609
17097860104,3452,2711,741
17097860105,5191,4001,1190
17097860106,3491,2491,1000
17097860200,3492,2681,811
17097860301,3440,2359,1081
17097860302,3032,2088,944
17097860400,5865,4458,1407
17097860500,4724,3421,1303
17097860600,7663,5795,1868
17097860805,1648,1381,267
17097860806,5148,3887,1261
17097860807,3469,2995,474
17097860808,2639,2201,438
17097860809,2930,2362,568
17097860811,4429,3379,1050
17097860812,3816,2682,1134
17097860813,3300,2535,765
17097860903,6270,5065,1205
17097860905,5608,4384,1224
17097860906,10453,7799,2654
17097860907,3845,3082,763
17097860908,1875,1594,281
17097861007,4180,3052,1128
17097861008,5271,4077,1194
17097861009,5131,3747,1384
17097861010,5930,4426,1504
17097861011,7864,5857,2007
17097861012,4861,3827,1034
17097861013,3052,2421,631
17097861014,3663,2812,851
17097861105,4330,3357,973
17097861106,8127,6182,1945
17097861107,4047,2972,1075
17097861108,5948,4513,1435
17097861201,6730,4923,1807
17097861202,4031,3030,1001
17097861301,5080,3845,1235
17097861303,4778,3421,1357
17097861304,3368,2398,970
17097861402,8778,6396,2382
17097861403,2556,1863,693
17097861404,5947,4376,1571
17097861504,8472,6142,2330
17097861505,3543,2729,814
17097861506,6109,4564,1545
17097861507,3076,2346,730
17097861508,3437,2768,669
17097861509,3295,2561,734
17097861510,5071,3890,1181
17097861603,6106,5013,1093
17097861604,5636,4209,1427
17097861607,4569,3654,915
17097861608,3652,2871,781
17097861609,4716,3553,1163
17097861610,3755,2896,859
17097861611,4471,3411,1060
17097861701,1804,1433,371
17097861702,4289,3241,1048
17097861803,6683,5061,1622
17097861804,4090,2837,1253
17097861901,3747,2836,911
17097861902,6376,4965,1411
17097862000,6070,4473,1597
17097862100,5383,3839,1544
17097862200,3969,3141,828
17097862300,3146,2185,961
17097862401,3619,2643,976
17097862402,3026,2197,829
17097862501,3942,2845,1097
17097862502,2281,1720,561
17097862603,7062,5169,1893
17097862604,4694,3430,1264
17097862605,4097,3011,1086
17097862700,4238,2850,1388
17097862800,1963,1265,698
17097862901,3692,2534,1158
17097862902,2782,2011,771
17097863003,5857,5811,46
17097863004,3613,2600,1013
17097863005,4523,4506,17
17097863006,898,888,10
17097863100,2563,1872,691
17097863201,3310,2409,901
17097863202,5478,4186,1292
17097863300,2629,1969,660
17097863400,4276,3479,797
17097863500,4538,3674,864
17097863601,3508,2576,932
17097863603,3518,2631,887
17097863604,2990,2290,700
17097863701,4556,3541,1015
17097863702,4045,3136,909
17097863801,5108,3978,1130
17097863902,6000,4793,1207
17097863903,4424,3287,1137
17097863904,5972,4307,1665
17097864001,6270,4771,1499
17097864002,6068,4494,1574
17097864105,6006,4903,1103
17097864106,4023,3152,871
17097864107,4920,3852,1068
17097864108,5868,4496,1372
17097864109,6196,4419,1777
17097864110,6233,5089,1144
17097864203,4310,3355,955
17097864204,4484,3520,964
17097864206,3478,2821,657
17097864207,7478,5196,2282
17097864208,3878,3152,726
17097864303,4581,3431,1150
17097864305,4030,3444,586
17097864306,2292,1699,593
17097864307,1861,1507,354
17097864308,4528,3481,1047
17097864402,8168,6055,2113
17097864403,5852,4548,1304
17097864407,6632,4999,1633
17097864408,6232,4933,1299
17097864409,4572,3497,1075
17097864410,5066,3752,1314
17097864411,4851,3496,1355
17097864412,4090,3023,1067
17097864510,4961,3770,1191
17097864511,6403,4922,1481
17097864512,4659,3337,1322
17097864513,6301,4683,1618
17097864514,2653,1987,666
17097864515,3020,2266,754
17097864516,4695,3510,1185
17097864517,2933,2255,678
17097864518,5594,4148,1446
17097864519,5169,4005,1164
17097864520,5698,4143,1555
17097864521,2537,2043,494
17097864522,4967,3709,1258
17097864523,4024,3073,951
17097864524,3297,2615,682
17097864601,3606,2761,845
17097864602,3824,2835,989
17097864700,2914,2304,610
17097864801,5561,4037,1524
17097864802,3093,2313,780
17097864901,4371,3141,1230
17097864903,4907,3617,1290
17097864904,2450,1997,453
17097865000,1276,936,340
17097865200,5361,4038,1323
17097865300,3505,2646,859
17097865400,4197,3439,758
17097865501,2470,1832,638
17097865502,2313,1852,461
17097865600,3497,2626,871
17097865700,5985,4553,1432
17097865801,3257,2587,670
17097865802,2945,2184,761
17097866000,6842,5409,1433
17097866100,3433,2511,922
17097866200,6162,5029,1133
17099961701,6351,5080,1271
17099961702,3120,2425,695
17099961800,3685,2913,772
17099961900,4285,3374,911
17099962000,3539,2606,933
17099962100,5100,3961,1139
17099962200,4880,3822,1058
17099962300,6936,5850,1086
17099962400,3836,3054,782
17099962500,2288,1799,489
17099962600,5727,4482,1245
17099962700,2169,1749,420
17099962800,3355,2663,692
17099962900,3056,2367,689
17099963000,4734,3901,833
17099963100,3226,2577,649
17099963200,2967,2308,659
17099963300,2410,1889,521
17099963400,3856,3009,847
17099963500,4954,3959,995
17099963600,3310,2609,701
17099963700,5459,4199,1260
17099963800,4114,3230,884
17099963900,4919,3832,1087
17099964000,2416,1927,489
17099964100,3612,2895,717
17099964200,2288,1799,489
17099964300,3066,2239,827
17101880700,2644,2124,520
17101880800,4948,4269,679
17101880900,2711,2069,642
17101881000,1823,1391,432
17101881100,3154,2481,673
17103000100,2762,2161,601
17103000200,3227,2551,676
17103000300,4072,3194,878
17103000400,7503,6319,1184
17103000500,4709,3773,936
17103000600,3425,2658,767
17103000700,1809,1469,340
17103000800,3399,2693,706
17103000900,3239,2587,652
17105960100,4012,3184,828
17105960200,3305,2581,724
17105960300,3117,2485,632
17105960400,3099,2383,716
17105960500,3187,2430,757
17105960600,4098,3186,912
17105960700,4755,4095,660
17105960800,5554,4242,1312
17105960900,2287,1670,617
17105961000,2401,1707,694
17107952900,3532,2761,771
17107953000,2365,1872,493
17107953100,3103,2378,725
17107953200,3692,2924,768
17107953300,3335,2634,701
17107953400,3783,3006,777
17107953500,5069,4525,544
17107953600,3108,2439,669
17109010100,3454,2715,739
17109010200,1806,1449,357
17109010300,1973,1506,467
17109010401,1031,893,138
17109010402,3565,2978,587
17109010600,2143,1622,521
17109010700,4017,3334,683
17109010900,2324,1920,404
17109011000,2182,1756,426
17109011100,2700,2086,614
17109980000,2043,2030,13
17111870103,2517,1985,532
17111870104,4848,3940,908
17111870105,3504,2788,716
17111870106,3091,2366,725
17111870200,5959,4733,1226
17111870301,4545,3317,1228
17111870302,4550,3226,1324
17111870402,5884,4523,1361
17111870403,4404,3297,1107
17111870404,3896,2988,908
17111870501,4351,3323,1028
17111870502,4637,3729,908
17111870603,4357,3314,1043
17111870604,6113,4814,1299
17111870605,6322,5083,1239
17111870606,3945,3098,847
17111870702,7588,6102,1486
17111870703,5350,4198,1152
17111870704,3605,2864,741
17111870807,5178,3880,1298
17111870808,3682,2890,792
17111870809,6801,5357,1444
17111870810,4406,3528,878
17111870811,4493,3653,840
17111870812,4715,3726,989
17111870813,5115,4100,1015
17111870814,3954,3017,937
17111870903,3600,2837,763
17111870904,4812,3826,986
17111870905,4683,3653,1030
17111870906,5510,4117,1393
17111870907,2967,2334,633
17111871003,4352,3340,1012
17111871004,6072,4690,1382
17111871105,5227,3982,1245
17111871107,5369,3967,1402
17111871108,5556,3942,1614
17111871109,4888,3537,1351
17111871110,4360,2928,1432
17111871111,5352,3895,1457
17111871112,5344,3981,1363
17111871113,3988,2802,1186
17111871114,4999,3508,1491
17111871115,2994,2185,809
17111871201,6779,5372,1407
17111871202,5827,4334,1493
17111871205,4596,3595,1001
17111871206,6648,5179,1469
17111871207,4772,3667,1105
17111871208,3820,2883,937
17111871209,3482,2752,730
17111871301,4831,3703,1128
17111871304,3417,2652,765
17111871305,6502,4842,1660
17111871307,4646,3559,1087
17111871310,4323,3445,878
17111871311,4786,3744,1042
17111871312,6393,4888,1505
17111871313,1793,1415,378
17111871402,6099,4775,1324
17111871404,4389,3551,838
17111871501,6302,5431,871
17111871502,8411,6039,2372
17111871600,4530,3688,842
17113000105,3931,3128,803
17113000106,2568,2343,225
17113000107,3931,3260,671
17113000108,6024,4821,1203
17113000109,6001,4336,1665
17113000200,5446,5393,53
17113000301,4221,3706,515
17113000302,5585,4369,1216
17113000400,2789,2385,404
17113000501,2523,2198,325
17113000502,2413,1955,458
17113000504,5046,3925,1121
17113000506,3752,2679,1073
17113000507,2779,1860,919
17113001103,3249,2630,619
17113001105,4744,3626,1118
17113001106,3142,2361,781
17113001107,3824,3011,813
17113001108,4656,3582,1074
17113001200,2395,1997,398
17113001301,1809,1472,337
17113001302,2077,1945,132
17113001303,1526,1178,348
17113001402,3786,2818,968
17113001403,3981,3001,980
17113001404,4349,3275,1074
17113001500,2268,1666,602
17113001600,2425,2116,309
17113001700,2179,1725,454
17113001800,3085,2511,574
17113002101,5052,3982,1070
17113002102,1542,1213,329
17113005102,7385,5498,1887
17113005103,4985,3578,1407
17113005104,4600,3445,1155
17113005201,1197,973,224
17113005202,3113,2320,793
17113005401,7291,5076,2215
17113005402,3708,2697,1011
17113005501,2353,1821,532
17113005502,2420,1805,615
17113005601,1782,1319,463
17113005602,2037,1608,429
17113005700,4981,3805,1176
17113005800,4210,3571,639
17113005900,4100,3248,852
17113006000,3694,2897,797
17115000200,2327,1649,678
17115000300,3523,2640,883
17115000400,1175,822,353
17115000501,797,597,200
17115000502,2415,2031,384
17115000600,1625,1088,537
17115000900,1682,1155,527
17115001000,1158,822,336
17115001100,3194,2574,620
17115001200,2694,2047,647
17115001300,2275,1803,472
17115001400,2374,1873,501
17115001500,3961,3162,799
17115001600,2136,1704,432
17115001700,2129,1621,508
17115001801,2209,1758,451
17115001802,2148,1694,454
17115001900,2476,1910,566
17115002001,1039,964,75
17115002002,2745,2030,715
17115002100,1270,1009,261
17115002200,5293,4080,1213
17115002300,2898,2284,614
17115002401,2464,2061,403
17115002402,5327,4341,986
17115002500,7213,5431,1782
17115002601,3938,3260,678
17115002602,1990,1555,435
17115002700,2233,1682,551
17115002800,4090,3158,932
17115002901,4242,3203,1039
17115002902,4597,3607,990
17115002904,5120,4229,891
17115002905,1549,1331,218
17115002906,2721,2116,605
17115003000,3230,2435,795
17115003100,1741,1238,503
17117956000,3064,2416,648
17117956100,3099,2448,651
17117956200,2333,1876,457
17117956300,3073,2530,543
17117956400,5329,4186,1143
17117956500,2506,1989,517
17117956600,4575,3627,948
17117956700,4011,3172,839
17117956800,2664,2155,509
17117956900,3579,2785,794
17117957000,3474,2761,713
17117957100,2584,2041,543
17117957200,4676,3604,1072
17119400101,2510,1964,546
17119400102,5137,3808,1329
17119400200,3815,2920,895
17119400600,2378,1811,567
17119400700,1498,1088,410
17119400801,1784,1444,340
17119400802,5869,4650,1219
17119400903,5201,3983,1218
17119400904,3162,2618,544
17119400951,5001,3921,1080
17119400952,3127,2397,730
17119401000,2314,1797,517
17119401101,2739,2174,565
17119401102,3520,2866,654
17119401200,1853,1400,453
17119401300,4715,3733,982
17119401400,3032,2447,585
17119401500,2440,1910,530
17119401701,2556,1901,655
17119401721,5532,4275,1257
17119401722,2796,2190,606
17119401800,5977,4811,1166
17119401901,1830,1437,393
17119401905,4748,3781,967
17119402000,4086,3293,793
17119402100,3061,2254,807
17119402200,3228,2425,803
17119402300,1664,1328,336
17119402400,1538,1273,265
17119402500,1822,1342,480
17119402600,2555,1949,606
17119402701,7191,5780,1411
17119402721,7722,6190,1532
17119402722,2828,2352,476
17119402801,3587,3008,579
17119402803,3371,2642,729
17119402804,2540,2029,511
17119402805,5592,4448,1144
17119402900,5283,4428,855
17119403001,5216,4295,921
17119403002,7212,5561,1651
17119403101,6944,6237,707
17119403121,9528,7310,2218
17119403122,6486,4709,1777
17119403200,4466,3580,886
17119403300,2800,2186,614
17119403401,3846,2995,851
17119403403,2807,2260,547
17119403404,3093,2370,723
17119403502,5870,4785,1085
17119403531,8319,6279,2040
17119403532,5611,4057,1554
17119403533,10554,8600,1954
17119403534,3965,3316,649
17119403601,3646,2863,783
17119403603,1866,1445,421
17119403604,6247,4856,1391
17119403701,6759,5158,1601
17119403702,6271,4786,1485
17119403801,5198,3961,1237
17119403802,4431,3522,909
17119404000,2289,1700,589
17119404100,2833,2242,591
17121951600,3371,2645,726
17121951700,2478,1950,528
17121951800,2288,1693,595
17121951900,2817,2224,593
17121952000,4413,3353,1060
17121952100,3175,2479,696
17121952200,3985,3060,925
17121952300,3454,2777,677
17121952400,3717,2920,797
17121952500,2538,1907,631
17121952600,2148,1664,484
17121952700,3345,2475,870
17123961100,2412,1923,489
17123961200,2426,1907,519
17123961300,2092,1640,452
17123961400,2766,2195,571
17123961500,2046,1640,406
17125956300,2695,2079,616
17125956400,1858,1536,322
17125956500,2990,2369,621
17125956600,1762,1450,312
17125956700,1650,1299,351
17125956800,2131,1697,434
17127970100,4965,3839,1126
17127970200,3726,2868,858
17127970300,3248,2547,701
17127970400,2230,1699,531
17129010100,6004,4527,1477
17129010200,3988,3112,876
17129010300,2305,1868,437
17131040100,4518,3480,1038
17131040200,3518,2751,767
17131040300,3783,2968,815
17131040400,3880,3090,790
17133600102,4892,3792,1100
17133600103,3687,2912,775
17133600104,4315,3160,1155
17133600401,7144,5585,1559
17133600402,4880,3724,1156
17133600501,6872,5342,1530
17133600502,3172,2483,689
17135957300,3286,2508,778
17135957400,2236,1791,445
17135957500,2990,2340,650
17135957600,3455,2720,735
17135957700,2935,2243,692
17135957800,3217,2507,710
17135957900,4590,3585,1005
17135958000,5579,4828,751
17137951400,2400,1871,529
17137951500,2894,2337,557
17137951600,3146,2425,721
17137951700,2888,2268,620
17137951800,3453,2744,709
17137951900,4620,3744,876
17137952000,3786,3301,485
17137952100,3538,2885,653
17137952200,2980,2362,618
17137952300,3210,2482,728
17139976900,4973,3587,1386
17139977000,2356,1783,573
17139977100,3127,2412,715
17139977200,4070,3160,910
17141960700,4328,3276,1052
17141960800,3412,2655,757
17141960900,4604,3660,944
17141961001,3190,2464,726
17141961002,3664,2660,1004
17141961100,3791,2980,811
17141961200,7183,5335,1848
17141961301,2483,2054,429
17141961302,2588,2079,509
17141961400,3975,3164,811
17141961500,4310,3431,879
17141961600,3295,2505,790
17141961700,4965,3720,1245
17143000200,1513,1091,422
17143000300,1792,1298,494
17143000600,2560,1860,700
17143000900,2723,1897,826
17143001200,1467,1251,216
17143001300,1745,1149,596
17143001500,1628,1168,460
17143001600,3444,2485,959
17143001800,3130,2399,731
17143001900,1021,864,157
17143002000,2889,2619,270
17143002100,4377,3146,1231
17143002200,4082,3029,1053
17143002300,4618,3809,809
17143002400,4545,3386,1159
17143002500,3399,2292,1107
17143002600,1716,1425,291
17143002701,3757,2806,951
17143002702,3901,3183,718
17143002800,3280,2624,656
17143002900,3810,3127,683
17143003000,4662,3605,1057
17143003101,5432,4155,1277
17143003103,2783,2223,560
17143003104,3467,2841,626
17143003200,4142,3307,835
17143003300,3021,2534,487
17143003402,4276,3216,1060
17143003403,3395,2713,682
17143003404,8402,5904,2498
17143003601,2815,2180,635
17143003602,5345,4144,1201
17143003700,3757,2913,844
17143003800,3050,2300,750
17143003900,9246,6543,2703
17143004000,4443,3392,1051
17143004101,7350,5589,1761
17143004102,3086,2495,591
17143004200,3570,2942,628
17143004300,2275,1766,509
17143004400,4365,3432,933
17143004500,4892,3855,1037
17143004600,5052,4032,1020
17143004801,4355,3525,830
17143004802,4210,3313,897
17143004901,3436,2748,688
17143004902,4961,3873,1088
17143005000,1994,1388,606
17143005100,2651,1839,812
17145030100,2902,2294,608
17145030200,7114,6051,1063
17145030300,2061,1594,467
17145030400,2432,1875,557
17145030500,2526,2032,494
17145030600,3910,3027,883
17147954500,4426,3489,937
17147954600,6310,4850,1460
17147954700,3174,2533,641
17147954800,2763,2089,674
17149952400,2937,2284,653
17149952500,2431,1877,554
17149952600,2915,2205,710
17149952700,4362,3423,939
17149952800,2094,1602,492
17151971200,1991,1645,346
17151971300,1772,1423,349
17153971000,2678,2063,615
17153971100,2515,2064,451
17155954500,2814,2244,570
17155954600,2823,2311,512
17157950500,2063,1669,394
17157950600,4181,3229,952
17157950700,2424,1917,507
17157950800,4681,3677,1004
17157950900,3193,2506,687
17157951000,2587,2061,526
17157951100,3358,2594,764
17157951201,1783,1419,364
17157951202,3082,2964,118
17157951300,2811,2165,646
17159977900,3784,2926,858
17159978000,2033,1638,395
17159978100,4009,3097,912
17159978200,2672,2008,664
17159978300,3315,2577,738
17161020101,2545,1988,557
17161020102,3609,2788,821
17161020103,934,739,195
17161020200,3624,2682,942
17161020301,4358,3460,898
17161020302,2426,1828,598
17161020400,5967,4876,1091
17161020600,2267,1663,604
17161020700,1615,1194,421
17161020800,5110,4047,1063
17161020900,5715,4410,1305
17161021000,3812,2892,920
17161021100,3862,2936,926
17161021200,4634,3768,866
17161021300,4772,3659,1113
17161021400,1175,950,225
17161021500,4358,3336,1022
17161021600,2687,1955,732
17161021700,3676,2748,928
17161021800,4837,3810,1027
17161021900,1594,1313,281
17161022000,4077,3121,956
17161022100,2553,2089,464
17161022200,4006,3080,926
17161022300,2081,1548,533
17161022600,2014,1600,414
17161022800,5335,4452,883
17161022900,2815,2225,590
17161023000,3998,3251,747
17161023100,2745,2136,609
17161023200,4931,4001,930
17161023300,3254,2464,790
17161023500,1943,1342,601
17161023600,1609,1061,548
17161023700,2322,1703,619
17161024000,4186,3280,906
17161024101,3590,2906,684
17161024102,5383,4121,1262
17161024103,3777,3022,755
17161024200,4045,3179,866
17161024300,2566,2153,413
17161024400,1896,1438,458
17161024500,1969,1486,483
17163500400,1046,877,169
17163500500,1464,1002,462
17163500900,2485,1787,698
17163501100,1216,951,265
17163501200,2626,2010,616
17163501300,2568,2068,500
17163501400,2167,1651,516
17163501501,1580,1218,362
17163501502,2613,2093,520
17163501602,4980,3918,1062
17163501604,4323,3360,963
17163501605,2535,2017,518
17163501606,3605,2790,815
17163501607,2332,1810,522
17163501700,3185,2624,561
17163501801,3045,2396,649
17163501802,2481,1909,572
17163501900,3269,2604,665
17163502100,2246,1569,677
17163502200,1171,923,248
17163502300,5205,3624,1581
17163502401,832,647,185
17163502404,3702,2906,796
17163502500,1004,740,264
17163502602,4809,3417,1392
17163502603,2915,2136,779
17163502700,975,655,320
17163502800,2155,1427,728
17163502900,1634,1317,317
17163503101,2525,2025,500
17163503102,4653,3584,1069
17163503202,5461,4450,1011
17163503203,6756,5384,1372
17163503211,4146,3314,832
17163503301,3588,2927,661
17163503304,6759,5042,1717
17163503322,7555,6018,1537
17163503323,6399,5180,1219
17163503324,6109,4544,1565
17163503332,5109,3929,1180
17163503334,6153,4831,1322
17163503404,7971,5469,2502
17163503411,3419,2705,714
17163503412,6082,4914,1168
17163503413,5683,4553,1130
17163503414,5969,4761,1208
17163503415,3079,2462,617
17163503416,3767,3082,685
17163503800,1280,839,441
17163503903,3853,2869,984
17163503905,2996,2332,664
17163503906,5295,4137,1158
17163503907,5444,4200,1244
17163503908,6429,4060,2369
17163504001,5184,4025,1159
17163504002,5511,4294,1217
17163504351,3529,2593,936
17163504352,4203,3319,884
17163504353,4362,3124,1238
17163504354,6321,4843,1478
17163504355,5300,3857,1443
17163504356,4519,3268,1251
17163504357,4408,3265,1143
17163504358,3883,3066,817
17163504359,4137,3578,559
17163504501,2329,1714,615
17163504502,1301,814,487
17163504600,1765,1267,498
17165955100,2143,1659,484
17165955500,2199,1735,464
17165955600,2489,1966,523
17165955700,2663,2020,643
17165955800,3022,2371,651
17165955900,2344,1825,519
17165956000,2730,2126,604
17165956100,2622,1994,628
17165956200,3556,2775,781
17167000100,3517,2868,649
17167000201,2296,1901,395
17167000202,3330,2520,810
17167000300,2405,1894,511
17167000400,2640,2123,517
17167000501,2130,1794,336
17167000503,3667,2827,840
17167000504,2802,2225,577
17167000600,4791,3807,984
17167000700,2077,1631,446
17167000800,1889,1243,646
17167000900,2183,1754,429
17167001001,2151,1756,395
17167001003,1377,1111,266
17167001004,4729,3912,817
17167001100,2358,1885,473
17167001200,3377,2621,756
17167001300,1724,1380,344
17167001400,1183,1127,56
17167001600,2930,2011,919
17167001800,1982,1563,419
17167001900,3066,2420,646
17167002001,3711,2976,735
17167002002,2450,2076,374
17167002100,3582,2898,684
17167002200,3212,2562,650
17167002300,2184,1535,649
17167002400,3310,2303,1007
17167002500,5104,4054,1050
17167002600,2514,1939,575
17167002700,3044,2553,491
17167002801,2974,2321,653
17167002802,3174,2481,693
17167002900,4921,3976,945
17167003000,5798,4822,976
17167003100,7518,5986,1532
17167003201,5125,3754,1371
17167003202,5052,3707,1345
17167003203,6535,4740,1795
17167003300,4845,3756,1089
17167003400,5930,4479,1451
17167003500,5175,3903,1272
17167003601,2720,2155,565
17167003602,4703,3675,1028
17167003603,5693,4503,1190
17167003604,5750,4855,895
17167003701,4575,3367,1208
17167003702,4234,3346,888
17167003801,2559,1903,656
17167003802,5864,4483,1381
17167003901,5325,3981,1344
17167003902,3953,3042,911
17167004000,4212,3254,958
17167004200,1993,1430,563
17169970100,2087,1785,302
17169970200,3068,2425,643
17169970300,1747,1411,336
17171970600,1685,1310,375
17171970700,3264,2556,708
17173959100,3444,2770,674
17173959200,2775,2185,590
17173959300,4935,3884,1051
17173959400,3333,2592,741
17173959500,3463,2624,839
17173959600,3040,2460,580
17175951400,2981,2324,657
17175951500,2419,1893,526
17177000100,4500,3504,996
17177000200,3132,2471,661
17177000300,3841,2983,858
17177000400,2733,2106,627
17177000500,2929,2490,439
17177000600,3091,2444,647
17177000700,1474,1107,367
17177000800,3134,2367,767
17177000900,4844,3843,1001
17177001000,4354,3738,616
17177001100,3224,2551,673
17177001200,3622,2730,892
17177001300,3752,2797,955
17179020100,2458,1984,474
17179020301,4544,3597,947
17179020302,4929,3953,976
17179020400,4979,3966,1013
17179020500,4267,3343,924
17179020600,1984,1550,434
17179020700,4281,3346,935
17179020800,2909,2240,669
17179020900,1934,1482,452
17179021000,5251,4023,1228
17179021101,6352,4866,1486
17179021102,5730,4595,1135
17179021201,4919,3553,1366
17179021202,3139,2579,560
17179021203,4866,3680,1186
17179021500,6940,5670,1270
17179021603,5752,4239,1513
17179021604,1921,1502,419
17179021605,2642,1906,736
17179021606,6158,4639,1519
17179021701,5916,4415,1501
17179021702,5547,4205,1342
17179021801,5040,4249,791
17179021802,1939,1569,370
17179021900,4351,3361,990
17179022000,4090,3180,910
17179022100,3352,2527,825
17179022200,4449,3415,1034
17179022300,6033,4222,1811
17179022400,4671,3714,957
17181950100,4158,3363,795
17181950200,2374,1886,488
17181950300,1911,1472,439
17181950400,5224,4245,979
17181950500,3577,2766,811
17183000100,1534,1225,309
17183000200,1367,964,403
17183000300,1955,1374,581
17183000400,3077,1809,1268
17183000500,3693,2748,945
17183000600,2216,1587,629
17183000700,3572,2840,732
17183000800,2241,1785,456
17183000900,2149,1692,457
17183001200,3036,2524,512
17183001300,3593,3013,580
17183010100,3068,2385,683
17183010200,5007,3856,1151
17183010300,4459,3507,952
17183010400,2282,1696,586
17183010500,3432,2757,675
17183010600,4139,3150,989
17183010701,2894,2320,574
17183010702,2963,2204,759
17183010800,3209,2510,699
17183010900,2836,2195,641
17183011000,3767,2860,907
17183011100,2428,1921,507
17183011200,5271,4289,982
17185957200,3649,2787,862
17185957300,3051,2511,540
17185957400,1986,1482,504
17185957500,2675,2084,591
17187870100,2087,1620,467
17187870200,2573,2048,525
17187870300,2561,2077,484
17187870400,4804,3916,888
17187870500,4810,3592,1218
17189950100,3082,2404,678
17189950200,3684,2892,792
17189950300,3077,2414,663
17189950400,3918,3121,797
17191954900,3266,2500,766
17191955000,4335,3209,1126
17191955100,2714,2080,634
17191955200,3032,2420,612
17191955300,2832,2203,629
17193958000,1999,1544,455
17193958100,3294,2629,665
17193958200,2651,2086,565
17193958300,2846,2334,512
17193958400,3087,2400,687
17195000100,3527,2806,721
17195000200,3008,2414,594
17195000300,3249,2525,724
17195000400,3031,2416,615
17195000500,3645,2880,765
17195000600,4012,3098,914
17195000700,2736,2134,602
17195000800,1946,1510,436
17195000900,3623,2950,673
17195001000,2939,2246,693
17195001101,2639,2051,588
17195001102,2108,1540,568
17195001200,3842,2919,923
17195001300,2417,1961,456
17195001400,2243,1809,434
17195001500,3218,2446,772
17195001600,2538,2021,517
17195001700,2892,2253,639
17195001800,2078,1638,440
17197880105,7471,5700,1771
17197880106,4494,3283,1211
17197880107,5101,3782,1319
17197880109,5283,4132,1151
17197880111,3683,2698,985
17197880112,2031,1531,500
17197880113,3725,2710,1015
17197880114,2896,2111,785
17197880115,3276,2413,863
17197880116,2913,2284,629
17197880117,3649,3003,646
17197880118,4676,3480,1196
17197880119,4445,3360,1085
17197880122,5914,4546,1368
17197880123,3709,2949,760
17197880124,3940,3037,903
17197880125,5463,3918,1545
17197880202,4716,3567,1149
17197880203,3813,2866,947
17197880204,6150,4901,1249
17197880303,4117,3066,1051
17197880304,5018,3694,1324
17197880305,5410,3867,1543
17197880307,6448,4823,1625
17197880309,4959,3679,1280
17197880314,7478,5148,2330
17197880315,3846,2771,1075
17197880316,3824,2797,1027
17197880317,6383,4599,1784
17197880318,3718,2673,1045
17197880319,5010,3472,1538
17197880320,3481,2420,1061
17197880321,3941,2777,1164
17197880322,6727,4465,2262
17197880323,6782,5230,1552
17197880324,5198,3567,1631
17197880325,3273,2313,960
17197880326,3281,2238,1043
17197880408,5050,3604,1446
17197880411,3328,2647,681
17197880412,4189,3233,956
17197880414,4281,3322,959
17197880416,3158,2357,801
17197880417,2553,2062,491
17197880418,4933,3684,1249
17197880421,6407,4772,1635
17197880422,3788,2818,970
17197880423,3763,2826,937
17197880424,5131,3404,1727
17197880425,4649,3288,1361
17197880426,4181,3058,1123
17197880427,2733,2178,555
17197880428,4879,3369,1510
17197880429,4953,3583,1370
17197880430,3723,2668,1055
17197880431,6262,4488,1774
17197880432,4275,2973,1302
17197880502,4998,3959,1039
17197880503,4350,3683,667
17197880508,3775,2890,885
17197880509,3908,2868,1040
17197880510,3187,2352,835
17197880511,3997,2870,1127
17197880601,3069,2460,609
17197880602,3389,2750,639
17197880701,4405,3605,800
17197880702,2712,1965,747
17197880901,6156,5092,1064
17197880903,3068,2512,556
17197880905,2705,2064,641
17197881001,5411,4168,1243
17197881002,5056,3993,1063
17197881005,3589,2848,741
17197881006,2473,1926,547
17197881007,5843,4376,1467
17197881009,7972,5603,2369
17197881010,4056,2920,1136
17197881011,3401,2657,744
17197881012,2953,2276,677
17197881105,7543,5551,1992
17197881107,2857,2195,662
17197881108,6746,5017,1729
17197881109,4398,3312,1086
17197881111,2971,2422,549
17197881112,5581,4044,1537
17197881113,5493,3888,1605
17197881115,4311,3165,1146
17197881116,3809,2924,885
17197881201,2460,1677,783
17197881202,2095,1502,593
17197881301,3040,2203,837
17197881302,1307,945,362
17197881401,3413,2475,938
17197881402,3295,2637,658
17197881500,3558,2767,791
17197881601,1979,1621,358
17197881603,3301,2520,781
17197881604,2617,2037,580
17197881700,3170,2547,623
17197881800,4057,2981,1076
17197881900,3770,2559,1211
17197882000,3152,2445,707
17197882100,2377,1708,669
17197882200,4824,3322,1502
17197882300,3891,2889,1002
17197882400,3811,2707,1104
17197882500,2090,1456,634
17197882601,3301,2451,850
17197882602,2809,1939,870
17197882701,2499,1906,593
17197882702,3095,2359,736
17197882801,2722,2174,548
17197882802,3018,2367,651
17197882900,2387,1852,535
17197883000,3428,2744,684
17197883100,3961,2971,990
17197883206,4211,3349,862
17197883208,3165,2574,591
17197883209,2901,2348,553
17197883210,2735,2359,376
17197883211,6584,5005,1579
17197883212,6239,4498,1741
17197883213,5872,4887,985
17197883214,2375,1925,450
17197883216,3249,2485,764
17197883217,4103,3009,1094
17197883218,4279,2917,1362
17197883219,3766,2764,1002
17197883303,3907,2971,936
17197883304,1721,1375,346
17197883305,3045,2376,669
17197883306,3567,2649,918
17197883307,3898,3166,732
17197883401,4018,3230,788
17197883402,1940,1576,364
17197883504,5594,4597,997
17197883505,8769,6415,2354
17197883507,3878,3136,742
17197883509,4521,3367,1154
17197883510,7057,4827,2230
17197883511,4854,3763,1091
17197883513,5641,4196,1445
17197883514,7214,5545,1669
17197883515,4183,3157,1026
17197883516,8095,5742,2353
17197883517,3266,2624,642
17197883519,5601,4530,1071
17197883521,3304,2662,642
17197883522,3275,2626,649
17197883602,5508,4473,1035
17197883603,3012,2364,648
17197883605,2891,2056,835
17197883606,4138,3024,1114
17197883700,3255,2517,738
17197883803,2500,1929,571
17197883804,2859,2256,603
17197883806,3281,2773,508
17197883808,1414,1233,181
17197883809,3630,2885,745
17197883810,3795,3090,705
17197883811,3025,2443,582
17197883902,6495,5009,1486
17197883903,1793,1452,341
17197883904,4365,3440,925
17197884003,4400,3386,1014
17197884004,2464,2018,446
17197884005,1367,1127,240
17197884006,2124,1738,386
17197884101,3744,3208,536
17197884103,2642,1969,673
17197980100,2739,2727,12
17199020100,3483,2751,732
17199020201,5552,4166,1386
17199020202,3150,2258,892
17199020300,5067,3945,1122
17199020400,3496,2686,810
17199020500,3400,2533,867
17199020600,3798,2980,818
17199020700,4791,3757,1034
17199020801,2806,2121,685
17199020802,4131,3207,924
17199020900,4704,3776,928
17199021001,2594,2133,461
17199021002,1509,1233,276
17199021003,1120,888,232
17199021100,2958,2304,654
17199021200,4404,3411,993
17199021300,4688,3583,1105
17199021400,5502,4800,702
17201000101,4727,3701,1026
17201000103,2729,2097,632
17201000104,2665,2038,627
17201000105,4161,3200,961
17201000200,3152,2527,625
17201000300,3786,2986,800
17201000401,2191,1738,453
17201000402,3009,2414,595
17201000403,4438,3484,954
17201000501,4916,3818,1098
17201000502,3862,2975,887
17201000506,4166,3248,918
17201000507,3996,3150,846
17201000510,3155,2577,578
17201000511,2511,2040,471
17201000512,5366,4473,893
17201000513,4022,3418,604
17201000514,3368,2828,540
17201000515,2727,2210,517
17201000516,4071,3296,775
17201000600,4259,3272,987
17201000700,3065,2404,661
17201000800,2860,2140,720
17201001000,2065,1358,707
17201001100,1243,1033,210
17201001200,2191,1507,684
17201001300,2110,1435,675
17201001400,4122,2973,1149
17201001500,5454,4128,1326
17201001600,5556,4047,1509
17201001700,3117,2304,813
17201001800,4762,3516,1246
17201001900,3463,2621,842
17201002000,2366,1785,581
17201002100,1780,1172,608
17201002200,3508,2650,858
17201002301,2410,1739,671
17201002302,1249,1006,243
17201002400,2464,1551,913
17201002500,2626,1763,863
17201002600,2736,1922,814
17201002700,2993,2142,851
17201002800,1388,976,412
17201002900,1117,1075,42
17201003000,1689,1320,369
17201003100,3788,2748,1040
17201003200,3092,2173,919
17201003300,3542,2557,985
17201003400,4579,3339,1240
17201003500,2323,1857,466
17201003601,1565,1293,272
17201003602,3963,3128,835
17201003604,3080,2339,741
17201003605,1963,1644,319
17201003606,2670,2038,632
17201003705,4749,3962,787
17201003706,6474,5077,1397
17201003707,3579,2999,580
17201003708,3086,2245,841
17201003709,1907,1351,556
17201003710,2551,1944,607
17201003711,4078,3233,845
17201003801,6457,5059,1398
17201003805,7284,5828,1456
17201003806,5090,3936,1154
17201003808,3578,2889,689
17201003809,4649,3735,914
17201003810,6495,5356,1139
17201003811,1360,1113,247
17201003901,4983,3723,1260
17201003903,6095,4685,1410
17201003904,4762,3746,1016
17201004002,6613,5021,1592
17201004003,2102,1605,497
17201004004,5870,4414,1456
17201004005,3155,2233,922
17201004100,5153,4185,968
17201004200,6095,4718,1377
17201004300,5007,3804,1203
17203030100,2430,1859,571
17203030200,2760,2202,558
17203030300,2813,2140,673
17203030400,5782,4306,1476
17203030501,7842,5806,2036
17203030502,2387,1886,501
17203030601,6324,4797,1527
17203030602,3597,2578,1019
17203030700,4532,3425,1107
18001030100,4589,3548,1041
18001030200,5103,4024,1079
18001030300,5246,4072,1174
18001030400,3674,2483,1191
18001030500,6718,3736,2982
18001030600,3412,2530,882
18001030700,7067,4248,2819
18003000100,2407,1813,594
18003000300,3396,2465,931
18003000400,2559,2058,501
18003000500,2853,2218,635
18003000600,1885,1367,518
18003000701,3152,2344,808
18003000704,2432,2001,431
18003000800,4044,3138,906
18003000900,3350,2603,747
18003001000,1181,873,308
18003001100,1481,1277,204
18003001200,1473,1388,85
18003001300,1972,1786,186
18003001600,2021,1442,579
18003001700,2625,1608,1017
18003002000,3105,2252,853
18003002100,2192,1595,597
18003002200,4246,3124,1122
18003002300,5751,3705,2046
18003002500,3231,2328,903
18003002600,3474,2372,1102
18003002800,2488,1574,914
18003002900,2561,1652,909
18003003000,3953,2591,1362
18003003100,3076,2038,1038
18003003200,5459,4025,1434
18003003301,2728,2013,715
18003003304,4143,3155,988
18003003400,4335,3345,990
18003003500,4229,3238,991
18003003600,6678,4919,1759
18003003700,2727,2085,642
18003003800,3130,2549,581
18003003901,3463,2702,761
18003003902,2914,2292,622
18003004000,3513,2383,1130
18003004101,2708,2164,544
18003004103,5524,4630,894
18003004300,2358,1671,687
18003004400,3291,2208,1083
18003010100,4953,3306,1647
18003010201,7467,5347,2120
18003010202,6217,4481,1736
18003010304,8338,6310,2028
18003010305,7811,5577,2234
18003010306,8233,5710,2523
18003010307,5369,3795,1574
18003010308,7841,5502,2339
18003010400,4199,3110,1089
18003010500,2789,2197,592
18003010601,4269,3467,802
18003010602,4560,3360,1200
18003010603,1778,1437,341
18003010604,2768,2022,746
18003010705,4992,3977,1015
18003010706,4833,3760,1073
18003010707,5318,4394,924
18003010803,5464,4075,1389
18003010804,3975,3113,862
18003010807,4521,3518,1003
18003010808,5348,3943,1405
18003010809,5634,4227,1407
18003010811,5729,4258,1471
18003010812,4397,3447,950
18003010813,4065,3116,949
18003010815,5583,4235,1348
18003010816,5598,4315,1283
18003010817,4127,3087,1040
18003010819,4699,3885,814
18003010821,4860,3643,1217
18003010900,6538,4473,2065
18003011000,2560,2022,538
18003011100,2736,2088,648
18003011201,2064,1506,558
18003011202,3337,2542,795
18003011204,3452,2540,912
18003011205,3297,2545,752
18003011302,5633,3819,1814
18003011303,2141,1466,675
18003011304,5296,3768,1528
18003011501,3883,3207,676
18003011502,2663,2227,436
18003011603,6358,4906,1452
18003011604,4356,3285,1071
18003011605,3693,3047,646
18003011606,5000,3696,1304
18003011607,5687,4222,1465
18003011608,9270,6369,2901
18003011609,7718,5520,2198
18003011701,4247,3117,1130
18003011702,2964,2330,634
18003011801,3838,2963,875
18003011802,1659,1270,389
18003011900,1960,1496,464
18003980001,1084,1078,6
18003980002,133,96,37
18005010100,5275,4095,1180
18005010200,4344,3395,949
18005010300,3551,2692,859
18005010400,6958,4996,1962
18005010500,5525,4392,1133
18005010600,5310,4271,1039
18005010700,3695,2958,737
18005010800,4147,3094,1053
18005010900,6955,5214,1741
18005011000,5084,3917,1167
18005011101,5380,3984,1396
18005011102,2772,2123,649
18005011200,5314,3986,1328
18005011300,4812,3684,1128
18005011400,3872,2872,1000
18005011500,9214,6767,2447
18007100100,3336,2467,869
18007100200,3094,2350,744
18007100300,2289,1737,552
18009975100,3111,2444,667
18009975200,2708,2082,626
18009975300,2912,2194,718
18009975400,3381,2807,574
18011810100,3573,2728,845
18011810200,3657,2783,874
18011810300,6028,4868,1160
18011810400,6004,4512,1492
18011810500,6814,5333,1481
18011810601,8163,5749,2414
18011810604,6486,4463,2023
18011810605,7083,5701,1382
18011810606,8339,5634,2705
18011810607,9651,6388,3263
18011810700,5014,3906,1108
18013974600,2948,2382,566
18013974700,3337,2713,624
18013974800,4295,3526,769
18013974901,1750,1411,339
18013974902,3145,2610,535
18015959300,2982,2225,757
18015959400,2584,1989,595
18015959500,2563,2128,435
18015959600,3381,2549,832
18015959700,3327,2489,838
18015959800,2823,2143,680
18015959900,2646,1981,665
18017950900,4796,3797,999
18017951000,2283,1743,540
18017951100,2823,2146,677
18017951200,2244,1660,584
18017951300,3054,2139,915
18017951400,2416,1798,618
18017951500,4503,3175,1328
18017951600,5790,4466,1324
18017951700,2650,2077,573
18017951800,3641,2846,795
18017951900,3670,2864,806
18019050100,1390,1156,234
18019050200,3404,2751,653
18019050303,2652,2105,547
18019050304,5918,4511,1407
18019050305,2716,2205,511
18019050306,2169,1782,387
18019050401,2763,2243,520
18019050403,2926,2289,637
18019050404,4129,3245,884
18019050503,5338,4059,1279
18019050504,3068,2422,646
18019050505,1809,1457,352
18019050603,7357,5498,1859
18019050604,6420,4988,1432
18019050605,5873,4670,1203
18019050606,3980,3263,717
18019050703,6697,4992,1705
18019050704,7062,5305,1757
18019050705,2030,1636,394
18019050706,5685,4223,1462
18019050801,7596,5814,1782
18019050803,6069,4605,1464
18019050804,4093,3100,993
18019050902,5206,3973,1233
18019050903,2972,2192,780
18019050904,7013,5315,1698
18019051000,4758,3724,1034
18021040100,5557,4161,1396
18021040200,6096,4764,1332
18021040300,3302,2597,705
18021040400,4446,3435,1011
18021040500,3528,2732,796
18021040600,3537,2763,774
18023950100,2923,2269,654
18023950200,5548,4231,1317
18023950300,5116,3820,1296
18023950400,4191,3239,952
18023950500,4826,3439,1387
18023950600,3614,2563,1051
18023950700,3402,2553,849
18023950800,3570,2437,1133
18025951900,3843,2956,887
18025952000,3938,3104,834
18025952100,2745,2161,584
18027954300,3956,2920,1036
18027954400,2749,1968,781
18027954501,5992,3569,2423
18027954502,4138,2804,1334
18027954600,4731,3625,1106
18027954700,4030,2852,1178
18027954800,3406,2569,837
18027954900,4379,3392,987
18029080101,2846,2201,645
18029080103,5962,4571,1391
18029080104,3969,3090,879
18029080201,2469,1873,596
18029080203,5279,4028,1251
18029080204,1949,1554,395
18029080301,3149,2517,632
18029080302,2006,1610,396
18029080400,6103,4643,1460
18029080500,3805,2923,882
18029080601,3674,2890,784
18029080602,3277,2642,635
18029080700,6191,4821,1370
18031969000,5292,4166,1126
18031969100,3145,2392,753
18031969200,5393,4103,1290
18031969300,3177,2419,758
18031969400,5748,4460,1288
18031969500,3717,2777,940
18033020100,4506,3470,1036
18033020200,4346,3345,1001
18033020300,4173,3131,1042
18033020400,7842,6143,1699
18033020500,5987,4576,1411
18033020601,3095,2322,773
18033020602,4685,3406,1279
18033020700,4254,3241,1013
18033020800,4377,3092,1285
18035000300,1398,1010,388
18035000400,1658,1259,399
18035000500,3895,2954,941
18035000600,1648,1335,313
18035000700,2844,2640,204
18035000800,4048,3349,699
18035000902,5358,5336,22
18035000903,2442,2184,258
18035000904,5520,4486,1034
18035001000,4914,4533,381
18035001100,2924,2349,575
18035001200,2305,1710,595
18035001300,2768,2150,618
18035001400,1801,1432,369
18035001500,2621,2146,475
18035001600,2180,1666,514
18035001700,1283,899,384
18035002000,4793,3810,983
18035002100,3024,2288,736
18035002201,4545,3632,913
18035002202,1388,1076,312
18035002301,3500,2797,703
18035002302,3978,3108,870
18035002401,5304,4023,1281
18035002403,4543,3396,1147
18035002404,4225,3392,833
18035002501,2142,1674,468
18035002502,3170,2590,580
18035002602,2540,1955,585
18035002603,3301,2468,833
18035002604,3868,3018,850
18035002700,4850,3835,1015
18035002800,2181,1769,412
18035002900,4944,4015,929
18037953200,7036,5323,1713
18037953301,3718,2791,927
18037953302,4306,3344,962
18037953400,5503,4230,1273
18037953500,5053,3963,1090
18037953600,5096,3917,1179
18037953701,2699,2088,611
18037953702,4499,3538,961
18037953800,5727,4161,1566
18039000100,2862,2158,704
18039000201,3448,2359,1089
18039000202,3731,2699,1032
18039000301,4500,3215,1285
18039000302,6365,5367,998
18039000400,5158,3923,1235
18039000501,6924,4767,2157
18039000502,5207,3838,1369
18039000601,6003,4122,1881
18039000602,4986,3482,1504
18039000701,3543,2745,798
18039000702,3349,2487,862
18039000801,3707,2556,1151
18039000803,4278,3043,1235
18039000804,5211,3540,1671
18039000901,5008,3278,1730
18039000902,3062,1885,1177
18039001000,4996,3489,1507
18039001100,4997,3424,1573
18039001200,5581,4058,1523
18039001301,3388,2428,960
18039001302,3740,2554,1186
18039001401,4992,3766,1226
18039001402,4481,3312,1169
18039001501,5745,4060,1685
18039001502,7113,5446,1667
18039001601,4886,3741,1145
18039001602,4809,3773,1036
18039001701,3450,2697,753
18039001702,5319,3929,1390
18039001801,4297,3302,995
18039001802,6548,5193,1355
18039001901,6687,4759,1928
18039001902,4109,3079,1030
18039002001,3172,2300,872
18039002002,4308,3199,1109
18039002101,4255,3075,1180
18039002102,5293,3712,1581
18039002201,3662,2703,959
18039002202,5148,3639,1509
18039002300,2511,1810,701
18039002400,4299,3133,1166
18039002600,5022,3262,1760
18039002700,2357,1626,731
18039002900,4540,3548,992
18041954000,3688,2949,739
18041954100,2878,2292,586
18041954200,2991,2350,641
18041954300,2582,1985,597
18041954400,4641,3625,1016
18041954500,3445,2704,741
18041954600,3173,2408,765
18043070200,1770,1292,478
18043070301,2995,2482,513
18043070302,3258,2600,658
18043070400,2828,2254,574
18043070500,3061,2526,535
18043070600,2401,1989,412
18043070700,2427,1809,618
18043070801,3389,2377,1012
18043070802,4770,3826,944
18043070901,6011,4731,1280
18043070902,1723,1300,423
18043071003,7692,5839,1853
18043071004,4842,3572,1270
18043071005,5571,4301,1270
18043071006,4548,3525,1023
18043071007,5195,4295,900
18043071101,6250,4699,1551
18043071103,4632,3526,1106
18043071104,5083,3808,1275
18043071200,2038,1594,444
18045957600,2763,2182,581
18045957700,2161,1686,475
18045957800,3921,3053,868
18045957900,4272,3316,956
18045958000,3362,2670,692
18047960100,5154,3852,1302
18047969600,6003,4625,1378
18047969700,2649,2074,575
18047969800,5390,4157,1233
18047969900,3589,2714,875
18049953000,3188,2418,770
18049953100,6089,4632,1457
18049953200,3648,2751,897
18049953300,1852,1442,410
18049953400,2621,2127,494
18049953500,3082,2212,870
18051050100,4072,2997,1075
18051050201,3805,2864,941
18051050202,5061,3745,1316
18051050300,5026,3969,1057
18051050401,3240,2540,700
18051050402,4092,3116,976
18051050501,3325,2537,788
18051050502,4390,3392,998
18053000100,3788,2932,856
18053000200,3706,2708,998
18053000400,3405,2591,814
18053000500,4971,4101,870
18053000600,2917,2311,606
18053000700,3433,2701,732
18053000800,6319,5492,827
18053000900,2686,2093,593
18053010100,5407,4251,1156
18053010200,4554,3487,1067
18053010300,3949,3112,837
18053010400,2763,2158,605
18053010500,5329,4067,1262
18053010600,3451,2754,697
18053010700,5564,4665,899
18053010800,4432,3433,999
18055954701,4167,3261,906
18055954702,3522,2767,755
18055954800,3436,2679,757
18055954900,4992,3916,1076
18055955000,2707,2060,647
18055955100,2710,2092,618
18055955200,2267,1695,572
18055955300,3800,2987,813
18055955400,3202,2543,659
18057110101,9078,6162,2916
18057110102,4271,3321,950
18057110201,4231,3206,1025
18057110202,6632,5105,1527
18057110301,9332,6423,2909
18057110302,5716,4020,1696
18057110303,5218,3980,1238
18057110401,4443,3343,1100
18057110404,5309,3861,1448
18057110405,5018,3605,1413
18057110406,6395,4473,1922
18057110505,7344,5262,2082
18057110509,5469,4020,1449
18057110511,5688,4204,1484
18057110512,4863,3692,1171
18057110513,11255,8054,3201
18057110514,3181,2333,848
18057110515,9520,6950,2570
18057110516,10257,7365,2892
18057110517,6811,4822,1989
18057110518,5151,3864,1287
18057110600,4175,3255,920
18057110700,3402,2620,782
18057110805,7793,5722,2071
18057110807,6481,4869,1612
18057110810,6832,5380,1452
18057110811,4492,3693,799
18057110812,6686,5124,1562
18057110813,13901,9266,4635
18057110814,11281,7797,3484
18057110815,7888,5365,2523
18057110816,4346,3163,1183
18057110817,7395,4992,2403
18057110818,7656,5147,2509
18057110819,6086,4378,1708
18057110820,4146,3454,692
18057110821,5000,3250,1750
18057110822,5632,3862,1770
18057110904,4652,3397,1255
18057110905,3819,3105,714
18057110906,6774,4930,1844
18057110907,5358,3869,1489
18057110909,6468,4422,2046
18057110910,7040,4538,2502
18057110911,7308,5218,2090
18057110912,5547,4213,1334
18057111003,4726,3584,1142
18057111004,3014,2258,756
18057111006,4171,3291,880
18057111007,4030,3146,884
18057111009,7816,5652,2164
18057111010,7044,4783,2261
18057111011,3377,2944,433
18057111012,4564,4068,496
18057111101,3852,2820,1032
18057111103,4013,3044,969
18057111104,5520,4511,1009
18059410100,4151,3253,898
18059410201,9321,6586,2735
18059410202,6294,4721,1573
18059410301,5026,3887,1139
18059410302,8152,6133,2019
18059410401,2372,1920,452
18059410402,4708,3648,1060
18059410500,3007,2380,627
18059410600,5370,4193,1177
18059410700,5640,4378,1262
18059410801,4823,3670,1153
18059410802,4609,3599,1010
18059410901,4394,3183,1211
18059410902,4910,3943,967
18059411000,7063,5339,1724
18061060100,6010,4619,1391
18061060201,3574,2735,839
18061060202,4186,3247,939
18061060300,5731,4276,1455
18061060401,5456,4283,1173
18061060402,2282,1746,536
18061060500,5864,4573,1291
18061060601,3782,2972,810
18061060602,2769,2152,617
18063210103,4832,3501,1331
18063210105,8622,6072,2550
18063210106,8087,5512,2575
18063210107,1796,1401,395
18063210108,6848,4636,2212
18063210109,5979,4321,1658
18063210201,4591,3480,1111
18063210203,3420,2719,701
18063210204,5210,3994,1216
18063210300,6579,4891,1688
18063210400,5035,3907,1128
18063210501,7056,5315,1741
18063210502,6095,4553,1542
18063210607,6508,5041,1467
18063210608,3649,2774,875
18063210609,5359,3979,1380
18063210610,5520,4216,1304
18063210611,12767,9356,3411
18063210612,5073,4158,915
18063210613,6439,4702,1737
18063210614,7558,5426,2132
18063210615,6166,4405,1761
18063210616,4277,3237,1040
18063210617,2391,1709,682
18063210701,6763,5698,1065
18063210702,7097,5028,2069
18063210801,3447,2640,807
18063210802,4566,3459,1107
18063210900,3393,2675,718
18063211000,6055,4746,1309
18063211100,3610,2783,827
18065975500,6040,5377,663
18065975600,4055,3216,839
18065975700,4517,3507,1010
18065975800,4647,3575,1072
18065975900,4452,3614,838
18065976000,3257,2553,704
18065976100,2655,2095,560
18065976300,1787,1397,390
18065976400,4549,3705,844
18065976500,2396,1789,607
18065976600,2058,1626,432
18065976700,4421,3416,1005
18065976800,4080,3185,895
18067000200,3619,2687,932
18067000300,2812,2213,599
18067000400,3718,2676,1042
18067000500,3526,2691,835
18067000600,3032,2350,682
18067000700,5456,4620,836
18067000800,5462,4360,1102
18067000900,4015,3093,922
18067001000,1703,1366,337
18067001100,5489,4210,1279
18067001200,3598,2729,869
18067001300,2581,2073,508
18067001400,4693,3842,851
18067001500,3881,2872,1009
18067010100,6355,4916,1439
18067010201,3395,2841,554
18067010202,2176,1710,466
18067010300,4327,3329,998
18067010400,3692,2821,871
18067010500,5111,3852,1259
18067010600,5017,3896,1121
18069961300,4705,3695,1010
18069961400,3749,2851,898
18069961500,4583,3619,964
18069961600,3853,3006,847
18069961700,4449,3490,959
18069961800,3074,2370,704
18069961900,4678,3669,1009
18069962000,4104,3162,942
18069962100,3467,2742,725
18071967501,2661,2105,556
18071967502,5595,4298,1297
18071967600,5196,3776,1420
18071967700,3999,3028,971
18071967800,2515,1802,713
18071967901,6138,4199,1939
18071967902,3250,2521,729
18071968000,5219,4094,1125
18071968100,4348,3334,1014
18071968200,4105,3235,870
18071968300,3402,2601,801
18073100400,1412,1033,379
18073100800,4843,3677,1166
18073100901,3214,2379,835
18073100902,6754,5197,1557
18073101000,6312,4807,1505
18073101100,3605,2763,842
18073101200,3670,2778,892
18073101300,3108,2398,710
18075962700,3117,2302,815
18075962800,3379,2206,1173
18075962900,2812,2099,713
18075963000,2315,1746,569
18075963100,4306,3334,972
18075963200,2284,1783,501
18075963300,2265,1763,502
18077966000,3893,3101,792
18077966100,6653,4949,1704
18077966200,4670,3571,1099
18077966300,4124,3331,793
18077966400,5828,4815,1013
18077966500,5730,4419,1311
18077966600,2249,1979,270
18079960200,5154,3958,1196
18079960301,3815,3028,787
18079960302,4645,3403,1242
18079960400,6745,5112,1633
18079960500,2393,1831,562
18079960600,4861,3722,1139
18081610101,6598,4805,1793
18081610102,13043,9030,4013
18081610201,4504,3476,1028
18081610203,6325,4702,1623
18081610204,5385,4377,1008
18081610300,3540,2861,679
18081610401,6076,4802,1274
18081610403,6096,4320,1776
18081610404,5036,3961,1075
18081610501,2805,2117,688
18081610502,5565,4122,1443
18081610603,7137,5386,1751
18081610605,6067,4707,1360
18081610606,6068,4735,1333
18081610607,6990,4952,2038
18081610608,1911,1514,397
18081610703,6136,4509,1627
18081610704,9238,6649,2589
18081610705,7034,4802,2232
18081610706,2554,1890,664
18081610801,6873,5259,1614
18081610802,7591,5554,2037
18081610900,4908,3850,1058
18081611000,3682,3139,543
18081611100,3369,2628,741
18081611200,5480,4091,1389
18081611300,3810,2885,925
18081611400,7944,6191,1753
18083955000,3182,2374,808
18083955100,2814,2200,614
18083955201,1953,1507,446
18083955202,3968,3104,864
18083955300,2906,2429,477
18083955400,2091,1637,454
18083955500,2962,2376,586
18083955600,2840,2218,622
18083955700,4768,3696,1072
18083955800,3376,2514,862
18083955900,5422,4234,1188
18085960900,2774,2154,620
18085961001,2348,1814,534
18085961002,2452,1978,474
18085961100,6162,4387,1775
18085961200,6279,4471,1808
18085961300,3328,2671,657
18085961400,2931,2355,576
18085961500,2588,2060,528
18085961600,1579,1351,228
18085961700,4597,3404,1193
18085961800,6384,4931,1453
18085961900,2498,1931,567
18085962000,5038,3895,1143
18085962101,3619,2657,962
18085962102,4907,3930,977
18085962200,4770,3634,1136
18085962300,5576,4178,1398
18085962400,3659,2786,873
18085962500,2717,2076,641
18085962600,2721,2094,627
18085962700,3313,2569,744
18087970100,6445,4662,1783
18087970200,5447,3832,1615
18087970301,3358,2184,1174
18087970302,5322,3383,1939
18087970401,4922,2849,2073
18087970402,5607,3285,2322
18087970500,3804,2422,1382
18087970600,2559,2051,508
18087970700,2982,2352,630
18089010100,4013,3259,754
18089010203,2440,1768,672
18089010205,1249,962,287
18089010206,2330,1717,613
18089010207,3126,2224,902
18089010302,3175,2198,977
18089010304,3048,2220,828
18089010400,2939,2154,785
18089010500,764,536,228
18089010600,1152,794,358
18089010900,668,537,131
18089011000,1573,1206,367
18089011100,4148,2921,1227
18089011200,3880,3031,849
18089011300,1479,1169,310
18089011400,1223,793,430
18089011500,2250,1617,633
18089011600,1881,1416,465
18089011700,588,480,108
18089011800,1373,1042,331
18089011900,1262,934,328
18089012000,703,532,171
18089012100,537,382,155
18089012200,1272,820,452
18089012300,2279,1683,596
18089012400,3991,3007,984
18089012500,4635,3377,1258
18089012600,2194,1519,675
18089012700,2898,2052,846
18089012800,2011,1398,613
18089020100,4669,3718,951
18089020200,2497,2057,440
18089020300,6414,4747,1667
18089020400,4732,3370,1362
18089020500,3550,2474,1076
18089020600,2004,1336,668
18089020700,4874,3580,1294
18089020800,4272,3115,1157
18089020900,4154,3351,803
18089021000,5081,3746,1335
18089021100,3135,2361,774
18089021300,3661,2787,874
18089021400,4865,3616,1249
18089021500,2459,1901,558
18089021600,2997,2257,740
18089021700,4683,3526,1157
18089021800,3568,2535,1033
18089021900,5286,3874,1412
18089022000,4996,3777,1219
18089030100,1338,741,597
18089030200,1092,684,408
18089030300,1402,1053,349
18089030400,2844,2059,785
18089030500,3845,2807,1038
18089030600,4811,3394,1417
18089030700,1932,1439,493
18089030800,3932,2899,1033
18089030900,3647,2637,1010
18089031000,1509,1022,487
18089040100,1318,992,326
18089040200,3241,2523,718
18089040301,3841,3006,835
18089040302,4267,3300,967
18089040401,5317,4134,1183
18089040402,4493,3569,924
18089040403,5976,4580,1396
18089040501,4061,3292,769
18089040502,3576,3021,555
18089040600,3726,2959,767
18089040700,4993,3886,1107
18089040801,3809,3056,753
18089040802,3819,3071,748
18089040900,6343,5119,1224
18089041001,5343,4026,1317
18089041002,4502,3555,947
18089041100,1847,1362,485
18089041200,2165,1658,507
18089041302,2514,1946,568
18089041400,2666,2130,536
18089041500,1582,1149,433
18089041600,5086,3751,1335
18089041700,4774,3577,1197
18089041800,6438,4962,1476
18089041900,5031,3841,1190
18089042000,6922,5515,1407
18089042100,5698,4269,1429
18089042200,6630,4975,1655
18089042301,4301,3532,769
18089042302,2509,2081,428
18089042401,6334,4790,1544
18089042403,4399,3255,1144
18089042404,2765,2131,634
18089042405,4304,3286,1018
18089042501,6332,4628,1704
18089042503,3296,2676,620
18089042506,3256,2902,354
18089042507,3487,2891,596
18089042508,3813,3039,774
18089042509,3733,3236,497
18089042602,7061,5414,1647
18089042606,3327,2600,727
18089042607,6248,5007,1241
18089042608,4604,3625,979
18089042610,4300,3324,976
18089042611,5347,3777,1570
18089042612,4426,3456,970
18089042613,4184,3336,848
18089042702,5482,4472,1010
18089042703,4675,4088,587
18089042704,4150,3421,729
18089042802,5183,4024,1159
18089042803,5738,4650,1088
18089042804,4247,3414,833
18089042901,8269,6267,2002
18089042903,4173,3185,988
18089042904,5772,4412,1360
18089043001,4663,3693,970
18089043003,2555,2055,500
18089043004,2939,2332,607
18089043101,2876,2162,714
18089043103,4205,3111,1094
18089043104,6528,4760,1768
18089043201,3585,2740,845
18089043203,6412,4779,1633
18089043204,4867,3567,1300
18089043301,5306,4012,1294
18089043302,7621,5508,2113
18089043401,7676,5988,1688
18089043403,7276,5523,1753
18089043404,1719,1361,358
18089043405,5449,4306,1143
18091040100,4032,3531,501
18091040300,2576,1913,663
18091040400,3158,2482,676
18091040500,3493,2952,541
18091040600,4941,3853,1088
18091040700,1532,1124,408
18091040800,2968,2135,833
18091040900,2604,1807,797
18091041100,2286,2054,232
18091041200,1024,943,81
18091041300,2752,1995,757
18091041400,4688,3481,1207
18091041500,4907,3989,918
18091041600,6262,5079,1183
18091041700,3411,2731,680
18091041800,5933,4532,1401
18091041900,5305,4163,1142
18091042000,2548,1980,568
18091042100,6455,4773,1682
18091042200,3385,2689,696
18091042300,2297,1829,468
18091042401,2910,2175,735
18091042402,4890,3782,1108
18091042500,5433,4177,1256
18091042601,5010,3958,1052
18091042602,3110,3056,54
18091042700,5249,4020,1229
18091042800,3056,2349,707
18091042900,3810,2970,840
18091043000,2392,1963,429
18093950400,3598,2853,745
18093950500,4809,3815,994
18093950601,3114,2342,772
18093950602,4075,3243,832
18093950701,3955,3139,816
18093950702,2508,1982,526
18093950800,3967,3263,704
18093950900,2903,2237,666
18093951000,3505,2761,744
18093951100,3172,2439,733
18093951201,3589,2816,773
18093951202,2528,1962,566
18093951300,3288,2546,742
18095000300,2812,2202,610
18095000400,2307,1718,589
18095000500,2826,2120,706
18095000800,1916,1386,530
18095000900,1600,1142,458
18095001000,2627,2036,591
18095001100,2449,1966,483
18095001200,2906,2368,538
18095001300,4695,4048,647
18095001400,3811,2950,861
18095001500,3941,3098,843
18095001600,2874,2301,573
18095001700,3861,2932,929
18095001801,3577,2858,719
18095001802,1647,1311,336
18095001901,3159,2564,595
18095001902,2661,2097,564
18095002000,4101,3225,876
18095010100,2934,2317,617
18095010200,4655,3547,1108
18095010300,3094,2369,725
18095010400,2918,2387,531
18095010500,3392,2682,710
18095010600,5385,4064,1321
18095010700,3277,2640,637
18095010800,3293,2640,653
18095010900,2165,1637,528
18095011000,1954,1508,446
18095011100,3908,2966,942
18095011200,6291,5152,1139
18095011300,2596,2054,542
18095011400,3957,3055,902
18095011501,5598,4502,1096
18095011502,4261,3190,1071
18095011600,2523,2517,6
18095011700,2569,1953,616
18095011800,7243,5174,2069
18095011900,1687,1336,351
18095012000,2659,1940,719
18097310104,3576,3208,368
18097310105,3830,2985,845
18097310106,4161,3461,700
18097310108,3597,3081,516
18097310110,3125,2456,669
18097310111,3771,2999,772
18097310112,6264,5064,1200
18097310113,1228,1004,224
18097310201,4603,3454,1149
18097310203,5939,4287,1652
18097310204,5281,3837,1444
18097310305,6588,4795,1793
18097310306,6924,4640,2284
18097310308,3679,2692,987
18097310309,3880,2822,1058
18097310310,4550,3318,1232
18097310311,5831,4228,1603
18097310312,6203,4722,1481
18097320105,4528,3687,841
18097320106,2526,1885,641
18097320107,1808,1529,279
18097320108,5546,4220,1326
18097320109,2578,2148,430
18097320202,4708,4036,672
18097320203,3087,2600,487
18097320205,2492,2283,209
18097320206,2915,2115,800
18097320301,3413,2992,421
18097320303,3585,3073,512
18097320305,2963,2150,813
18097320306,3997,3458,539
18097320400,3228,2465,763
18097320500,3121,2533,588
18097320600,2554,2121,433
18097320700,2353,2075,278
18097320800,3225,2492,733
18097320901,5883,4760,1123
18097320902,4644,3346,1298
18097320903,4922,3275,1647
18097321001,2860,2177,683
18097321002,4657,3718,939
18097321100,3631,2966,665
18097321200,5071,4037,1034
18097321300,2619,2370,249
18097321400,5364,4440,924
18097321600,5024,4111,913
18097321700,4183,3594,589
18097321800,3556,2842,714
18097321900,6431,5677,754
18097322000,3422,2803,619
18097322100,2706,1965,741
18097322200,2139,1607,532
18097322300,2528,1994,534
18097322400,2964,2525,439
18097322500,1651,1281,370
18097322601,2438,1650,788
18097322602,1356,1141,215
18097322700,2002,1661,341
18097330103,4436,3763,673
18097330105,5344,4301,1043
18097330106,4354,3634,720
18097330107,5683,4669,1014
18097330108,3665,2988,677
18097330109,4907,3985,922
18097330203,5418,4343,1075
18097330204,6133,4575,1558
18097330206,4695,3563,1132
18097330208,2879,2326,553
18097330210,6309,4392,1917
18097330211,6010,4149,1861
18097330212,5032,3643,1389
18097330213,4063,3268,795
18097330401,5985,4475,1510
18097330500,6329,4967,1362
18097330600,5267,3848,1419
18097330701,2123,1515,608
18097330702,5026,3420,1606
18097330803,3638,2356,1282
18097330804,3671,2400,1271
18097330805,3089,2146,943
18097330806,4269,2900,1369
18097330900,5686,4094,1592
18097331000,4194,3187,1007
18097340101,4066,3135,931
18097340102,4666,3371,1295
18097340108,3761,2577,1184
18097340111,3870,2916,954
18097340112,5108,4225,883
18097340113,4422,3364,1058
18097340114,4440,3435,1005
18097340115,6601,5030,1571
18097340201,3676,2503,1173
18097340202,4830,3508,1322
18097340301,3190,2144,1046
18097340302,4968,3355,1613
18097340400,4024,2756,1268
18097340500,4932,3986,946
18097340600,5274,3945,1329
18097340700,4219,2911,1308
18097340800,1751,1429,322
18097340901,4034,3002,1032
18097340903,1742,1380,362
18097340904,5235,4084,1151
18097341000,1817,1504,313
18097341100,2239,1658,581
18097341200,2535,1739,796
18097341600,2375,1592,783
18097341701,2906,2003,903
18097341702,1962,1483,479
18097341902,3957,3086,871
18097341903,4839,3459,1380
18097341904,2411,1771,640
18097342000,6690,4916,1774
18097342101,5575,4019,1556
18097342200,5454,3907,1547
18097342300,6860,5075,1785
18097342400,1575,1151,424
18097342500,5004,3628,1376
18097342600,3490,2512,978
18097350100,1390,1093,297
18097350300,2511,2039,472
18097350400,2490,2021,469
18097350500,2395,1713,682
18097350600,4406,3441,965
18097350700,1566,1171,395
18097350800,2375,1520,855
18097350900,1687,1182,505
18097351000,2555,1898,657
18097351200,2381,1702,679
18097351500,2023,1558,465
18097351600,2293,1964,329
18097351700,2642,2057,585
18097351900,2140,1719,421
18097352100,2121,1459,662
18097352300,1604,1141,463
18097352400,3056,2240,816
18097352500,3003,2515,488
18097352600,3739,2682,1057
18097352700,2423,1862,561
18097352800,1480,1110,370
18097353300,2717,2475,242
18097353500,2480,2242,238
18097353600,2708,2172,536
18097354201,4538,4344,194
18097354202,3206,3039,167
18097354400,1514,1241,273
18097354500,2237,1778,459
18097354700,1559,1052,507
18097354800,1765,1256,509
18097354900,2651,1931,720
18097355000,2325,1677,648
18097355100,1986,1438,548
18097355300,2588,2015,573
18097355400,2639,2017,622
18097355500,3809,2857,952
18097355600,2283,1731,552
18097355700,2420,1857,563
18097355900,2258,1947,311
18097356200,2783,2656,127
18097356400,3746,2891,855
18097356900,2188,1712,476
18097357000,2018,1670,348
18097357100,2111,1717,394
18097357200,3153,2370,783
18097357300,1970,1442,528
18097357400,4345,3056,1289
18097357500,3917,3183,734
18097357601,5132,3836,1296
18097357602,1694,1151,543
18097357800,1909,1500,409
18097357900,3840,3095,745
18097358000,1363,1083,280
18097358100,2910,2041,869
18097360101,2571,1854,717
18097360102,2826,1971,855
18097360201,4162,2959,1203
18097360202,3179,2243,936
18097360301,4167,2850,1317
18097360302,2706,1825,881
18097360401,6205,4303,1902
18097360402,2088,1474,614
18097360405,6760,4824,1936
18097360406,4865,3239,1626
18097360407,3020,2209,811
18097360501,6289,4620,1669
18097360502,5902,4331,1571
18097360601,4889,3797,1092
18097360602,5585,4509,1076
18097360700,1850,1507,343
18097360800,2485,2036,449
18097360900,5570,4405,1165
18097361000,2113,1732,381
18097361100,3131,2558,573
18097361200,3137,2480,657
18097361300,2710,2050,660
18097361401,5451,3859,1592
18097361402,5600,4269,1331
18097361601,5290,4111,1179
18097361602,3640,2755,885
18097370201,4102,3118,984
18097370203,4006,2682,1324
18097370204,4035,3120,915
18097370303,7217,4874,2343
18097370304,3440,2595,845
18097370305,3589,2485,1104
18097370306,5664,4186,1478
18097380101,7112,5499,1613
18097380102,3238,2287,951
18097380103,9056,6424,2632
18097380200,3291,2591,700
18097380301,1849,1358,491
18097380302,4141,3351,790
18097380402,4867,3614,1253
18097380403,4026,3128,898
18097380404,4247,3311,936
18097380501,2639,1940,699
18097380502,4695,3665,1030
18097380600,5383,3927,1456
18097380700,6221,4448,1773
18097380800,2947,2306,641
18097380901,5538,4101,1437
18097380902,6133,4999,1134
18097381002,3258,2542,716
18097381003,4005,2841,1164
18097381004,4045,2863,1182
18097381101,5939,4660,1279
18097381102,7356,5320,2036
18097381203,3101,1978,1123
18097381204,3539,2815,724
18097381205,7687,5570,2117
18097381206,4395,3484,911
18097381207,3060,2299,761
18097390102,5712,4011,1701
18097390103,3437,2493,944
18097390104,7020,4840,2180
18097390200,6766,4576,2190
18097390300,6844,4986,1858
18097390405,4561,3656,905
18097390406,5870,4142,1728
18097390407,5632,4030,1602
18097390408,5703,4076,1627
18097390409,8018,5935,2083
18097390410,2313,1831,482
18097390411,4395,3300,1095
18097390500,2450,1804,646
18097390601,959,783,176
18097390602,3157,2629,528
18097390700,3951,2802,1149
18097390802,4892,3431,1461
18097390900,3395,2701,694
18097391001,2731,2695,36
18097391002,5931,5689,242
18099020101,5429,4033,1396
18099020102,3602,2497,1105
18099020201,3960,2959,1001
18099020202,2781,2173,608
18099020301,3849,3082,767
18099020302,2771,2256,515
18099020400,3210,2499,711
18099020500,3644,2626,1018
18099020600,5146,3811,1335
18099020701,3601,2703,898
18099020702,2861,2134,727
18099020800,5241,3866,1375
18101950100,2559,1974,585
18101950200,3740,2870,870
18101950300,3513,2719,794
18103952000,4423,3459,964
18103952100,4355,3514,841
18103952200,2740,2242,498
18103952300,2753,2038,715
18103952400,2673,2024,649
18103952500,2196,1615,581
18103952600,3480,2644,836
18103952700,4603,3546,1057
18103952800,2676,2011,665
18103952900,6063,5032,1031
18105000100,5268,4847,421
18105000201,3070,2983,87
18105000202,7349,7298,51
18105000301,4008,3589,419
18105000302,2911,2536,375
18105000401,4628,4063,565
18105000402,4950,4160,790
18105000501,5131,3948,1183
18105000502,3320,2579,741
18105000601,3559,2759,800
18105000602,3134,2570,564
18105000700,2990,2344,646
18105000801,2460,1987,473
18105000802,3028,2719,309
18105000901,2410,2130,280
18105000903,5229,4435,794
18105000904,5470,4794,676
18105001001,5464,4297,1167
18105001002,6521,5232,1289
18105001101,5216,4283,933
18105001102,4538,3476,1062
18105001103,3080,2405,675
18105001200,5910,4710,1200
18105001301,5646,4495,1151
18105001303,6125,4642,1483
18105001304,3919,2932,987
18105001305,2418,1888,530
18105001401,1977,1603,374
18105001403,3340,2780,560
18105001404,1651,1342,309
18105001501,5675,4366,1309
18105001502,3051,2511,540
18105001600,6272,5841,431
18107956700,3150,2419,731
18107956800,3033,2300,733
18107956900,5473,4224,1249
18107957000,4907,3947,960
18107957100,4925,3710,1215
18107957200,4409,3275,1134
18107957300,4027,3122,905
18107957400,4645,3653,992
18107957500,3367,2565,802
18109510101,5331,3946,1385
18109510102,4860,3858,1002
18109510201,4191,3251,940
18109510202,4304,3230,1074
18109510300,4921,3904,1017
18109510401,3966,3126,840
18109510402,5795,4437,1358
18109510500,4243,3314,929
18109510601,5249,4147,1102
18109510602,3605,2777,828
18109510701,3431,2642,789
18109510703,3893,3101,792
18109510704,3032,2348,684
18109510800,3632,2809,823
18109510900,3669,2858,811
18109511001,5623,4458,1165
18109511002,2035,1567,468
18111100400,5974,4719,1255
18111100500,3215,2543,672
18111100600,2494,1932,562
18111100700,2147,1673,474
18113971700,6212,4809,1403
18113971800,3213,2367,846
18113971900,5572,4131,1441
18113972000,3096,2390,706
18113972100,4486,3036,1450
18113972200,4904,3434,1470
18113972300,4702,3501,1201
18113972400,4769,3708,1061
18113972500,6567,5077,1490
18113972600,3936,3086,850
18115965700,2542,2045,497
18115965800,3398,2679,719
18117951300,3553,2644,909
18117951400,3162,2389,773
18117951500,2903,2304,599
18117951600,3434,2760,674
18117951700,3212,2488,724
18117951800,3603,2644,959
18119955500,3586,2802,784
18119955600,3613,2945,668
18119955701,3070,2408,662
18119955702,1884,1429,455
18119955800,4247,3396,851
18119955900,4921,3823,1098
18121030100,3884,2697,1187
18121030200,2940,2197,743
18121030300,4613,3781,832
18121030401,2459,1933,526
18121030402,2260,1764,496
18123952200,5246,4352,894
18123952300,3371,2607,764
18123952400,4002,3176,826
18123952500,4260,3317,943
18123952600,2291,1761,530
18125953900,3374,2615,759
18125954000,2928,2297,631
18125954100,3125,2414,711
18125954200,2823,2175,648
18127050104,5710,4350,1360
18127050105,5198,3924,1274
18127050106,4098,3210,888
18127050107,3958,3281,677
18127050202,6184,4711,1473
18127050203,6635,5254,1381
18127050301,3742,2769,973
18127050302,4074,3246,828
18127050405,1168,1004,164
18127050407,3541,2750,791
18127050408,3917,3070,847
18127050409,4339,3364,975
18127050501,6015,4618,1397
18127050503,5021,3808,1213
18127050505,2364,1836,528
18127050506,6198,4840,1358
18127050507,4016,2971,1045
18127050508,6127,4772,1355
18127050509,5218,4073,1145
18127050602,4804,3822,982
18127050603,4068,3122,946
18127050605,4606,3509,1097
18127050606,4615,3459,1156
18127050703,3424,2614,810
18127050704,5797,4448,1349
18127050705,3929,2989,940
18127050706,4567,3733,834
18127050801,2921,2355,566
18127050802,3646,2981,665
18127050901,2226,1822,404
18127050902,1669,1633,36
18127051005,5203,4106,1097
18127051006,4200,3242,958
18127051008,2185,1761,424
18127051009,5799,4536,1263
18127051010,3988,2991,997
18127051011,3688,2934,754
18127051012,3753,2941,812
18127051101,6104,4678,1426
18127051102,4478,3387,1091
18129040100,5563,4299,1264
18129040200,2160,1777,383
18129040300,2436,1841,595
18129040400,5860,4423,1437
18129040500,3061,2437,624
18129040600,3287,2471,816
18129040700,2855,2200,655
18131958900,2535,1977,558
18131959000,3514,2800,714
18131959100,3521,2693,828
18131959200,2944,2308,636
18133956000,3109,2430,679
18133956100,2658,2131,527
18133956200,4805,3869,936
18133956301,4982,4141,841
18133956302,2327,1829,498
18133956401,3226,2539,687
18133956402,3938,3043,895
18133956500,6024,4715,1309
18133956600,5657,4880,777
18135951400,2445,1887,558
18135951500,2903,2265,638
18135951600,3627,2652,975
18135951700,3171,2484,687
18135951800,2376,1850,526
18135951900,4160,3303,857
18135952000,3069,2383,686
18135952100,2751,2166,585
18137968401,2156,1709,447
18137968402,5129,3993,1136
18137968500,5028,3769,1259
18137968600,4854,3738,1116
18137968700,3540,2591,949
18137968800,3363,2676,687
18137968900,4925,3807,1118
18139974100,2877,2281,596
18139974200,3487,2674,813
18139974300,3533,2646,887
18139974400,2768,2206,562
18139974500,4087,3089,998
18141000100,2191,1504,687
18141000200,3552,2368,1184
18141000301,2617,1952,665
18141000302,2641,2009,632
18141000400,2464,1659,805
18141000500,1707,1214,493
18141000600,2199,1479,720
18141000700,1612,1235,377
18141000800,1510,1231,279
18141000900,1358,1178,180
18141001000,3549,2921,628
18141001100,4330,3243,1087
18141001200,2195,1662,533
18141001300,2363,1842,521
18141001400,3632,2758,874
18141001500,3079,2391,688
18141001600,2318,1743,575
18141001700,1697,1382,315
18141001900,1393,980,413
18141002000,1698,1117,581
18141002100,1256,862,394
18141002200,3006,1968,1038
18141002300,1406,989,417
18141002400,2857,1931,926
18141002500,2213,1562,651
18141002600,3401,2371,1030
18141002700,1592,1226,366
18141002800,2195,1545,650
18141002900,1308,802,506
18141003000,1864,1231,633
18141003100,3879,2816,1063
18141003200,5084,3874,1210
18141003300,2963,2134,829
18141003400,3855,2589,1266
18141003500,2670,1992,678
18141010100,2848,2178,670
18141010201,3889,2887,1002
18141010202,1678,1412,266
18141010300,5799,4329,1470
18141010400,3111,2420,691
18141010500,3017,2332,685
18141010600,3969,3267,702
18141010700,3989,3122,867
18141010800,4302,3289,1013
18141010901,4056,3390,666
18141010902,3911,3072,839
18141011001,2690,2120,570
18141011002,4362,3484,878
18141011100,4341,3367,974
18141011203,10008,9833,175
18141011303,6157,4943,1214
18141011304,2456,1919,537
18141011305,4286,3338,948
18141011306,3301,2723,578
18141011307,3014,2436,578
18141011308,3924,3140,784
18141011309,3096,2621,475
18141011310,2877,2491,386
18141011403,6117,4409,1708
18141011404,6634,4575,2059
18141011405,3718,2615,1103
18141011406,5231,3898,1333
18141011501,3926,3313,613
18141011503,1855,1442,413
18141011504,1572,1230,342
18141011505,3931,3296,635
18141011506,5309,4272,1037
18141011602,7695,5830,1865
18141011603,4993,3710,1283
18141011604,3279,2371,908
18141011701,4105,3024,1081
18141011703,3631,2991,640
18141011704,4986,4064,922
18141011801,1244,1023,221
18141011803,4077,3313,764
18141011804,2444,1969,475
18141011900,4212,3346,866
18141012000,3670,2997,673
18141012100,3402,2557,845
18141012200,2873,2070,803
18141012300,3482,2690,792
18141012400,1791,1323,468
18143966700,4398,3385,1013
18143966800,3777,2875,902
18143966900,4775,3643,1132
18143967000,5882,4633,1249
18143967100,5552,4309,1243
18145710100,3678,2877,801
18145710200,5702,4416,1286
18145710300,4753,3773,980
18145710400,3198,2458,740
18145710500,5343,3961,1382
18145710601,3277,2469,808
18145710602,3188,2469,719
18145710700,6453,4992,1461
18145710800,4869,3811,1058
18145710900,4594,3628,966
18147952701,4500,3509,991
18147952702,3126,2343,783
18147952800,3058,2399,659
18147952900,2417,1899,518
18147953000,3870,3039,831
18147953100,2839,2259,580
18149953600,2611,2061,550
18149953700,3561,2712,849
18149953800,3675,2852,823
18149953900,2172,1742,430
18149954000,3711,2896,815
18149954100,3592,2763,829
18149954200,4049,3124,925
18151970800,3652,2823,829
18151970900,2310,1939,371
18151971000,3812,3094,718
18151971100,2982,2472,510
18151971200,3211,2432,779
18151971300,5565,4302,1263
18151971400,5251,4357,894
18151971500,3252,2578,674
18151971600,4400,3507,893
18153050101,3026,2394,632
18153050102,2584,1997,587
18153050200,2917,2254,663
18153050301,3317,2623,694
18153050302,2727,2054,673
18153050400,2217,1720,497
18153050501,2993,2783,210
18153050502,1036,763,273
18155965700,3968,2938,1030
18155965800,3039,2210,829
18155965900,2730,2199,531
18157000100,2719,2288,431
18157000200,1931,1455,476
18157000300,3299,2435,864
18157000400,4500,3596,904
18157000700,3168,2558,610
18157000800,1933,1460,473
18157001000,1362,1046,316
18157001100,3048,2445,603
18157001200,3152,2433,719
18157001300,4741,3518,1223
18157001400,3352,2448,904
18157001501,4891,3492,1399
18157001502,6120,4523,1597
18157001601,2161,1556,605
18157001602,3012,2175,837
18157001603,6733,4936,1797
18157001701,3936,2898,1038
18157001702,2606,2026,580
18157001800,3733,2760,973
18157001900,4080,3252,828
18157005101,3229,2613,616
18157005102,4959,3697,1262
18157005200,4881,3811,1070
18157005401,2271,2110,161
18157005402,2205,1996,209
18157005500,5684,5483,201
18157010100,6162,4646,1516
18157010201,5500,4001,1499
18157010205,4612,3256,1356
18157010206,6135,4925,1210
18157010207,4392,3275,1117
18157010208,6484,5643,841
18157010209,3562,2678,884
18157010400,8044,7982,62
18157010500,1649,1503,146
18157010600,5687,4376,1311
18157010700,6695,4659,2036
18157010800,5693,4447,1246
18157010901,9070,6763,2307
18157010902,3883,2962,921
18157011000,3998,2986,1012
18157011100,4429,3659,770
18157011200,6550,6239,311
18159020100,2546,1985,561
18159020200,3393,2676,717
18159020300,2685,2133,552
18159020401,4198,3316,882
18159020402,2537,1962,575
18161960700,4134,3216,918
18161960800,2953,2271,682
18163000100,1981,1569,412
18163000203,2985,2311,674
18163000204,4822,4015,807
18163000205,2135,1711,424
18163000300,3657,3026,631
18163000400,2213,1840,373
18163000500,2048,1628,420
18163000600,1913,1478,435
18163000800,2689,2050,639
18163000900,5767,4437,1330
18163001000,4239,3109,1130
18163001101,2429,1712,717
18163001200,1612,1239,373
18163001300,1725,1247,478
18163001400,1765,1370,395
18163001500,1842,1387,455
18163001700,2127,1778,349
18163001800,501,456,45
18163001900,1009,833,176
18163002000,901,718,183
18163002100,2056,1581,475
18163002300,2421,1845,576
18163002400,3091,2477,614
18163002500,1722,1285,437
18163002600,3319,2265,1054
18163003000,4742,3769,973
18163003100,2440,1890,550
18163003200,3732,3041,691
18163003300,3685,2949,736
18163003400,2798,2191,607
18163003500,3219,2662,557
18163003600,4576,3583,993
18163003701,1974,1543,431
18163003702,4556,3553,1003
18163003801,5283,4264,1019
18163003803,5432,4291,1141
18163003805,6597,5107,1490
18163003900,3223,2577,646
18163010101,3032,2355,677
18163010102,4245,3492,753
18163010204,6798,4976,1822
18163010205,3459,2611,848
18163010206,5508,4272,1236
18163010207,3298,2581,717
18163010208,5344,4026,1318
18163010404,6767,5444,1323
18163010405,4141,3868,273
18163010406,1972,1581,391
18163010501,3382,2699,683
18163010502,3785,2952,833
18163010600,1563,1234,329
18163010701,4150,2996,1154
18163010702,6099,4589,1510
18163010800,3357,2716,641
18165020100,3034,2384,650
18165020200,2622,2040,582
18165020300,3035,2439,596
18165020400,1913,1539,374
18165020500,4835,3746,1089
18167000300,2105,1806,299
18167000400,2976,2112,864
18167000500,1576,1109,467
18167000600,1796,1403,393
18167000700,1942,1410,532
18167000900,2159,1616,543
18167001000,3310,2653,657
18167001100,2701,2018,683
18167001200,2364,1816,548
18167001300,2423,1988,435
18167001400,3046,2417,629
18167001500,3392,2695,697
18167001600,5436,4300,1136
18167001700,4700,3612,1088
18167001800,2621,1897,724
18167001900,1711,1191,520
18167010100,5835,4829,1006
18167010201,4707,3658,1049
18167010202,3240,2517,723
18167010300,3899,3143,756
18167010400,3710,2902,808
18167010500,2287,1690,597
18167010601,3868,3023,845
18167010602,2550,2169,381
18167010702,6001,4733,1268
18167010703,4534,3726,808
18167010704,2612,2007,605
18167011000,3364,2591,773
18167011101,2453,2041,412
18167011102,4080,4022,58
18167011201,6224,5464,760
18167011202,2531,1907,624
18169102200,5277,4247,1030
18169102300,4112,3147,965
18169102400,3245,2540,705
18169102500,4204,3217,987
18169102600,3036,2372,664
18169102700,4132,3266,866
18169102800,3463,2679,784
18169102900,3507,2819,688
18171951001,2841,2194,647
18171951002,1930,1486,444
18171951100,3669,2844,825
18173030100,3396,2586,810
18173030200,3401,2589,812
18173030300,6131,4632,1499
18173030400,2897,2192,705
18173030501,3747,2898,849
18173030502,4178,3300,878
18173030601,2554,1932,622
18173030602,3472,2662,810
18173030703,5652,4126,1526
18173030704,5335,3813,1522
18173030706,3922,2933,989
18173030707,4985,3770,1215
18173030708,2676,2048,628
18173030709,4737,3622,1115
18173030801,3859,2951,908
18173030802,2956,2374,582
18175967200,4626,3457,1169
18175967300,4439,3438,1001
18175967400,4595,3529,1066
18175967500,3173,2475,698
18175967600,4288,3319,969
18175967701,3213,2452,761
18175967702,3848,2988,860
18177000200,3890,3009,881
18177000400,4022,3358,664
18177000500,3963,2869,1094
18177000600,1818,1526,292
18177000700,5962,4700,1262
18177000800,4151,3435,716
18177000900,5359,4166,1193
18177001000,4651,3407,1244
18177001101,3865,3138,727
18177001102,2693,2162,531
18177010100,2685,2138,547
18177010200,3272,2419,853
18177010300,3559,2547,1012
18177010400,3207,2452,755
18177010500,2248,1647,601
18177010600,4349,3431,918
18177010700,3758,2962,796
18177010800,3101,2317,784
18179040100,5841,4456,1385
18179040200,3668,2823,845
18179040300,3239,2390,849
18179040400,4486,3570,916
18179040500,3048,2209,839
18179040600,4186,3150,1036
18179040700,3712,2751,961
18181958100,2351,1897,454
18181958200,2903,2102,801
18181958300,2344,1756,588
18181958400,2358,1785,573
18181958501,1439,1163,276
18181958502,1987,1633,354
18181958600,5243,4047,1196
18181958700,2678,2028,650
18181958800,3385,2578,807
18183050100,5181,3994,1187
18183050200,5433,4305,1128
18183050300,5219,3971,1248
18183050401,3635,2724,911
18183050402,4281,3380,901
18183050500,4940,3776,1164
18183050600,2068,1579,489
18183050700,3434,2641,793
19001960100,2776,2144,632
19001960200,1611,1296,315
19001960300,3109,2394,715
19003950100,1587,1230,357
19003950200,2117,1661,456
19005960100,2083,1698,385
19005960200,2407,1917,490
19005960300,3989,3110,879
19005960400,2108,1679,429
19005960500,3474,2378,1096
19007950100,2568,1975,593
19007950200,1723,1412,311
19007950300,2975,2403,572
19007950400,2887,2189,698
19007950500,2164,1629,535
19009070100,1800,1403,397
19009070200,2248,1739,509
19009070300,1626,1295,331
19011960100,3100,2284,816
19011960200,3184,2425,759
19011960300,5122,3970,1152
19011960400,3257,2507,750
19011960500,5774,4292,1482
19011960600,2617,2006,611
19011960700,2521,1974,547
19013000100,1773,1464,309
19013000200,2855,2009,846
19013000300,2857,2092,765
19013000400,1590,1271,319
19013000500,1577,1124,453
19013000700,1377,978,399
19013000800,3613,2718,895
19013000900,2384,1828,556
19013001000,3732,2818,914
19013001100,2861,2099,762
19013001200,2282,1805,477
19013001301,4153,3274,879
19013001302,3688,2963,725
19013001400,4542,3441,1101
19013001501,3064,2463,601
19013001502,3786,3015,771
19013001503,3645,2990,655
19013001600,2700,2098,602
19013001701,1973,1401,572
19013001702,2516,1945,571
19013001800,1493,1040,453
19013001900,2094,1573,521
19013002000,5171,4081,1090
19013002200,4229,3471,758
19013002301,2071,1690,381
19013002303,3801,3724,77
19013002304,2450,2173,277
19013002400,3941,3141,800
19013002500,5849,4513,1336
19013002601,6032,4856,1176
19013002604,3985,3196,789
19013002605,6557,4894,1663
19013002606,5172,3827,1345
19013002700,3826,3070,756
19013002800,2901,2173,728
19013002901,1265,1030,235
19013002902,3854,2942,912
19013003001,5485,4321,1164
19013003002,4000,3016,984
19015020100,3245,2428,817
19015020200,3889,2961,928
19015020300,6051,4703,1348
19015020400,2464,2012,452
19015020500,5075,3899,1176
19015020600,2234,1609,625
19015020700,3757,2921,836
19017004000,2406,2181,225
19017004100,3819,2874,945
19017004200,4463,3296,1167
19017004300,1839,1380,459
19017004400,2679,2046,633
19017004500,2362,1859,503
19017004600,5353,3931,1422
19017004700,2067,1568,499
19019950100,2374,1766,608
19019950200,3887,2602,1285
19019950300,3078,2264,814
19019950400,2925,2233,692
19019950500,3743,2875,868
19019950600,4558,3410,1148
19021960100,1445,1124,321
19021960200,1849,1410,439
19021960300,1939,1410,529
19021960400,6745,4782,1963
19021960500,5111,3846,1265
19021960600,3734,2755,979
19023070100,2997,2316,681
19023070200,1892,1465,427
19023070300,2582,2044,538
19023070400,3885,2970,915
19023070500,2978,2332,646
19025950100,2345,1847,498
19025950200,2981,2296,685
19025950300,2247,1803,444
19025950400,2354,1860,494
19027960100,3801,2901,900
19027960200,2393,1759,634
19027960300,6247,4853,1394
19027960400,4202,3139,1063
19027960500,1897,1410,487
19027960600,2220,1717,503
19029190100,2433,1909,524
19029190200,2186,1752,434
19029190300,1537,1142,395
19029190400,4073,3242,831
19029190500,2898,2190,708
19031450100,2873,2256,617
19031450200,3671,2828,843
19031450300,3377,2605,772
19031450400,2853,2186,667
19031450500,5731,4408,1323
19033950102,4374,3367,1007
19033950201,2737,2295,442
19033950202,3664,2929,735
19033950300,4422,3534,888
19033950402,4146,3381,765
19033950600,2145,1702,443
19033950700,4030,3262,768
19033950800,4785,3873,912
19033950900,1659,1382,277
19033951000,2763,2084,679
19033951400,3900,3099,801
19033951600,4502,3522,980
19035080101,2983,2382,601
19035080102,2619,2016,603
19035080200,2393,1907,486
19035080300,1603,1217,386
19035080400,2060,1610,450
19037070100,3194,2372,822
19037070200,2362,1779,583
19037070300,2689,2087,602
19037070400,3767,2945,822
19039960100,5454,4067,1387
19039960200,1990,1595,395
19039960300,2304,1670,634
19041080100,1912,1487,425
19041080200,5217,4028,1189
19041080301,3985,3018,967
19041080302,2379,1912,467
19041080400,2891,2259,632
19043070100,2864,2332,532
19043070200,3409,2532,877
19043070300,3152,2507,645
19043070400,2452,2055,397
19043070500,2085,1534,551
19043070600,3081,2379,702
19045000100,2641,2045,596
19045000200,1621,1273,348
19045000300,4725,3450,1275
19045000400,3857,3027,830
19045000500,4376,3539,837
19045000600,3597,2764,833
19045000700,3644,2843,801
19045000800,5322,4193,1129
19045000900,6633,5012,1621
19045001000,3840,2971,869
19045001100,2293,1764,529
19045001200,3911,3006,905
19047070100,1690,1315,375
19047070200,2032,1540,492
19047070300,2033,1578,455
19047070401,3666,2635,1031
19047070402,5285,3627,1658
19047070500,1819,1404,415
19049050100,7480,5353,2127
19049050200,3953,3013,940
19049050300,4630,3355,1275
19049050400,3284,2318,966
19049050500,2080,1598,482
19049050600,3132,2366,766
19049050700,6575,4652,1923
19049050803,13572,9194,4378
19049050805,6715,4666,2049
19049050807,8483,6166,2317
19049050812,4149,3023,1126
19049050813,1776,1305,471
19049050814,5453,3999,1454
19049050815,4257,3391,866
19049050816,5097,4327,770
19049050817,6471,4359,2112
19049050818,4073,2851,1222
19049050901,3403,2525,878
19049050902,5095,3589,1506
19051080100,4137,3088,1049
19051080200,4973,3296,1677
19053960100,2313,1732,581
19053960200,3325,2632,693
19053960300,2007,1509,498
19055950100,3637,2768,869
19055950200,3193,2403,790
19055950300,5207,4050,1157
19055950400,5451,4138,1313
19057000200,2840,2181,659
19057000300,3655,2882,773
19057000400,3728,2728,1000
19057000500,4437,3432,1005
19057000600,3564,2900,664
19057000700,3018,2448,570
19057000800,3456,2752,704
19057000900,3337,2693,644
19057001000,4657,3541,1116
19057001100,3582,2835,747
19057001200,2636,2050,586
19059450200,2300,1790,510
19059450501,2361,1967,394
19059450502,3171,2411,760
19059450800,3511,2656,855
19059451000,2446,2080,366
19059451100,3914,3428,486
19061000100,2661,2215,446
19061000300,2073,1601,472
19061000400,3966,3207,759
19061000500,3759,2730,1029
19061000600,3175,2543,632
19061000701,3436,2801,635
19061000702,3194,2472,722
19061000801,4244,3341,903
19061000802,3492,2817,675
19061000900,3759,3118,641
19061001101,3598,2777,821
19061001103,2261,1721,540
19061001104,4648,3641,1007
19061001201,3847,3228,619
19061001202,2226,1867,359
19061001204,2672,2042,630
19061001205,4133,3260,873
19061010101,2500,1935,565
19061010103,3550,2849,701
19061010104,5995,4329,1666
19061010105,3701,2867,834
19061010201,6666,4684,1982
19061010202,4490,3322,1168
19061010300,3270,2404,866
19061010400,3887,2988,899
19061010500,4741,3609,1132
19061010600,3322,2548,774
19063070100,1728,1390,338
19063070200,1566,1220,346
19063070300,3028,2400,628
19063070400,3066,2320,746
19065080100,2655,2122,533
19065080200,3280,2682,598
19065080300,2333,1783,550
19065080400,2811,2126,685
19065080500,3371,2652,719
19065080600,2360,1821,539
19065080700,2699,2124,575
19067480100,2753,2040,713
19067480200,2575,1982,593
19067480300,2403,1872,531
19067480400,2985,2270,715
19067480500,4911,3805,1106
19069360100,3086,2447,639
19069360200,4565,3423,1142
19069360300,2368,1798,570
19071970100,2015,1567,448
19071970200,2695,2042,653
19071970300,1895,1512,383
19073080100,1754,1380,374
19073080200,2422,1862,560
19073080300,2825,2222,603
19073080500,1770,1354,416
19075960100,4486,3383,1103
19075960200,2775,2079,696
19075960300,3051,2341,710
19075960400,2017,1590,427
19077950100,4057,3204,853
19077950200,2125,1640,485
19077950300,4441,3388,1053
19079960100,1762,1418,344
19079960200,3439,2548,891
19079960300,2975,2279,696
19079960400,5019,3849,1170
19079960500,1844,1470,374
19081270100,3788,2910,878
19081270200,2377,1863,514
19081270300,2649,2104,545
19081270400,1981,1528,453
19083480100,2483,1964,519
19083480200,2114,1692,422
19083480300,3819,2963,856
19083480400,2768,2112,656
19083480500,2814,2154,660
19083480600,2880,2181,699
19085290100,2459,1920,539
19085290200,3499,2643,856
19085290300,2871,2158,713
19085290400,3181,2512,669
19085290500,2572,1935,637
19087970100,3729,2854,875
19087970200,3024,2370,654
19087970300,4697,3687,1010
19087970400,5328,4423,905
19087970500,3704,2833,871
19089960100,4026,3061,965
19089960200,2816,2133,683
19089960300,2627,1899,728
19091970100,2063,1570,493
19091970200,1736,1292,444
19091970300,2829,2123,706
19091970400,2969,2281,688
19093090100,2614,1996,618
19093090200,2110,1611,499
19093090300,2281,1792,489
19095960100,3808,3009,799
19095960200,3904,3031,873
19095960300,3445,2625,820
19095960400,5505,4098,1407
19097950100,2552,2085,467
19097950200,3540,2789,751
19097950300,3213,2562,651
19097950400,3808,2902,906
19097950500,4057,3181,876
19097950600,2315,1735,580
19099040100,3692,2900,792
19099040200,3989,3012,977
19099040300,2676,2096,580
19099040400,5392,4215,1177
19099040500,5122,4027,1095
19099040600,3059,2327,732
19099040700,5390,4049,1341
19099040800,4186,3249,937
19099040900,2967,2232,735
19099980000,1340,1339,1
19101090100,2634,2062,572
19101090200,3093,2453,640
19101090301,2077,1696,381
19101090302,2972,2437,535
19101090400,4887,4076,811
19103000100,7035,5930,1105
19103000200,4426,3821,605
19103000303,2818,2437,381
19103000304,2776,2078,698
19103000305,4297,3279,1018
19103000306,3398,2641,757
19103000307,2946,2339,607
19103000401,3519,2473,1046
19103000402,4937,3873,1064
19103000501,4606,3764,842
19103000502,3007,2446,561
19103000600,3326,3070,256
19103001100,3549,3338,211
19103001200,2015,1587,428
19103001300,3148,2438,710
19103001400,4927,3908,1019
19103001500,2492,2015,477
19103001601,4165,4010,155
19103001602,3286,3050,236
19103001700,2985,2529,456
19103001801,5570,4440,1130
19103001802,4498,3328,1170
19103002100,4888,4819,69
19103002300,4420,4163,257
19103010100,8022,6027,1995
19103010200,4882,3812,1070
19103010303,7145,5263,1882
19103010304,6503,4766,1737
19103010305,5666,4165,1501
19103010306,3045,2036,1009
19103010307,3770,2701,1069
19103010308,5013,3575,1438
19103010401,3467,2605,862
19103010402,3638,2569,1069
19103010501,5677,4450,1227
19103010502,2992,2339,653
19105070100,4010,3055,955
19105070301,1879,1444,435
19105070302,2862,2423,439
19105070401,2603,2013,590
19105070402,2479,1922,557
19105070500,2377,1865,512
19105070600,4436,3517,919
19107080100,2253,1653,600
19107080200,2403,1820,583
19107080300,2612,2073,539
19107080400,2765,2108,657
19109950100,2236,1781,455
19109950200,2407,1908,499
19109950300,2081,1679,402
19109950400,2602,2042,560
19109950500,3421,2737,684
19109950600,2081,1506,575
19111490100,3990,3205,785
19111490200,4340,3476,864
19111490300,2239,1795,444
19111490400,2703,2170,533
19111490500,3352,2649,703
19111490600,3299,2637,662
19111490700,4298,3448,850
19111490800,2106,1555,551
19111490900,2091,1547,544
19111491000,1944,1479,465
19111491100,3193,2437,756
19113000101,6372,4708,1664
19113000102,6663,5102,1561
19113000103,2316,1725,591
19113000201,5398,4233,1165
19113000205,4984,3716,1268
19113000208,4884,3379,1505
19113000209,4971,3383,1588
19113000210,3418,2644,774
19113000211,5672,4106,1566
19113000212,3206,2506,700
19113000213,2661,2033,628
19113000300,5714,4413,1301
19113000400,5351,4046,1305
19113000500,6501,4926,1575
19113000600,3173,2631,542
19113000700,2262,1895,367
19113000800,4319,3381,938
19113000901,5637,4323,1314
19113000902,6608,5281,1327
19113001001,4724,3699,1025
19113001002,3272,2555,717
19113001004,4148,3154,994
19113001005,2639,2030,609
19113001101,4608,3848,760
19113001102,3502,2817,685
19113001200,1836,1376,460
19113001300,3720,3148,572
19113001400,3375,2682,693
19113001500,2799,2330,469
19113001600,5826,4586,1240
19113001700,6155,4465,1690
19113001800,3275,2564,711
19113001900,2700,2446,254
19113002200,2735,2004,731
19113002300,4301,3296,1005
19113002400,4119,3181,938
19113002500,3058,2464,594
19113002600,2612,1963,649
19113002700,1850,1551,299
19113002800,4185,3297,888
19113002900,4930,3903,1027
19113003003,5216,3939,1277
19113003004,4052,2880,1172
19113003005,6263,4695,1568
19113003006,5303,4058,1245
19113010100,2850,2165,685
19113010200,4715,3472,1243
19113010300,3686,2843,843
19113010400,2891,2251,640
19113010500,3810,2976,834
19113010600,6749,5101,1648
19113010700,6787,5020,1767
19113010801,1318,980,338
19113010802,6180,4741,1439
19115450100,2919,2317,602
19115450200,3858,2930,928
19115450300,4060,3125,935
19117950100,2033,1528,505
19117950200,2223,1704,519
19117950300,1970,1526,444
19117950400,2408,1856,552
19119950100,2637,2024,613
19119950200,3429,2453,976
19119950300,5868,4010,1858
19121060101,3565,2580,985
19121060102,3549,2685,864
19121060200,5243,4005,1238
19121060300,4191,3051,1140
19123950100,3141,2410,731
19123950200,3353,2446,907
19123950300,3614,2775,839
19123950400,2960,2280,680
19123950500,3226,2467,759
19123950600,3323,2610,713
19123950700,2573,1945,628
19125030101,5025,3660,1365
19125030102,2815,2115,700
19125030201,3811,2886,925
19125030202,3166,2415,751
19125030300,2930,2482,448
19125030401,4855,3750,1105
19125030402,3758,2975,783
19125030500,2000,1476,524
19125030600,2527,1883,644
19125030700,2527,1978,549
19127950100,2750,2229,521
19127950200,2942,2240,702
19127950300,3384,2558,826
19127950400,3004,2309,695
19127950500,3945,2710,1235
19127950600,4592,3291,1301
19127950700,4309,3248,1061
19127950801,3471,2811,660
19127950802,3586,2756,830
19127950900,3393,2372,1021
19127951000,4729,3493,1236
19129040100,2777,2138,639
19129040201,1828,1364,464
19129040202,3750,2850,900
19129040301,2792,1980,812
19129040302,3337,2593,744
19131560100,3137,2294,843
19131560200,3574,2731,843
19131560300,3854,3060,794
19133960100,2141,1645,496
19133960200,2016,1605,411
19133960300,2927,2254,673
19133960400,1667,1318,349
19135070100,3052,2318,734
19135070200,2696,2023,673
19135070300,1829,1455,374
19137960100,1953,1571,382
19137960200,2412,1863,549
19137960300,3262,2488,774
19137960400,2703,2140,563
19139050100,3586,2791,795
19139050200,5330,4040,1290
19139050300,5382,3895,1487
19139050400,3903,3046,857
19139050500,4683,3512,1171
19139050600,5458,4212,1246
19139050700,5635,4331,1304
19139050800,3063,2249,814
19139050900,3085,2406,679
19139051000,3110,2285,825
19141490100,2711,2084,627
19141490200,3859,2938,921
19141490300,5194,3945,1249
19141490400,2418,1917,501
19143460100,3515,2709,806
19143460200,2677,2073,604
19145490100,2463,1918,545
19145490200,2266,1764,502
19145490300,2812,2218,594
19145490400,3189,2632,557
19145490500,2319,1795,524
19145490600,2162,1694,468
19147960100,1907,1486,421
19147960200,1727,1282,445
19147960300,3845,3013,832
19147960400,1517,1190,327
19149970100,6973,5217,1756
19149970200,3824,2764,1060
19149970300,3333,2456,877
19149970400,3052,2321,731
19149970500,3097,2302,795
19149970600,5419,4155,1264
19151780100,1916,1492,424
19151780200,3059,2379,680
19151780300,2103,1602,501
19153000101,3569,2673,896
19153000102,3971,2973,998
19153000103,2087,1574,513
19153000201,2676,2113,563
19153000202,3743,2880,863
19153000300,4440,3603,837
19153000400,4754,3587,1167
19153000500,4641,3343,1298
19153000600,4023,2968,1055
19153000701,3537,2525,1012
19153000702,3397,2552,845
19153000703,3134,2550,584
19153000704,3197,2494,703
19153000801,6094,4594,1500
19153000802,3453,2868,585
19153000803,3998,3205,793
19153000901,3417,2769,648
19153000902,3303,2650,653
19153001000,4688,3926,762
19153001100,4744,3857,887
19153001200,3494,2325,1169
19153001500,2865,2090,775
19153001700,2824,1982,842
19153001800,1985,1496,489
19153001900,4371,3184,1187
19153002100,4718,3516,1202
19153002600,2208,1702,506
19153002700,3857,3086,771
19153002800,3210,2569,641
19153002900,4045,3546,499
19153003001,2105,1644,461
19153003002,3354,2530,824
19153003100,1826,1380,446
19153003200,2902,2435,467
19153003901,3784,2650,1134
19153003902,5481,4051,1430
19153004001,3809,2815,994
19153004004,3245,2572,673
19153004100,3135,2515,620
19153004200,3147,2493,654
19153004300,4723,3583,1140
19153004400,4170,2966,1204
19153004501,4092,2998,1094
19153004502,2577,2123,454
19153004602,6661,4824,1837
19153004603,3667,2814,853
19153004701,4272,3170,1102
19153004702,2990,2271,719
19153004800,3055,2139,916
19153004900,1687,1183,504
19153005000,3717,2559,1158
19153005101,7040,6700,340
19153005102,1331,1196,135
19153005200,3207,2263,944
19153005300,2633,1940,693
19153010101,5925,4324,1601
19153010102,11046,7263,3783
19153010205,7864,6092,1772
19153010207,4531,3481,1050
19153010208,4379,3297,1082
19153010209,6225,4804,1421
19153010211,3871,3105,766
19153010212,4190,3066,1124
19153010213,4744,3329,1415
19153010214,9299,6701,2598
19153010215,7047,4622,2425
19153010216,16172,11944,4228
19153010404,4682,3663,1019
19153010406,3870,3070,800
19153010407,4418,3399,1019
19153010408,3943,2956,987
19153010409,4248,3239,1009
19153010410,2535,1906,629
19153010411,4501,3620,881
19153010500,6297,5162,1135
19153010601,2622,2087,535
19153010602,7142,5376,1766
19153010702,6600,5211,1389
19153010703,5264,4016,1248
19153010707,3892,2885,1007
19153010708,5990,4311,1679
19153010709,4423,3295,1128
19153010803,5021,3838,1183
19153010804,5390,3991,1399
19153010805,7148,5256,1892
19153010806,4389,3074,1315
19153011001,3527,2700,827
19153011021,4705,3629,1076
19153011025,3791,2833,958
19153011026,5644,4536,1108
19153011027,6809,5225,1584
19153011028,5322,4152,1170
19153011111,5205,4235,970
19153011112,4217,3196,1021
19153011113,2397,1797,600
19153011114,4048,3342,706
19153011201,5332,4136,1196
19153011203,3628,2880,748
19153011205,3669,2582,1087
19153011206,3657,2838,819
19153011301,4278,2770,1508
19153011302,3128,2202,926
19153011303,7426,5428,1998
19153011304,4972,3486,1486
19153011305,3193,2277,916
19153011405,2970,1977,993
19153011406,6751,4850,1901
19153011500,7785,5342,2443
19153011702,3906,3144,762
19153011703,6601,4740,1861
19153011704,2719,1961,758
19155021200,3791,2786,1005
19155021400,3530,2826,704
19155021501,2391,1732,659
19155021502,2930,2260,670
19155021602,2808,2070,738
19155021603,2549,1824,725
19155021701,2275,1749,526
19155021702,2046,1571,475
19155030100,6067,4632,1435
19155030200,3494,2578,916
19155030300,3341,2589,752
19155030401,4051,2985,1066
19155030402,2768,2237,531
19155030501,2271,1747,524
19155030502,2400,1826,574
19155030601,2054,1599,455
19155030602,2567,1948,619
19155030700,2686,1983,703
19155030800,3403,2592,811
19155030900,1417,1207,210
19155031000,2217,1703,514
19155031100,2586,1941,645
19155031200,3282,2583,699
19155031300,3058,2296,762
19155031400,3742,2635,1107
19155031601,5282,3993,1289
19155031602,2494,2012,482
19155031700,4973,4137,836
19155031800,3462,2813,649
19155031900,3732,2956,776
19157370100,3062,2389,673
19157370200,2863,2286,577
19157370300,5374,4422,952
19157370400,4270,3531,739
19157370500,3093,2409,684
19159950100,1961,1543,418
19159950200,2702,2080,622
19161080100,2525,1911,614
19161080200,2617,1967,650
19161080300,2188,1764,424
19161080400,2484,1972,512
19163010101,3695,2899,796
19163010103,4863,3376,1487
19163010104,4022,2998,1024
19163010201,6843,5017,1826
19163010202,5866,4318,1548
19163010300,2393,1861,532
19163010401,5324,4145,1179
19163010402,3153,2525,628
19163010600,2679,2101,578
19163010700,1320,999,321
19163010800,2871,2162,709
19163010900,1912,1648,264
19163011000,2545,1876,669
19163011100,3215,2568,647
19163011200,2228,1602,626
19163011300,4025,3384,641
19163011400,2642,1891,751
19163011500,2252,1683,569
19163011600,3459,2582,877
19163011700,3290,2525,765
19163011800,2306,1879,427
19163011900,2638,2090,548
19163012000,3527,2756,771
19163012100,3482,2781,701
19163012200,2073,1650,423
19163012300,1546,1219,327
19163012400,1281,1050,231
19163012501,4089,3137,952
19163012502,4079,3251,828
19163012601,5484,3988,1496
19163012602,4202,3028,1174
19163012701,3083,2338,745
19163012702,3335,2791,544
19163012801,5062,3799,1263
19163012802,4832,3799,1033
19163012901,5596,4270,1326
19163012902,5555,4456,1099
19163013000,5242,4205,1037
19163013100,1857,1484,373
19163013200,1715,1384,331
19163013300,3676,2844,832
19163013400,2975,2313,662
19163013500,3481,2554,927
19163013600,2597,1921,676
19163013702,6507,4911,1596
19163013703,2857,2073,784
19163013705,5165,4048,1117
19163013706,7830,5552,2278
19165960100,2927,2338,589
19165960200,3083,2363,720
19165960300,3327,2554,773
19165960400,2409,1853,556
19167070100,3646,2730,916
19167070200,4704,3200,1504
19167070300,6644,4626,2018
19167070400,4129,2939,1190
19167070500,2868,2069,799
19167070601,2547,2025,522
19167070602,3715,2817,898
19167070701,3850,2583,1267
19167070702,3769,2872,897
19169000101,2165,1707,458
19169000102,4044,3130,914
19169000103,1630,1157,473
19169000104,1408,1002,406
19169000105,3606,2886,720
19169000200,3454,2820,634
19169000300,2953,2410,543
19169000400,2505,2003,502
19169000500,3741,3667,74
19169000600,4653,3604,1049
19169000700,3104,2889,215
19169000800,5247,5229,18
19169000900,3501,2841,660
19169001000,5281,4747,534
19169001101,3353,3067,286
19169001102,4837,4700,137
19169001200,273,262,11
19169001302,5352,4474,878
19169001303,5007,4286,721
19169001304,5509,4927,582
19169010101,3613,2704,909
19169010102,4622,3248,1374
19169010200,3963,3039,924
19169010300,4601,3601,1000
19169010400,2777,2047,730
19169010500,1852,1376,476
19169010600,5486,4208,1278
19171290100,2820,2161,659
19171290200,2645,2053,592
19171290300,2446,1914,532
19171290400,2973,2217,756
19171290500,3851,2748,1103
19171290600,2400,1897,503
19173180100,2168,1617,551
19173180200,2062,1568,494
19173180300,1666,1331,335
19175190100,2217,1656,561
19175190200,3858,3004,854
19175190300,2093,1585,508
19175190400,3970,3116,854
19177950100,3926,3047,879
19177950200,3277,2438,839
19179960100,2879,2107,772
19179960200,2614,1893,721
19179960300,4420,3419,1001
19179960400,3910,2914,996
19179960500,2404,1743,661
19179960600,3138,2434,704
19179960700,3229,2559,670
19179960800,3517,2807,710
19179960900,3225,2389,836
19179961000,3341,2499,842
19179961100,2760,2176,584
19181020101,1854,1454,400
19181020201,4557,3235,1322
19181020202,8296,5887,2409
19181020300,3612,2700,912
19181020400,4646,3325,1321
19181020500,2341,1735,606
19181020600,3736,2906,830
19181020701,1035,905,130
19181020702,3698,2704,994
19181020800,3496,2674,822
19181020900,3538,2697,841
19181021000,2785,2106,679
19181021100,4988,3800,1188
19181021200,3821,2952,869
19183960101,3755,2888,867
19183960102,3230,2412,818
19183960200,4867,3630,1237
19183960300,3473,2650,823
19183960400,4033,3098,935
19183960500,3207,2395,812
19185070100,2534,1971,563
19185070200,1582,1262,320
19185070300,2381,1559,822
19187000101,4108,3155,953
19187000102,3044,2378,666
19187000200,3617,2839,778
19187000300,1372,1086,286
19187000400,2237,1616,621
19187000500,1523,1183,340
19187000600,4342,3429,913
19187000700,1450,1152,298
19187000900,5293,4629,664
19187010100,2353,1840,513
19187010200,1721,1274,447
19187010300,3081,2388,693
19187010400,2858,2235,623
19189680100,4119,3220,899
19189680200,2534,2021,513
19189680300,4026,3232,794
19191950100,3424,2743,681
19191950200,5220,4550,670
19191950300,3572,2820,752
19191950400,4542,3521,1021
19191950500,3312,2572,740
19193000100,4760,3358,1402
19193000201,3445,2501,944
19193000202,3385,2793,592
19193000300,6653,4827,1826
19193000400,4799,3581,1218
19193000500,3196,2578,618
19193000600,2742,2099,643
19193000700,3311,2391,920
19193000800,3912,2719,1193
19193000900,2078,1583,495
19193001000,1833,1308,525
19193001100,4578,3047,1531
19193001200,3545,2310,1235
19193001300,1799,1252,547
19193001400,4125,2880,1245
19193001500,1968,1426,542
19193001801,4714,3647,1067
19193001802,2363,1913,450
19193001900,3310,2436,874
19193002000,5577,4164,1413
19193002101,3118,2346,772
19193002102,6591,5065,1526
19193003100,3660,2748,912
19193003200,4829,3574,1255
19193003301,5046,3623,1423
19193003302,3492,2707,785
19193003500,3860,2961,899
19193003600,3252,2547,705
19195690100,2530,1939,591
19195690200,2220,1704,516
19195690300,2693,2117,576
19197680100,3450,2642,808
19197680200,1454,1136,318
19197680300,3202,2372,830
19197680400,1158,910,248
19197680500,3679,2673,1006
20001952600,1791,1400,391
20001952700,2009,1554,455
20001952800,3813,3048,765
20001952900,2230,1722,508
20001953000,2683,2065,618
20003953600,4951,3725,1226
20003953700,2885,2106,779
20005081600,4217,3283,934
20005081701,3786,2871,915
20005081702,2602,2292,310
20005081800,2705,2037,668
20005081900,3038,2266,772
20007968100,2724,2101,623
20007968200,1504,1191,313
20009971100,3716,2826,890
20009971200,1512,1210,302
20009971300,3087,2277,810
20009971400,2447,1818,629
20009971500,3343,2640,703
20009971600,3927,3009,918
20009971700,2665,1905,760
20009971801,4796,3652,1144
20011955600,2647,1909,738
20011955700,2205,1638,567
20011955800,3533,2780,753
20011955900,3324,2392,932
20011956000,2651,1985,666
20013480600,2786,2036,750
20013480700,3585,2717,868
20013480800,3137,2406,731
20015020101,2272,1682,590
20015020102,3495,2966,529
20015020204,3314,2456,858
20015020205,4160,3434,726
20015020206,4460,3094,1366
20015020207,3897,2735,1162
20015020208,3292,2095,1197
20015020209,1913,1421,492
20015020210,3263,2284,979
20015020300,3739,2846,893
20015020400,2225,1721,504
20015020500,5313,3967,1346
20015020601,4438,3316,1122
20015020602,3110,2342,768
20015020700,3999,3031,968
20015020800,2913,2107,806
20015020901,4143,3237,906
20015020902,3994,2800,1194
20015020903,3440,2536,904
20017960600,2572,2045,527
20019964600,3379,2641,738
20021958100,2597,2042,555
20021958200,1901,1506,395
20021958300,3585,2748,837
20021958400,3606,2755,851
20021958500,3479,2619,860
20021958600,4194,3191,1003
20023950200,2616,2040,576
20025967100,1991,1517,474
20027458100,3632,2821,811
20027458200,4485,3439,1046
20029977100,2245,1694,551
20029977200,2215,1675,540
20029977300,3177,2525,652
20029977400,1395,1101,294
20031966100,2553,2005,548
20031966200,2854,2164,690
20031966300,2953,2255,698
20033967600,1689,1293,396
20035493100,2535,1920,615
20035493200,2921,2229,692
20035493300,2710,2100,610
20035493400,2419,1921,498
20035493500,5017,4090,927
20035493600,4094,3134,960
20035493700,3450,2605,845
20035493800,4454,3175,1279
20035493900,3216,2481,735
20035494000,2277,1706,571
20035494100,1456,1031,425
20037956600,4115,3201,914
20037956700,3458,2704,754
20037956800,3304,2431,873
20037956900,4161,3170,991
20037957000,3459,2541,918
20037957100,2811,1963,848
20037957200,2189,1613,576
20037957300,3061,2504,557
20037957400,2129,1575,554
20037957500,2513,1971,542
20037957601,4406,3629,777
20037957602,3366,2856,510
20039951300,2764,2200,564
20041084100,3974,2981,993
20041084200,2390,1829,561
20041084300,2279,1762,517
20041084400,4805,3687,1118
20041084500,2798,2171,627
20041084600,2156,1669,487
20043020100,2059,1667,392
20043020200,2121,1656,465
20043020300,3330,2533,797
20045000100,2775,2173,602
20045000201,2118,1555,563
20045000202,4971,4009,962
20045000301,4470,4136,334
20045000302,1881,1689,192
20045000400,4884,4820,64
20045000501,3130,2544,586
20045000502,5014,4414,600
20045000602,6515,4850,1665
20045000603,10171,8308,1863
20045000604,5331,4169,1162
20045000701,4061,3107,954
20045000703,2973,2341,632
20045000704,3435,2863,572
20045000797,4944,4147,797
20045000801,5900,4704,1196
20045000802,5859,4690,1169
20045000902,2400,2092,308
20045000903,1790,1541,249
20045000904,3921,3253,668
20045001001,2654,2288,366
20045001002,5885,4482,1403
20045001201,1787,1424,363
20045001202,7613,5466,2147
20045001203,7161,5567,1594
20045001400,4759,3800,959
20045001500,2383,1884,499
20047969600,1392,1090,302
20047969700,1515,1172,343
20049965100,2483,1923,560
20051072600,2609,2016,593
20051072701,5253,4026,1227
20051072702,3156,2374,782
20051072801,4805,3824,981
20051072802,3369,2581,788
20051072901,2769,2259,510
20051072902,3694,3384,310
20051073000,3279,2488,791
20053086600,1978,1509,469
20053086700,4398,3668,730
20055960100,4496,3012,1484
20055960200,6839,4783,2056
20055960300,2952,2266,686
20055960401,1985,1489,496
20055960403,2619,1977,642
20055960404,4197,2996,1201
20055960501,2501,1718,783
20055960503,1148,807,341
20055960505,1594,1133,461
20055960507,1784,1370,414
20055960508,3202,1981,1221
20055960600,5153,3644,1509
20057961600,1973,1450,523
20057961700,1872,1383,489
20057961801,4478,3160,1318
20057961802,4806,3296,1510
20057961901,4529,3053,1476
20057961902,3877,2854,1023
20057962000,4938,3371,1567
20057962101,4564,3023,1541
20057962102,3250,2084,1166
20059954101,3847,2926,921
20059954102,3095,2327,768
20059954200,2892,2243,649
20059954300,5441,4098,1343
20059954400,4774,3696,1078
20059954500,5947,4637,1310
20061000100,2103,1523,580
20061000200,2682,1900,782
20061000300,4952,3581,1371
20061000401,4200,3320,880
20061000402,1651,1298,353
20061000500,2669,2082,587
20061000601,5659,2999,2660
20061000602,2908,1956,952
20061000700,2753,2228,525
20061000801,2405,1751,654
20061000802,4757,3325,1432
20063955300,2718,2018,700
20065952300,2415,1908,507
20067963600,1377,963,414
20067963700,5975,4193,1782
20069962600,2769,1964,805
20069962700,2884,2086,798
20071958100,1284,956,328
20073965600,1975,1542,433
20073965700,2455,1908,547
20073965800,1586,1279,307
20075958600,2518,1792,726
20077961600,1970,1465,505
20077961700,1296,996,300
20077961800,2219,1706,513
20079030100,4511,3682,829
20079030200,5277,4075,1202
20079030300,5726,4239,1487
20079030400,5003,3827,1176
20079030500,6130,4667,1463
20079030601,3520,2616,904
20079030602,3857,2805,1052
20081463100,3780,2640,1140
20083461100,1723,1295,428
20085082600,5152,3899,1253
20085082700,4052,3056,996
20085082800,4028,2888,1140
20087020101,6017,4633,1384
20087020102,2981,2337,644
20087020200,3751,2835,916
20087020300,5619,4272,1347
20089576300,2932,2307,625
20091050000,5065,4006,1059
20091050100,4389,3595,794
20091050200,3759,3122,637
20091050301,4127,3620,507
20091050302,1799,1570,229
20091050400,4896,3958,938
20091050500,2507,2015,492
20091050600,4565,3702,863
20091050700,4821,3719,1102
20091050800,2699,1962,737
20091050900,4728,3638,1090
20091051000,3763,2826,937
20091051100,3525,2872,653
20091051200,4190,3508,682
20091051300,4526,3745,781
20091051400,3238,2558,680
20091051500,4115,3309,806
20091051600,5640,4057,1583
20091051700,4754,3610,1144
20091051801,4159,3198,961
20091051803,4331,3495,836
20091051804,5173,4246,927
20091051805,5577,4446,1131
20091051806,5390,4384,1006
20091051807,3867,2927,940
20091051808,2642,2212,430
20091051902,4326,3376,950
20091051904,6318,4925,1393
20091051907,3825,2782,1043
20091051908,1715,1347,368
20091051909,5547,4401,1146
20091051910,2169,1779,390
20091051911,3408,2526,882
20091051912,2471,1877,594
20091052001,2257,1913,344
20091052004,1701,1434,267
20091052005,2884,2384,500
20091052006,3614,2798,816
20091052101,1751,1443,308
20091052102,2669,2088,581
20091052201,3598,2689,909
20091052202,3433,2771,662
20091052304,4943,3888,1055
20091052305,4856,3915,941
20091052306,3571,2749,822
20091052307,3860,3064,796
20091052308,3521,2723,798
20091052410,5222,4166,1056
20091052411,3087,2365,722
20091052414,4018,3223,795
20091052415,3542,2898,644
20091052416,4492,3657,835
20091052417,3389,2600,789
20091052418,3483,2721,762
20091052419,4785,3609,1176
20091052421,4788,4077,711
20091052422,4758,3695,1063
20091052423,2856,2139,717
20091052502,1641,1321,320
20091052505,3073,2615,458
20091052506,1489,1213,276
20091052507,3186,2559,627
20091052604,2254,1639,615
20091052606,1992,1554,438
20091052607,2651,1854,797
20091052608,6418,4566,1852
20091052609,5982,4364,1618
20091052610,6246,4197,2049
20091052611,2443,1817,626
20091052612,3115,2188,927
20091052613,7250,4702,2548
20091052701,5383,4109,1274
20091052702,2239,1726,513
20091052803,4137,2909,1228
20091052804,4831,3504,1327
20091052805,8151,5476,2675
20091052806,6063,4156,1907
20091052807,4830,3421,1409
20091052904,3474,2616,858
20091052905,4589,3240,1349
20091052906,4954,3629,1325
20091052907,4545,3382,1163
20091052908,5692,4473,1219
20091052910,4318,3247,1071
20091053004,3656,3092,564
20091053005,1794,1446,348
20091053006,3744,3296,448
20091053007,4908,3558,1350
20091053008,4863,4018,845
20091053009,5206,3956,1250
20091053010,6081,4652,1429
20091053011,2233,1680,553
20091053012,3242,2608,634
20091053013,2339,1958,381
20091053101,4163,3375,788
20091053102,4647,3676,971
20091053105,3306,2709,597
20091053108,4204,3272,932
20091053109,2950,2315,635
20091053110,3845,2778,1067
20091053201,2468,2042,426
20091053202,3942,3397,545
20091053203,5649,4677,972
20091053301,5193,4176,1017
20091053302,7138,5307,1831
20091053403,3998,2977,1021
20091053409,3810,2994,816
20091053411,5452,4104,1348
20091053413,4082,2891,1191
20091053414,4907,3911,996
20091053415,4267,3452,815
20091053417,3978,2848,1130
20091053418,4832,3521,1311
20091053419,1656,1253,403
20091053421,4173,3056,1117
20091053422,2247,1672,575
20091053423,5436,3702,1734
20091053425,3207,2222,985
20091053426,5435,3891,1544
20091053427,6759,4272,2487
20091053428,4293,2687,1606
20091053429,4712,3473,1239
20091053430,4896,3524,1372
20091053431,2638,1861,777
20091053502,3667,2760,907
20091053506,3790,2778,1012
20091053507,5530,4078,1452
20091053508,6072,4436,1636
20091053509,6878,5101,1777
20091053510,5506,3743,1763
20091053555,2112,1674,438
20091053556,2597,1931,666
20091053557,2313,1709,604
20091053558,3425,2260,1165
20091053559,3605,2358,1247
20091053560,4444,2948,1496
20091053601,2098,1532,566
20091053603,2977,2257,720
20091053604,5454,3870,1584
20091053701,2706,2009,697
20091053703,3376,2374,1002
20091053705,3315,2250,1065
20091053707,5214,3498,1716
20091053709,6376,4394,1982
20091053711,5066,3797,1269
20091053712,4722,3249,1473
20091053801,7613,5575,2038
20091053803,4079,3068,1011
20091053804,4504,3237,1267
20093959100,3983,2833,1150
20095961100,2344,1799,545
20095961200,3419,2634,785
20095961300,1707,1361,346
20097969100,2460,1898,562
20099950100,2861,2218,643
20099950200,2002,1504,498
20099950300,2776,2098,678
20099950400,3214,2377,837
20099950500,3964,2847,1117
20099950600,2229,1631,598
20099950700,1973,1509,464
20099950800,1165,919,246
20101956600,1574,1237,337
20103070100,2074,1724,350
20103070200,2785,2145,640
20103070300,5828,4341,1487
20103070400,3381,2680,701
20103070500,5757,4617,1140
20103070700,4887,3780,1107
20103070900,2834,2254,580
20103071000,4168,3241,927
20103071102,4797,4035,762
20103071103,2952,2092,860
20103071104,2616,1945,671
20103071105,4855,3586,1269
20103071202,4418,3356,1062
20103071204,4701,3407,1294
20103071205,3844,2906,938
20103071400,4030,3146,884
20103071600,2948,2261,687
20103071800,6570,4803,1767
20103981900,8436,5853,2583
20105086100,2939,2261,678
20107955101,2780,2127,653
20107955102,2595,2071,524
20107955200,4216,3220,996
20109954600,2762,2067,695
20111000101,3429,2910,519
20111000102,284,281,3
20111000103,1431,1065,366
20111000201,3530,2810,720
20111000202,2425,1887,538
20111000203,934,729,205
20111000300,4982,3699,1283
20111000400,2888,2347,541
20111000500,4299,3114,1185
20111000600,2227,1783,444
20111000700,2341,1786,555
20111000800,3409,2682,727
20113788100,2848,2156,692
20113788200,3978,3273,705
20113788300,2775,2191,584
20113788400,6440,5039,1401
20113788500,1707,1262,445
20113788600,6400,4988,1412
20113788700,6075,4675,1400
20115489500,1514,1171,343
20115489600,3808,2962,846
20115489700,2799,2254,545
20115489800,3702,2850,852
20117040701,1839,1410,429
20117060510,3755,2812,943
20117070182,2218,1693,525
20117090186,2226,1724,502
20119966600,2461,1763,698
20119966700,1594,1222,372
20121100100,3621,2841,780
20121100200,5293,3795,1498
20121100300,3168,2265,903
20121100400,4483,3292,1191
20121100500,4197,3345,852
20121100601,6273,4797,1476
20121100602,1805,1429,376
20121100700,5351,3976,1375
20123176600,4035,3088,947
20123176700,1761,1372,389
20125950100,1944,1543,401
20125950200,2507,1847,660
20125950300,4083,3052,1031
20125950400,2150,1616,534
20125950500,1466,1074,392
20125950600,2810,2181,629
20125950700,3699,2928,771
20125950800,4441,3466,975
20125951000,1898,1517,381
20125951100,2323,1760,563
20125951300,2099,1569,530
20125951400,2066,1511,555
20127963600,2921,2342,579
20127963700,2465,1888,577
20129964600,2701,2043,658
20131480100,3474,2572,902
20131480200,4250,3172,1078
20131480300,2549,1849,700
20133951600,3709,2923,786
20133951700,2366,1738,628
20133951800,3991,3052,939
20133951900,3073,2242,831
20133952000,2765,2023,742
20135956300,2687,2150,537
20137951700,5459,4400,1059
20139010100,4219,3258,961
20139010200,2837,2168,669
20139010300,2006,1585,421
20139010400,2970,2262,708
20139010500,3734,2840,894
20141474100,3500,2753,747
20143085600,2008,1565,443
20143085700,3727,2846,881
20145970200,4805,3859,946
20145970300,1448,1115,333
20147475100,1045,836,209
20147475200,1362,1072,290
20147475300,2574,1962,612
20149000101,2497,1838,659
20149000102,7973,5477,2496
20149000200,5991,4420,1571
20149000300,4745,2985,1760
20149000400,4142,3175,967
20151968600,1917,1448,469
20151968700,3565,2691,874
20151968800,3675,2843,832
20153950600,2561,1983,578
20155000100,3362,2657,705
20155000200,4034,3311,723
20155000300,6918,5399,1519
20155000400,3421,2694,727
20155000500,5358,4062,1296
20155000600,2613,2071,542
20155000700,5143,3899,1244
20155000800,3114,2619,495
20155001000,2076,1589,487
20155001100,5368,4255,1113
20155001200,3377,2729,648
20155001300,2753,2187,566
20155001400,4893,3601,1292
20155001500,3291,2472,819
20155001600,1769,1297,472
20155001700,2258,1744,514
20155001800,2150,1557,593
20157978100,1072,868,204
20157978200,1429,1120,309
20157978300,2173,1691,482
20159967100,2170,1661,509
20159967200,3787,2828,959
20159967300,3470,2753,717
20161000201,3188,2596,592
20161000202,6814,5110,1704
20161000303,2951,2861,90
20161000304,4435,3847,588
20161000500,4277,3907,370
20161000601,3773,2913,860
20161000602,6439,4819,1620
20161000700,3811,3163,648
20161000801,3786,3419,367
20161000802,2084,1780,304
20161000900,5130,4004,1126
20161001002,8279,7012,1267
20161001101,4271,4047,224
20161001102,3733,3190,543
20161001301,4037,3142,895
20161001302,4950,3874,1076
20163974600,2282,1792,490
20163974700,2637,2041,596
20165972300,2956,2371,585
20167973800,4550,3499,1051
20167973900,2141,1679,462
20169000101,2826,2250,576
20169000102,2252,1819,433
20169000200,2076,1628,448
20169000300,5230,3981,1249
20169000400,2941,2253,688
20169000500,5687,4050,1637
20169000600,2876,2156,720
20169000700,6170,4663,1507
20169000800,4460,3371,1089
20169000900,6718,5354,1364
20169001000,5727,4504,1223
20169001100,3819,2981,838
20169001200,3521,2727,794
20171957100,5151,3802,1349
20173000100,3231,2177,1054
20173000200,3032,2230,802
20173000300,4728,3439,1289
20173000400,2847,2033,814
20173000600,1970,1264,706
20173000700,3414,2369,1045
20173000800,2214,1486,728
20173000900,3511,3060,451
20173001000,3841,2762,1079
20173001100,2102,1476,626
20173001400,3824,3216,608
20173001500,2999,2200,799
20173001800,1850,1305,545
20173001900,2063,1609,454
20173002000,2055,1528,527
20173002200,1626,1247,379
20173002300,1974,1546,428
20173002400,1462,1075,387
20173002600,1275,981,294
20173002700,1572,1246,326
20173002800,3211,2541,670
20173002900,2909,2213,696
20173003000,2159,1654,505
20173003100,2206,1685,521
20173003200,2780,1993,787
20173003400,3051,2207,844
20173003500,2097,1611,486
20173003600,3269,2474,795
20173003700,2022,1449,573
20173003800,2602,1974,628
20173003900,4428,3251,1177
20173004000,4461,3401,1060
20173004301,4041,3866,175
20173004302,2036,1792,244
20173005100,4704,3593,1111
20173005200,4329,3162,1167
20173005300,5843,4192,1651
20173005401,3601,2574,1027
20173005402,5054,3636,1418
20173005501,4830,3548,1282
20173005502,5574,3901,1673
20173005600,4853,3645,1208
20173005700,5681,4243,1438
20173005800,4050,2880,1170
20173005900,4497,3110,1387
20173006000,4499,3267,1232
20173006100,3096,2214,882
20173006200,3523,2635,888
20173006300,2085,1692,393
20173006400,1792,1367,425
20173006500,3429,2231,1198
20173006600,2521,1756,765
20173006700,2362,1760,602
20173006800,4375,3264,1111
20173006900,2817,2015,802
20173007000,3682,2686,996
20173007101,2142,1595,547
20173007102,4896,3959,937
20173007201,4242,3203,1039
20173007205,3334,2653,681
20173007206,2976,2317,659
20173007207,3572,2701,871
20173007208,6062,4498,1564
20173007301,3774,2988,786
20173007302,3580,2788,792
20173007500,2576,1592,984
20173007600,4082,3407,675
20173007701,3087,2598,489
20173007702,5292,4300,992
20173007800,2598,1693,905
20173008000,6155,4388,1767
20173008100,4718,3692,1026
20173008200,6857,4810,2047
20173008300,4169,3262,907
20173008400,3337,2607,730
20173008500,2400,2005,395
20173008600,3620,2925,695
20173008700,3960,3161,799
20173008800,4615,3590,1025
20173008900,3430,2584,846
20173009000,2940,2347,593
20173009100,6648,4751,1897
20173009200,2873,2325,548
20173009301,5945,4860,1085
20173009303,3035,2534,501
20173009304,2489,1865,624
20173009401,3823,2969,854
20173009402,2383,1989,394
20173009504,4444,3373,1071
20173009505,2973,2469,504
20173009506,4719,3523,1196
20173009507,6657,4787,1870
20173009508,3470,2352,1118
20173009509,7450,5169,2281
20173009510,4929,3639,1290
20173009511,7393,5288,2105
20173009512,4092,3287,805
20173009513,4648,3548,1100
20173009514,3810,2981,829
20173009515,6247,4479,1768
20173009603,2765,2124,641
20173009604,2859,2014,845
20173009605,6133,4320,1813
20173009700,5988,4601,1387
20173009801,4426,3342,1084
20173009803,4428,3323,1105
20173009804,3573,2647,926
20173009901,5124,3694,1430
20173009902,5911,4258,1653
20173010001,4598,3441,1157
20173010002,5132,4054,1078
20173010003,2171,1565,606
20173010005,3989,2863,1126
20173010006,1611,1247,364
20173010007,7308,5659,1649
20173010106,3051,2531,520
20173010107,3575,2979,596
20173010108,2158,1797,361
20173010109,2347,1990,357
20173010110,1579,1325,254
20173010111,7896,6084,1812
20173010113,4806,3543,1263
20173010115,8791,6393,2398
20173010116,4682,3317,1365
20173010201,5318,3718,1600
20173010202,4898,3561,1337
20173010301,8928,6405,2523
20173010302,9246,6578,2668
20173010400,2210,1659,551
20173010500,4586,3242,1344
20173010600,4243,3051,1192
20173010700,3408,2464,944
20173010801,2808,2217,591
20173010802,2996,2214,782
20173010900,3781,3075,706
20175965600,2070,1500,570
20175965700,4760,3501,1259
20175965800,4418,3036,1382
20175965900,6445,4411,2034
20175966000,4271,2809,1462
20177000400,4038,3036,1002
20177000500,2143,1611,532
20177000600,2141,1524,617
20177000700,2757,2051,706
20177000800,3340,2574,766
20177000900,3105,2385,720
20177001000,3160,2489,671
20177001100,3038,2091,947
20177001200,2226,1551,675
20177001300,4081,2903,1178
20177001500,2137,1652,485
20177001601,2617,2119,498
20177001603,2871,2281,590
20177001604,3539,2854,685
20177001800,4078,3293,785
20177001900,3149,2509,640
20177002100,3200,2390,810
20177002200,2531,1989,542
20177002401,3282,2902,380
20177002402,2638,2145,493
20177002500,2824,2270,554
20177002601,3972,3154,818
20177002602,6204,5043,1161
20177002701,4516,3458,1058
20177002702,4306,3437,869
20177002800,4005,3092,913
20177002900,3231,2227,1004
20177003001,3376,2414,962
20177003002,5475,4115,1360
20177003100,6626,4894,1732
20177003301,2617,2026,591
20177003302,3635,2788,847
20177003401,5062,3867,1195
20177003402,4819,3630,1189
20177003500,6203,4552,1651
20177003601,4989,3754,1235
20177003604,4110,3183,927
20177003605,4761,3664,1097
20177003606,4563,3609,954
20177003607,6814,5098,1716
20177003701,4987,3738,1249
20177003702,3737,2451,1286
20177003901,7255,5548,1707
20177003902,4494,3616,878
20177004000,2481,2037,444
20177004100,3776,3121,655
20179952800,2447,1839,608
20181453600,1551,1174,377
20181453700,4376,3308,1068
20183475800,1742,1390,352
20183475900,1828,1470,358
20185470600,1815,1418,397
20185470700,2257,1696,561
20187964100,2084,1486,598
20189965100,1335,952,383
20189965200,3915,2805,1110
20191962100,4748,3692,1056
20191962200,4841,3605,1236
20191962300,2433,1861,572
20191962400,4264,3175,1089
20191962500,3905,2894,1011
20191962600,2191,1693,498
20193953100,6078,4643,1435
20193953400,1852,1409,443
20195955800,2808,2225,583
20197483100,4532,3286,1246
20197483200,2345,1910,435
20199954100,1512,1124,388
20201978600,3017,2316,701
20201978700,2513,1914,599
20203957600,2152,1574,578
20205097100,1863,1469,394
20205097200,1452,1131,321
20205097300,2440,1882,558
20205097400,2869,2123,746
20207096600,1559,1242,317
20207096700,1556,1210,346
20209040100,2909,2033,876
20209040200,1422,1038,384
20209040500,2064,1421,643
20209040600,2855,1975,880
20209040700,1791,1226,565
20209040900,1282,935,347
20209041100,1440,806,634
20209041200,1789,1175,614
20209041300,5369,3595,1774
20209041400,1579,1088,491
20209041500,2787,1882,905
20209041600,4266,2949,1317
20209041900,1707,1302,405
20209042001,1691,1221,470
20209042002,1728,1226,502
20209042100,2944,1873,1071
20209042200,1853,1306,547
20209042300,3270,2232,1038
20209042400,2596,1703,893
20209042600,2771,1940,831
20209042700,3509,2346,1163
20209042800,3286,2298,988
20209042900,4808,3575,1233
20209043000,3525,2633,892
20209043301,3445,2807,638
20209043400,2196,1688,508
20209043500,1684,1261,423
20209043600,6648,4861,1787
20209043700,2473,1760,713
20209043802,1305,1044,261
20209043803,2959,2182,777
20209043903,3134,2198,936
20209043904,3606,2452,1154
20209043905,1764,1281,483
20209044001,3592,2763,829
20209044002,3247,2447,800
20209044101,1125,765,360
20209044102,2878,2111,767
20209044103,3049,2423,626
20209044104,3504,2609,895
20209044201,4209,3184,1025
20209044202,3873,2865,1008
20209044301,2452,1836,616
20209044302,2032,1504,528
20209044303,2484,1775,709
20209044400,3080,2273,807
20209044500,2309,1686,623
20209044601,2761,2170,591
20209044702,4717,3509,1208
20209044703,3470,2776,694
20209044704,1705,1354,351
20209044803,6835,5046,1789
20209044804,5152,3631,1521
20209044807,3069,2365,704
20209044900,4799,3564,1235
20209045100,1985,1650,335
20209045200,4330,3857,473
20209980900,98,78,20
21001970100,1621,1218,403
21001970200,1755,1378,377
21001970300,3005,2325,680
21001970401,4346,3375,971
21001970402,4535,3749,786
21001970500,2334,1770,564
21001970600,1307,1046,261
21003920100,3295,2593,702
21003920200,2868,2097,771
21003920300,5101,3894,1207
21003920400,4563,3475,1088
21003920500,1413,1070,343
21003920600,3348,2512,836
21005950101,1987,1520,467
21005950102,6988,5208,1780
21005950201,5681,4390,1291
21005950202,3966,3043,923
21005950300,2382,1855,527
21005950400,2848,2252,596
21007950100,3975,3162,813
21007950200,1420,1105,315
21007950300,2333,1850,483
21009950100,3590,2768,822
21009950200,3537,2736,801
21009950300,3507,2594,913
21009950401,2637,1934,703
21009950402,3612,2782,830
21009950500,4033,3185,848
21009950601,3048,2239,809
21009950602,3318,2658,660
21009950701,2269,1710,559
21009950702,4046,3104,942
21009950800,3497,2617,880
21009950900,3913,2883,1030
21009951000,3478,2592,886
21011970100,1932,1438,494
21011970201,2646,1986,660
21011970202,4610,3384,1226
21011970300,3562,2695,867
21013960100,1825,1484,341
21013960200,4129,3242,887
21013960300,1865,1498,367
21013960400,1292,1036,256
21013960500,2096,1640,456
21013960600,4478,3497,981
21013960700,2655,2065,590
21013960800,3223,2487,736
21013961100,2534,2046,488
21015070101,4045,3210,835
21015070102,2868,2068,800
21015070201,3863,2967,896
21015070202,2961,2255,706
21015070301,5992,3990,2002
21015070305,6572,5232,1340
21015070309,6546,4646,1900
21015070311,2711,2154,557
21015070312,3131,2464,667
21015070313,3296,2601,695
21015070314,4997,3881,1116
21015070315,5914,4622,1292
21015070316,6903,5132,1771
21015070317,5254,3619,1635
21015070318,8353,5865,2488
21015070403,6820,4464,2356
21015070404,3772,2824,948
21015070405,2336,1869,467
21015070406,2647,1869,778
21015070407,3548,2329,1219
21015070502,4327,3371,956
21015070503,6614,5173,1441
21015070505,3708,2674,1034
21015070506,4245,3140,1105
21015070601,2936,2211,725
21015070604,3454,2535,919
21015070605,7985,5838,2147
21015070606,5660,3841,1819
21015070607,4453,3242,1211
21015980100,57,51,6
21017030101,2175,1570,605
21017030102,1726,1361,365
21017030201,4348,3261,1087
21017030202,1949,1481,468
21017030300,3170,2458,712
21017030400,2443,1930,513
21017030500,2331,1797,534
21017030600,2110,1642,468
21019030200,1438,1228,210
21019030300,2053,1570,483
21019030400,2163,1584,579
21019030500,4409,3406,1003
21019030600,4361,3437,924
21019030700,3364,2660,704
21019030800,3913,2874,1039
21019030900,5187,4124,1063
21019031001,1283,1031,252
21019031003,3139,2735,404
21019031004,3518,2778,740
21019031101,5723,4422,1301
21019031102,2106,1582,524
21019031200,3254,2605,649
21019031300,2350,1947,403
21021930100,6415,5273,1142
21021930200,4762,3675,1087
21021930300,3293,2867,426
21021930400,4344,3400,944
21021930500,3506,2799,707
21021930600,3751,2823,928
21021930700,4543,3489,1054
21023950100,2464,1935,529
21023950200,1793,1374,419
21023950300,4143,3051,1092
21025920200,2170,1671,499
21025920301,1893,1497,396
21025920302,1668,1254,414
21025920500,1692,1320,372
21025920600,1950,1500,450
21025920700,1986,1565,421
21025920800,2359,1866,493
21027960100,5019,3840,1179
21027960200,5202,4146,1056
21027960300,3028,2271,757
21027960400,1375,1091,284
21027960501,2056,1580,476
21027960502,3752,2783,969
21029020101,4388,3320,1068
21029020102,3865,2943,922
21029020103,3310,2533,777
21029020201,7459,5420,2039
21029020202,4769,3638,1131
21029020300,5661,4248,1413
21029020401,1693,1419,274
21029020402,5206,4086,1120
21029020501,3197,2462,735
21029020502,2213,1701,512
21029020601,5541,4357,1184
21029020602,1289,1101,188
21029020702,2546,1930,616
21029020703,4405,3296,1109
21029020704,3639,2641,998
21029020800,5005,3982,1023
21029020900,2792,2235,557
21029021102,4442,3512,930
21029021103,1384,1091,293
21029021104,4625,3291,1334
21029021200,4786,3800,986
21031930100,3101,2374,727
21031930200,1616,1208,408
21031930301,1415,1087,328
21031930302,3199,2361,838
21031930400,1764,1335,429
21031930500,1276,1012,264
21033920100,1944,1566,378
21033920200,5027,3927,1100
21033920301,3216,2461,755
21033920302,2462,1949,513
21035010100,4303,3442,861
21035010200,4516,3540,976
21035010301,2492,2435,57
21035010303,2930,2590,340
21035010304,3617,2945,672
21035010400,2424,1841,583
21035010500,3263,2614,649
21035010601,3029,2399,630
21035010602,4063,3211,852
21035010700,3209,2531,678
21035010800,3257,2749,508
21037050100,1202,959,243
21037050400,1729,1478,251
21037050500,2177,1695,482
21037050600,1783,1275,508
21037051101,2183,1675,508
21037051102,1571,1218,353
21037051200,1538,1154,384
21037051300,4933,3668,1265
21037051901,4942,3734,1208
21037051903,6834,5329,1505
21037051904,5079,3689,1390
21037052001,5253,3933,1320
21037052002,2775,2147,628
21037052100,3259,2708,551
21037052200,2225,1882,343
21037052301,4793,3838,955
21037052302,5148,3619,1529
21037052400,2596,2190,406
21037052500,5313,4259,1054
21037052800,3620,2728,892
21037052900,5283,4304,979
21037053100,5765,4605,1160
21037053200,2905,2579,326
21037053301,5763,5001,762
21037053302,4407,3871,536
21039960100,1554,1179,375
21039960200,1784,1387,397
21039960300,1488,1154,334
21041950100,2344,1778,566
21041950200,6267,4671,1596
21041950300,2199,1655,544
21043960100,3311,2533,778
21043960200,3860,3037,823
21043960300,2818,2188,630
21043960400,1806,1429,377
21043960500,4246,3440,806
21043960601,1635,1286,349
21043960602,4759,3670,1089
21043960700,4192,3191,1001
21045950100,1243,973,270
21045950200,2442,1851,591
21045950301,3067,2281,786
21045950302,3315,2614,701
21045950400,3217,2466,751
21045950500,2657,1879,778
21047200100,3788,2960,828
21047200200,3186,2337,849
21047200300,3112,2309,803
21047200400,2199,1656,543
21047200500,4654,3597,1057
21047200600,4934,3765,1169
21047200700,6326,4926,1400
21047200800,2640,1871,769
21047200901,2840,2187,653
21047200902,3407,2562,845
21047201000,2074,1585,489
21047201100,3643,2741,902
21047201200,2758,2001,757
21047201301,3336,2264,1072
21047201303,4202,2904,1298
21047201304,3686,2635,1051
21047201400,3138,2238,900
21047201501,4834,2692,2142
21047201502,3847,2336,1511
21047201503,4144,4112,32
21049020101,5443,4269,1174
21049020103,3648,2872,776
21049020105,3686,2922,764
21049020106,3330,2555,775
21049020201,3198,2425,773
21049020202,4089,3042,1047
21049020300,2507,1951,556
21049020400,3281,2587,694
21049020500,2866,2238,628
21049020600,4924,3833,1091
21051950100,1671,1333,338
21051950201,2930,2250,680
21051950202,2973,2269,704
21051950301,2488,1906,582
21051950302,3656,3129,527
21051950400,2952,2274,678
21051950500,2420,1846,574
21051950600,1255,976,279
21053970100,2752,2128,624
21053970202,3347,2594,753
21053970203,1561,1180,381
21053970204,1593,1196,397
21055930100,1840,1388,452
21055930200,4117,3285,832
21055930300,1395,1001,394
21055930400,1638,1284,354
21057950100,3713,2880,833
21057950200,2175,1769,406
21059000100,3335,2424,911
21059000200,3477,2583,894
21059000300,2018,1633,385
21059000401,5546,4035,1511
21059000402,2247,1701,546
21059000500,1938,1501,437
21059000600,5810,4513,1297
21059000700,4497,3529,968
21059000800,3823,2995,828
21059000900,5247,4187,1060
21059001000,3240,2439,801
21059001100,2493,1983,510
21059001200,3308,2484,824
21059001300,6283,4709,1574
21059001401,5470,4365,1105
21059001402,5514,4044,1470
21059001501,3717,2753,964
21059001502,3490,2590,900
21059001601,5030,3805,1225
21059001602,4783,3564,1219
21059001701,6297,4748,1549
21059001702,3507,2689,818
21059001703,5363,4009,1354
21059001800,6879,5219,1660
21061920200,4123,3242,881
21061920300,1286,1046,240
21061920401,2804,2142,662
21061920402,3809,2973,836
21061980100,104,100,4
21063920101,2850,2436,414
21063920102,2638,2053,585
21063920200,1866,1414,452
21065920100,1306,1061,245
21065920201,1861,1453,408
21065920202,4175,3227,948
21065920301,1807,1409,398
21065920302,3532,2757,775
21065920400,1482,1177,305
21067000101,3000,2781,219
21067000102,1447,1339,108
21067000200,3181,2709,472
21067000300,2822,2227,595
21067000400,1847,1288,559
21067000500,3355,2798,557
21067000600,4331,3599,732
21067000700,2316,2022,294
21067000801,3931,3911,20
21067000802,4211,4120,91
21067000900,6074,5602,472
21067001000,1585,1289,296
21067001100,5150,3787,1363
21067001300,1951,1571,380
21067001400,2373,1830,543
21067001500,2116,1651,465
21067001600,2596,2036,560
21067001700,2147,1752,395
21067001800,2424,2287,137
21067001900,4794,3818,976
21067002001,5587,4052,1535
21067002002,2346,1695,651
21067002200,1548,1268,280
21067002302,5348,4592,756
21067002303,4269,3475,794
21067002304,2028,1509,519
21067002400,4203,3346,857
21067002500,3345,2879,466
21067002600,5102,4184,918
21067002700,4111,3269,842
21067002800,3842,3138,704
21067002900,4282,3363,919
21067003000,5928,4797,1131
21067003101,2899,2207,692
21067003102,2547,2036,511
21067003201,1703,1348,355
21067003202,6408,5084,1324
21067003300,2926,2354,572
21067003402,4805,3765,1040
21067003404,4676,3247,1429
21067003405,6076,4632,1444
21067003406,6754,5172,1582
21067003407,3847,2987,860
21067003501,3872,2983,889
21067003503,2646,2261,385
21067003504,3770,2779,991
21067003600,4427,3562,865
21067003701,2895,2688,207
21067003702,4697,3545,1152
21067003703,5309,3957,1352
21067003704,7431,5447,1984
21067003802,2048,1613,435
21067003803,3494,2796,698
21067003804,6479,4478,2001
21067003906,4583,3478,1105
21067003908,6983,5680,1303
21067003909,3207,2418,789
21067003910,2863,1961,902
21067003911,3815,3052,763
21067003912,4352,3485,867
21067003913,8762,6109,2653
21067003914,2482,1750,732
21067003915,4734,3447,1287
21067003916,591,477,114
21067003917,1751,1433,318
21067003918,3065,2395,670
21067004001,6633,5124,1509
21067004003,5331,4589,742
21067004005,1636,1300,336
21067004006,1326,1036,290
21067004007,1808,1485,323
21067004103,1923,1672,251
21067004104,4399,3496,903
21067004105,5364,4195,1169
21067004106,4541,3328,1213
21067004107,5374,4104,1270
21067004204,5883,4552,1331
21067004205,7062,5445,1617
21067004207,3873,2968,905
21067004208,7565,5729,1836
21067004209,3954,2991,963
21067004210,5411,3872,1539
21069920100,4443,3329,1114
21069920200,3278,2527,751
21069920300,2698,2099,599
21069920400,4663,3514,1149
21071920100,3481,2782,699
21071920200,1863,1470,393
21071920301,2325,1819,506
21071920302,2276,1732,544
21071920401,2719,2065,654
21071920402,1704,1358,346
21071920500,2599,1996,603
21071920600,2706,2081,625
21071920700,2622,2072,550
21071920801,2593,2020,573
21071920802,2374,1847,527
21071920900,1830,1459,371
21071921001,3518,2745,773
21071921002,3332,2593,739
21073070101,3127,2430,697
21073070102,3324,2527,797
21073070401,2639,2123,516
21073070403,1766,1332,434
21073070404,2772,2210,562
21073070405,1814,1479,335
21073070500,2070,1708,362
21073070601,2107,1860,247
21073070602,2268,1700,568
21073070703,2226,1812,414
21073070704,2227,1723,504
21073070705,2142,1780,362
21073070706,3168,2475,693
21073070801,2755,2158,597
21073070802,2033,1521,512
21073071001,3112,2458,654
21073071002,2705,2073,632
21073071101,2516,1976,540
21073071102,3875,3084,791
21073071200,2895,2228,667
21075960100,3567,2806,761
21075960200,2948,2383,565
21077960102,2468,1854,614
21077960103,2381,1787,594
21077960104,3841,2856,985
21079970101,2929,2263,666
21079970102,3306,2554,752
21079970201,3046,2368,678
21079970202,1208,952,256
21079970300,3310,2519,791
21079970400,3154,2365,789
21081920101,5550,4044,1506
21081920102,2922,2117,805
21081920201,2947,2273,674
21081920202,4249,2965,1284
21081920301,1886,1440,446
21081920302,5218,3899,1319
21081920400,2169,1659,510
21083020100,4050,2985,1065
21083020200,4391,3249,1142
21083020301,4721,3543,1178
21083020302,1857,1356,501
21083020400,2709,2107,602
21083020500,3708,2878,830
21083020600,2307,1723,584
21083020700,4969,3752,1217
21083020800,4915,3871,1044
21083020900,3022,2304,718
21085950101,811,674,137
21085950102,2281,1746,535
21085950200,2944,2256,688
21085950300,4089,3262,827
21085950401,2327,1783,544
21085950402,4870,3670,1200
21085950500,2788,2139,649
21085950600,3823,2868,955
21085950700,2487,1992,495
21087930100,2999,2317,682
21087930200,4120,3207,913
21087930300,2406,1871,535
21087930400,1582,1249,333
21089040100,4495,3534,961
21089040201,3050,2396,654
21089040202,4447,3421,1026
21089040300,4275,3343,932
21089040400,5647,4444,1203
21089040501,3233,2518,715
21089040502,4677,3668,1009
21089040600,2728,2111,617
21089040700,3410,2558,852
21091960100,2746,2136,610
21091960200,3732,2813,919
21091960300,2617,1983,634
21093000100,978,732,246
21093000201,1737,1384,353
21093000202,3399,2105,1294
21093000300,4630,3594,1036
21093000400,5045,3805,1240
21093000500,2168,1666,502
21093000600,3536,2492,1044
21093000700,4888,3748,1140
21093000800,5673,4189,1484
21093000902,4744,3532,1212
21093000903,5045,3778,1267
21093000904,7019,5362,1657
21093001003,4965,3892,1073
21093001004,3872,2939,933
21093001005,3326,2579,747
21093001006,3606,2873,733
21093001100,4117,3123,994
21093001200,5568,4384,1184
21093001300,5255,3963,1292
21093001401,4163,3404,759
21093001402,4421,3391,1030
21093001500,2954,2021,933
21093001601,2948,2265,683
21093001602,3899,2955,944
21093001603,2800,2160,640
21093001701,5208,3981,1227
21093001702,4260,3316,944
21093980100,478,462,16
21095970100,1521,1185,336
21095970200,3175,2458,717
21095970300,1414,1060,354
21095970400,1035,814,221
21095970500,1284,977,307
21095970600,2712,2101,611
21095970700,3611,2830,781
21095970800,1111,882,229
21095970900,4195,3250,945
21095971000,4249,3354,895
21095971300,2524,1977,547
21097950100,2671,2051,620
21097950200,2390,1818,572
21097950300,5713,4416,1297
21097950400,3063,2327,736
21097950500,4855,3865,990
21099970100,1939,1516,423
21099970200,3161,2337,824
21099970301,1574,1109,465
21099970302,3633,2648,985
21099970400,5061,3847,1214
21099970500,3920,2919,1001
21101020101,1645,1307,338
21101020200,1702,1270,432
21101020300,1589,1189,400
21101020401,2297,1689,608
21101020501,2516,1906,610
21101020602,4998,3864,1134
21101020603,2123,1810,313
21101020604,4170,3325,845
21101020701,5575,4246,1329
21101020703,3288,2527,761
21101020704,3307,2512,795
21101020800,4393,3398,995
21101020901,3892,2966,926
21101020902,3298,2491,807
21103090100,2772,2087,685
21103090200,3206,2533,673
21103090301,2991,2424,567
21103090302,3818,2846,972
21103090400,2891,2212,679
21105970100,4521,3530,991
21107970100,3008,2351,657
21107970200,3455,2643,812
21107970301,1885,1474,411
21107970302,5226,4126,1100
21107970400,2062,1600,462
21107970500,5071,3938,1133
21107970600,3205,2378,827
21107970700,4798,3714,1084
21107970800,2949,2274,675
21107970900,3205,2506,699
21107971000,2674,2088,586
21107971100,3068,2419,649
21107971300,4817,3675,1142
21109960101,3091,2357,734
21109960102,1666,1317,349
21109960200,2729,2128,601
21109960301,3336,2535,801
21109960302,2133,1657,476
21111000201,1392,993,399
21111000202,1141,914,227
21111000300,2437,1872,565
21111000400,4360,3262,1098
21111000600,1671,1214,457
21111000700,2414,1798,616
21111000800,2019,1457,562
21111000900,2003,1432,571
21111001000,2481,1730,751
21111001100,3216,2344,872
21111001200,2769,2047,722
21111001400,2669,1818,851
21111001500,2988,2143,845
21111001600,2711,1963,748
21111001700,2234,1553,681
21111001800,1201,810,391
21111002100,2193,1552,641
21111002300,2086,1517,569
21111002401,2042,1565,477
21111002402,2567,1905,662
21111002700,2723,1988,735
21111002800,1894,1437,457
21111003000,1782,1229,553
21111003501,3104,2969,135
21111003502,1727,983,744
21111003600,4771,3553,1218
21111003700,2187,1760,427
21111003800,3665,2779,886
21111003900,3786,2783,1003
21111004000,1737,1309,428
21111004100,2412,1984,428
21111004301,4345,2969,1376
21111004302,1247,925,322
21111004400,4368,3478,890
21111004500,3329,2494,835
21111004600,3840,2986,854
21111004900,3941,3742,199
21111005000,1754,1482,272
21111005100,3107,2773,334
21111005200,3358,3031,327
21111005300,3541,3388,153
21111005600,3524,2493,1031
21111005901,2361,2061,300
21111005902,2875,2541,334
21111006200,2422,1780,642
21111006300,1663,1475,188
21111006400,1801,1642,159
21111006500,2763,2130,633
21111006600,1956,1714,242
21111006800,2143,1934,209
21111006900,2231,2037,194
21111007000,2096,1754,342
21111007101,149,142,7
21111007102,5182,4509,673
21111007400,2436,2153,283
21111007501,6750,5320,1430
21111007502,5602,4550,1052
21111007601,1939,1632,307
21111007602,3739,3179,560
21111007603,2530,2143,387
21111007700,2335,1837,498
21111007800,3157,2610,547
21111007900,1788,1497,291
21111008100,3684,3358,326
21111008201,1823,1620,203
21111008202,2061,1812,249
21111008300,2482,2150,332
21111008400,2891,2466,425
21111008500,1927,1684,243
21111008700,4188,3417,771
21111008800,3809,3120,689
21111008900,4691,3995,696
21111009001,3700,2765,935
21111009002,3571,2765,806
21111009103,1646,1194,452
21111009105,2805,2180,625
21111009106,5208,3975,1233
21111009300,4989,4197,792
21111009401,3027,2451,576
21111009402,3312,2744,568
21111009600,4735,3773,962
21111009700,2751,2279,472
21111009800,2622,2173,449
21111009900,2793,2301,492
21111010001,4717,3885,832
21111010004,4472,3684,788
21111010005,4367,3516,851
21111010006,3668,2926,742
21111010007,4128,3278,850
21111010008,4301,3414,887
21111010102,4172,3319,853
21111010103,3797,3159,638
21111010104,2813,2374,439
21111010309,4703,3856,847
21111010312,3064,2539,525
21111010313,6246,4814,1432
21111010314,6474,4719,1755
21111010315,3957,3150,807
21111010316,4978,3769,1209
21111010317,4938,3819,1119
21111010318,5654,4568,1086
21111010319,4453,3509,944
21111010320,3855,2923,932
21111010321,5965,4261,1704
21111010322,3167,2341,826
21111010323,3022,2357,665
21111010324,5141,3881,1260
21111010403,4532,3668,864
21111010405,4467,3658,809
21111010406,6226,4671,1555
21111010407,4473,3524,949
21111010408,3486,2754,732
21111010500,3893,3049,844
21111010601,2976,2571,405
21111010602,3366,2851,515
21111010701,5282,4199,1083
21111010702,6097,4904,1193
21111010706,3090,2494,596
21111010707,3688,2858,830
21111010708,2692,2212,480
21111010800,3847,3250,597
21111010901,5021,3977,1044
21111010902,4069,3285,784
21111011003,6449,5023,1426
21111011005,2820,2203,617
21111011006,2518,1911,607
21111011007,3639,2555,1084
21111011008,3182,2582,600
21111011009,3279,2618,661
21111011109,2252,1783,469
21111011110,6570,5196,1374
21111011111,5328,4393,935
21111011112,3477,2791,686
21111011113,3013,2490,523
21111011114,5341,4211,1130
21111011115,2823,2283,540
21111011116,3724,2993,731
21111011117,3491,2666,825
21111011118,3893,2950,943
21111011201,1515,1281,234
21111011202,4193,3177,1016
21111011301,2425,1886,539
21111011302,7086,4963,2123
21111011403,1944,1558,386
21111011404,3967,2966,1001
21111011405,5945,4483,1462
21111011406,5241,4045,1196
21111011506,5689,4336,1353
21111011508,6773,5169,1604
21111011509,4204,3292,912
21111011513,4434,3461,973
21111011514,3720,2991,729
21111011515,4849,3901,948
21111011516,4064,3268,796
21111011517,5560,4251,1309
21111011518,2292,1701,591
21111011519,6168,4487,1681
21111011520,5543,4120,1423
21111011521,4349,3437,912
21111011522,2747,2172,575
21111011603,5257,4283,974
21111011604,2639,2137,502
21111011605,7534,6002,1532
21111011606,1797,1418,379
21111011706,3930,3182,748
21111011707,6383,4740,1643
21111011708,6239,4696,1543
21111011709,6475,5030,1445
21111011710,2891,2215,676
21111011711,6490,4874,1616
21111011712,4795,3871,924
21111011713,2744,2063,681
21111011800,2348,1848,500
21111011901,1154,709,445
21111011904,2653,2086,567
21111011906,3992,3028,964
21111011907,4505,3603,902
21111011908,3670,2619,1051
21111011909,4119,3209,910
21111012001,3378,2737,641
21111012003,3726,2834,892
21111012004,2417,1721,696
21111012005,3676,2673,1003
21111012103,3815,2959,856
21111012104,4072,3055,1017
21111012105,5093,4013,1080
21111012107,5271,3988,1283
21111012108,2106,1608,498
21111012109,5723,4322,1401
21111012203,6316,5065,1251
21111012204,4707,3658,1049
21111012205,2053,1413,640
21111012206,4919,3755,1164
21111012301,3716,2874,842
21111012302,5380,4221,1159
21111012406,6034,4648,1386
21111012407,4992,3777,1215
21111012408,2316,1798,518
21111012409,3268,2529,739
21111012410,4194,3310,884
21111012412,3247,2587,660
21111012413,3176,2444,732
21111012501,2588,2023,565
21111012502,5224,4102,1122
21111012503,4157,3184,973
21111012603,2899,2201,698
21111012604,5560,4230,1330
21111012605,3277,2600,677
21111012606,3818,2977,841
21111012701,4284,3121,1163
21111012702,1936,1499,437
21111012703,5855,4487,1368
21111012801,3185,2347,838
21111012802,2646,1988,658
21111013100,1183,944,239
21113060102,7214,5240,1974
21113060103,3094,2296,798
21113060104,4976,3562,1414
21113060200,5183,4111,1072
21113060300,2492,1914,578
21113060401,4061,2934,1127
21113060402,4495,3696,799
21113060502,7094,5068,2026
21113060503,4520,3463,1057
21113060504,3230,2313,917
21113060600,6632,5107,1525
21115960100,3227,2544,683
21115960200,2751,2095,656
21115960300,3325,2601,724
21115960401,3605,2883,722
21115960402,2692,2093,599
21115960500,2675,2019,656
21115960600,4405,3516,889
21117060300,1529,1351,178
21117060700,1430,1222,208
21117060900,2356,1770,586
21117061000,2117,1632,485
21117061100,1422,1133,289
21117061200,2562,1988,574
21117061300,2447,1986,461
21117061400,3502,2800,702
21117061600,1343,1070,273
21117063604,6741,4839,1902
21117063606,4375,3210,1165
21117063607,2747,2013,734
21117063608,6785,4978,1807
21117063609,5827,4150,1677
21117063610,6769,4847,1922
21117063701,3589,2778,811
21117063702,4595,3478,1117
21117063800,3011,2560,451
21117064001,3268,2584,684
21117064002,3298,2715,583
21117064300,3452,2845,607
21117064400,4083,3036,1047
21117064500,3595,2886,709
21117064600,5376,4377,999
21117064700,5646,4110,1536
21117064800,3694,2898,796
21117064900,3186,2492,694
21117065000,3690,2807,883
21117065100,3390,2286,1104
21117065200,3986,3303,683
21117065300,10232,7912,2320
21117065400,1562,1387,175
21117065501,4314,3334,980
21117065502,3930,2979,951
21117065600,6360,4576,1784
21117065700,2101,1597,504
21117065800,3492,2526,966
21117065900,1438,1146,292
21117066801,3881,2822,1059
21117066802,4884,3254,1630
21117066900,4069,3126,943
21117067000,3392,3069,323
21117067100,2341,1627,714
21117067200,7257,5444,1813
21119960100,2023,1600,423
21119960200,2663,2067,596
21119960300,3627,2911,716
21119960400,2014,1574,440
21119960500,3924,3076,848
21121930100,1349,1012,337
21121930200,3452,2540,912
21121930300,2976,2267,709
21121930401,4417,3403,1014
21121930402,3159,2460,699
21121930501,2112,1588,524
21121930502,3827,3107,720
21121930602,1719,1322,397
21121930603,2872,2222,650
21121930604,2492,1877,615
21121930700,1818,1385,433
21123960101,1684,1291,393
21123960103,3726,2772,954
21123960104,2686,2138,548
21123960200,2755,2105,650
21123960300,4016,3032,984
21125970100,3285,2471,814
21125970201,4169,3220,949
21125970202,2696,2004,692
21125970300,4474,3435,1039
21125970400,3819,2948,871
21125970500,4588,3558,1030
21125970600,3002,2458,544
21125970700,5862,4520,1342
21125970800,5427,4129,1298
21125970900,4141,3056,1085
21125971001,4118,3186,932
21125971003,3823,2942,881
21125971004,2788,2100,688
21125971101,2583,1972,611
21125971103,4544,3452,1092
21125971104,3294,2531,763
21127930101,2857,2202,655
21127930102,4658,3575,1083
21127930200,1726,1363,363
21127930300,1511,1148,363
21127930400,2979,2287,692
21127930500,2562,1952,610
21129950100,4569,3804,765
21129950200,1440,1128,312
21129950300,1386,1081,305
21131920101,2881,2291,590
21131920102,2439,1851,588
21131920200,2490,1962,528
21131920300,2703,2139,564
21133950100,2588,1956,632
21133950201,2212,1714,498
21133950202,2283,1820,463
21133950300,1241,983,258
21133950401,2679,2172,507
21133950403,2180,1739,441
21133950404,2284,1788,496
21133950500,1219,941,278
21133950601,2198,1767,431
21133950602,2664,2072,592
21135930100,4098,3072,1026
21135930200,3679,2820,859
21135930300,3462,2661,801
21135930400,1841,1395,446
21137920101,2016,1571,445
21137920102,4756,3740,1016
21137920103,2423,1859,564
21137920200,5554,4244,1310
21137920301,3065,2319,746
21137920302,2370,1806,564
21137920400,4091,3037,1054
21139040100,2665,2146,519
21139040201,3351,2604,747
21139040202,2872,2379,493
21141960100,5888,4328,1560
21141960200,3621,2823,798
21141960300,5797,4475,1322
21141960400,5003,3869,1134
21141960500,4308,3325,983
21141960600,2815,2158,657
21143960101,3517,3143,374
21143960102,3365,2811,554
21143960200,1798,1563,235
21145030100,1129,816,313
21145030200,1732,1333,399
21145030300,1556,1450,106
21145030400,1596,1196,400
21145030500,2346,1984,362
21145030600,3571,2667,904
21145030700,4398,3391,1007
21145030800,4937,3787,1150
21145030900,3398,2672,726
21145031000,4250,3343,907
21145031100,5891,4650,1241
21145031200,4482,3445,1037
21145031301,5307,3978,1329
21145031302,6186,4787,1399
21145031401,1759,1399,360
21145031402,5963,4885,1078
21145031501,2213,1735,478
21145031502,4147,3212,935
21145031600,3014,2328,686
21147960100,2232,1672,560
21147960200,918,701,217
21147960301,3430,2593,837
21147960302,3115,2338,777
21147960401,3419,2938,481
21147960402,3774,2786,988
21149970100,2929,2264,665
21149970200,3365,2577,788
21149970500,2858,2250,608
21151010101,2239,1721,518
21151010103,3676,2753,923
21151010104,4114,3108,1006
21151010201,2213,1722,491
21151010202,1677,1364,313
21151010301,5325,4006,1319
21151010302,2670,2275,395
21151010303,1929,1590,339
21151010400,2098,1781,317
21151010500,2606,2565,41
21151010601,3207,2805,402
21151010602,2293,1896,397
21151010701,4890,3955,935
21151010702,4201,3251,950
21151010801,2428,1923,505
21151010802,2201,1735,466
21151010901,4191,3212,979
21151010902,4002,3142,860
21151010903,3905,3130,775
21151011001,3654,2821,833
21151011002,3170,2444,726
21151011101,3052,2254,798
21151011102,1915,1469,446
21151011103,2174,1660,514
21151011201,2483,1902,581
21151011202,4039,3104,935
21151011301,2391,1860,531
21151011303,3058,2614,444
21151011304,1953,1568,385
21151011401,3045,2322,723
21151011402,1902,1393,509
21153970100,1343,1052,291
21153970201,3033,2453,580
21153970202,2808,2193,615
21153970300,2720,2114,606
21153970400,1733,1343,390
21155970200,4857,3681,1176
21155970300,1968,1512,456
21155970400,3059,2325,734
21155970500,1990,1535,455
21155970700,5809,4399,1410
21155970800,1898,1449,449
21157950101,2691,2148,543
21157950102,2442,1925,517
21157950200,4792,3753,1039
21157950300,4109,3303,806
21157950400,5562,4344,1218
21157950501,2707,2106,601
21157950502,2936,2227,709
21157950601,2873,2358,515
21157950602,2583,2126,457
21157950603,964,835,129
21159950100,3126,2427,699
21159950201,3276,2852,424
21159950202,3973,3066,907
21159950300,912,718,194
21161960100,3353,2533,820
21161960200,3305,2484,821
21161960300,4141,3271,870
21161960400,4640,3657,983
21161960500,1681,1300,381
21163970100,1040,813,227
21163970200,2141,1292,849
21163970301,3249,2459,790
21163970302,6221,4639,1582
21163970401,5543,4156,1387
21163970403,4662,3539,1123
21163970404,3607,2785,822
21163970500,3526,2657,869
21165960100,3760,2941,819
21165960200,2353,1778,575
21167960100,4517,3551,966
21167960200,6123,4562,1561
21167960300,3891,3026,865
21167960400,4574,3664,910
21167960500,3536,2831,705
21169960100,2308,1741,567
21169960200,3133,2442,691
21169960300,4845,3684,1161
21171930100,1955,1459,496
21171930200,2225,1732,493
21171930300,2726,2124,602
21171930400,4432,3355,1077
21173920100,3521,2669,852
21173920201,3490,2600,890
21173920202,4107,3137,970
21173920301,2992,2349,643
21173920302,5961,4629,1332
21173920400,5203,3971,1232
21173920500,2840,2156,684
21175950100,2508,1914,594
21175950200,2084,1597,487
21175950300,2313,1707,606
21175950400,4746,4079,667
21175950500,2075,1596,479
21177960100,1209,944,265
21177960201,4000,3293,707
21177960202,3207,2531,676
21177960300,3603,2764,839
21177960400,5086,4063,1023
21177960500,3417,2699,718
21177960600,3188,2533,655
21177960700,3703,2732,971
21177960800,2032,1569,463
21177960900,1483,1132,351
21179930100,3726,2864,862
21179930201,6330,4916,1414
21179930202,2218,1687,531
21179930301,5380,4193,1187
21179930303,3329,2471,858
21179930304,6825,5017,1808
21179930305,2120,1614,506
21179930400,3615,2756,859
21179930500,6895,5250,1645
21179930600,2900,2296,604
21179930700,3400,2685,715
21181960100,2107,1646,461
21181960200,5430,4040,1390
21183920100,3129,2376,753
21183920200,3797,2842,955
21183920300,4260,3216,1044
21183920400,1839,1387,452
21183920501,3373,2521,852
21183920502,3938,3010,928
21183920600,2018,1509,509
21183920700,1418,1090,328
21185030100,2426,1929,497
21185030200,4681,4381,300
21185030301,4030,2859,1171
21185030302,4986,3538,1448
21185030401,7137,5249,1888
21185030402,3337,2401,936
21185030501,4493,3301,1192
21185030502,5048,3693,1355
21185030601,6762,4710,2052
21185030602,5509,4049,1460
21185030701,2775,1986,789
21185030703,4048,2811,1237
21185030704,2962,1938,1024
21185030801,4581,3147,1434
21185030802,4832,3538,1294
21187970100,3136,2336,800
21187970201,2345,1788,557
21187970202,2868,2200,668
21187970300,2929,2209,720
21189930100,2328,1767,561
21189930200,1723,1419,304
21191930101,3306,2562,744
21191930102,3617,2802,815
21191930200,2627,2032,595
21191930300,5094,3798,1296
21193970300,2872,2193,679
21193970400,4425,3532,893
21193970501,3170,2433,737
21193970502,2461,1927,534
21193970601,2095,1640,455
21193970602,2595,2014,581
21193970700,1884,1455,429
21193970800,3174,2541,633
21193970900,1584,1272,312
21193971000,4213,3245,968
21195930100,2816,2235,581
21195930201,2991,2319,672
21195930202,3080,2388,692
21195930301,2138,1823,315
21195930302,1878,1579,299
21195930400,3014,2437,577
21195930500,2614,2041,573
21195930600,3350,2702,648
21195930700,2193,1737,456
21195930800,2858,2244,614
21195930900,1829,1459,370
21195931000,1950,1568,382
21195931101,1935,1543,392
21195931102,2358,1838,520
21195931200,3726,2920,806
21195931300,2478,1996,482
21195931400,2664,2067,597
21195931500,3743,2950,793
21195931600,1478,1150,328
21195931700,3858,3062,796
21195931800,2905,2269,636
21195931900,2813,2266,547
21197970101,1992,1548,444
21197970102,4742,3677,1065
21197970201,3121,2314,807
21197970202,3274,2508,766
21199930101,3090,2368,722
21199930102,2925,2222,703
21199930200,5512,4171,1341
21199930301,2230,1753,477
21199930302,2823,2257,566
21199930401,3474,2679,795
21199930403,2559,1960,599
21199930404,3401,2597,804
21199930503,3785,2817,968
21199930504,3169,2586,583
21199930505,4127,3234,893
21199930506,2701,2222,479
21199930600,4330,3423,907
21199930700,4830,3787,1043
21199930801,3549,2691,858
21199930802,2533,1923,610
21199930900,2640,2068,572
21199931000,1620,1286,334
21199931101,2775,2210,565
21199931103,1255,1028,227
21199931104,1706,1353,353
21201970100,2193,1727,466
21203950100,3081,2411,670
21203950201,2997,2294,703
21203950202,3787,3063,724
21203950300,3880,2977,903
21203950400,2292,1807,485
21205950100,5965,4566,1399
21205950201,3601,2776,825
21205950202,5687,5068,619
21205950301,2606,2181,425
21205950302,2897,2224,673
21205950400,3906,3000,906
21207960101,3723,2868,855
21207960102,5495,4148,1347
21207960200,1512,1222,290
21207960300,3975,3080,895
21207960400,3286,2559,727
21209040101,2089,1526,563
21209040102,2469,1883,586
21209040203,4721,3548,1173
21209040205,4946,3546,1400
21209040207,1260,982,278
21209040208,2447,1940,507
21209040209,2597,2152,445
21209040210,2010,1389,621
21209040301,3458,2498,960
21209040302,2431,1682,749
21209040303,3555,2582,973
21209040400,3169,2450,719
21209040501,2706,2018,688
21209040502,4257,3203,1054
21209040601,3527,2691,836
21209040604,2798,1979,819
21209040605,2604,1978,626
21209040606,2795,2034,761
21209040607,3316,2535,781
21211040101,3715,2834,881
21211040102,4512,3540,972
21211040201,3281,2469,812
21211040202,5168,3986,1182
21211040301,6024,4197,1827
21211040302,3314,2466,848
21211040402,4342,3396,946
21211040403,4394,3360,1034
21211040404,3718,2580,1138
21211040501,2496,2017,479
21211040503,3696,2707,989
21211040504,3405,2809,596
21213970100,2344,1823,521
21213970200,5094,3978,1116
21213970300,5042,3863,1179
21213970401,4493,3360,1133
21213970402,2621,1986,635
21215080101,4830,3592,1238
21215080102,6237,4827,1410
21215080103,2129,1646,483
21215080200,6294,4733,1561
21217920100,2697,1994,703
21217920200,3096,2418,678
21217920300,4752,3757,995
21217920401,4468,3649,819
21217920402,3900,2979,921
21217920501,2911,2189,722
21217920502,4199,3229,970
21219950100,2899,2145,754
21219950200,5437,3947,1490
21219950300,2457,1814,643
21219950400,1450,1005,445
21221970100,2674,2185,489
21221970201,2914,2181,733
21221970202,3798,2750,1048
21221970301,2647,2213,434
21221970302,2023,1645,378
21223100100,3190,2515,675
21223100200,5284,4116,1168
21225950100,1670,1253,417
21225950201,4806,3720,1086
21225950202,2720,2085,635
21225950300,4472,3403,1069
21227010100,2755,2580,175
21227010200,3524,2651,873
21227010300,4503,3462,1041
21227010400,4168,4022,146
21227010500,2271,1986,285
21227010600,4302,3493,809
21227010701,5422,4226,1196
21227010702,6647,4907,1740
21227010801,3984,3002,982
21227010802,8708,6163,2545
21227010804,2882,2481,401
21227010805,3998,3072,926
21227010900,4703,3805,898
21227011001,4305,3063,1242
21227011002,7852,5591,2261
21227011100,7759,5651,2108
21227011200,5369,3621,1748
21227011300,4733,3642,1091
21227011401,7233,5772,1461
21227011402,3501,2631,870
21227011500,7550,5789,1761
21227011600,5964,4522,1442
21227011701,5749,4059,1690
21227011702,3705,2838,867
21227011801,3187,2483,704
21227011802,2721,2188,533
21227011900,7059,5197,1862
21229930100,2833,2229,604
21229930201,3442,2610,832
21229930202,3552,2767,785
21229930300,2200,1658,542
21231920101,1626,1269,357
21231920102,2787,2227,560
21231920201,1880,1502,378
21231920202,3851,2901,950
21231920300,3815,2908,907
21231920401,1578,1148,430
21231920402,1572,1207,365
21231920701,1031,842,189
21231920702,1415,1112,303
21233960100,4431,3236,1195
21233960200,2756,2198,558
21233960300,2102,1630,472
21233960400,3728,2892,836
21235920100,3058,2340,718
21235920200,2896,2161,735
21235920301,1866,1430,436
21235920302,4888,3728,1160
21235920401,1975,1475,500
21235920402,4149,3028,1121
21235920501,1735,1268,467
21235920502,4401,3246,1155
21235920601,1103,798,305
21235920602,4371,3649,722
21235920700,4498,3308,1190
21235920800,1772,1356,416
21237930100,2964,2302,662
21237930200,3598,2724,874
21239050103,3635,2671,964
21239050104,3937,3078,859
21239050105,3384,2608,776
21239050106,3921,3030,891
21239050107,4167,3102,1065
21239050200,3759,3051,708
21239050300,1773,1424,349
21239050400,2295,1933,362
22001960101,3405,2522,883
22001960102,2431,1771,660
22001960201,3331,2418,913
22001960202,2502,1822,680
22001960300,3521,2590,931
22001960401,2246,1674,572
22001960402,2133,1575,558
22001960403,2274,1680,594
22001960501,2866,2106,760
22001960502,2025,1484,541
22001960503,1271,923,348
22001960601,1660,1189,471
22001960602,3993,3103,890
22001960700,3728,2813,915
22001960801,3593,2784,809
22001960802,1344,1091,253
22001960901,3189,2444,745
22001960902,1183,765,418
22001961000,4607,3466,1141
22001961100,3125,2308,817
22001961200,3149,2415,734
22003950100,4684,3451,1233
22003950201,2574,1896,678
22003950202,1951,1920,31
22003950300,2817,2050,767
22003950400,3860,2943,917
22003950501,3380,2488,892
22003950502,3484,2762,722
22005030102,5218,3910,1308
22005030104,3680,2665,1015
22005030105,6741,4650,2091
22005030106,2353,1793,560
22005030107,3167,2422,745
22005030207,6372,4599,1773
22005030208,4410,3118,1292
22005030209,2641,1878,763
22005030210,5952,4162,1790
22005030211,6881,4853,2028
22005030212,7182,5140,2042
22005030213,4918,3484,1434
22005030214,5946,4366,1580
22005030215,5411,3960,1451
22005030301,5172,3540,1632
22005030302,5614,4156,1458
22005030303,3938,2719,1219
22005030304,2153,1506,647
22005030403,2634,1995,639
22005030404,2955,2187,768
22005030405,4911,3669,1242
22005030406,4245,3195,1050
22005030501,3137,2440,697
22005030502,2468,1821,647
22005030503,3040,2295,745
22005030600,5624,4151,1473
22005030900,3906,2765,1141
22005031001,2304,1827,477
22005031002,3527,2691,836
22007050100,3245,2592,653
22007050201,2822,2302,520
22007050202,2159,1733,426
22007050300,3419,2673,746
22007050400,2895,2269,626
22007050500,2523,1940,583
22007050600,3976,3107,869
22009030100,2290,1807,483
22009030200,2807,2208,599
22009030300,3855,2906,949
22009030401,3881,2863,1018
22009030402,2863,2254,609
22009030501,3650,2777,873
22009030502,3395,2572,823
22009030600,4509,3466,1043
22009030701,4152,3567,585
22009030702,3078,2268,810
22009030800,2842,2110,732
22009030900,2371,1780,591
22011960101,4027,2992,1035
22011960102,2229,1629,600
22011960200,5084,3809,1275
22011960300,3963,3006,957
22011960400,3066,2395,671
22011960500,5099,3928,1171
22011960600,3119,2345,774
22011960701,4253,3081,1172
22011960702,5709,4304,1405
22013970100,3330,2645,685
22013970200,1519,1244,275
22013970300,2994,2266,728
22013970400,2424,1807,617
22013970500,2714,2111,603
22015010400,1680,1185,495
22015010500,4605,3318,1287
22015010601,6718,4725,1993
22015010602,2952,2251,701
22015010701,4151,3197,954
22015010702,4059,3008,1051
22015010801,3509,2565,944
22015010805,3032,2428,604
22015010806,4014,3050,964
22015010807,3732,2768,964
22015010808,4532,3338,1194
22015010900,1951,1407,544
22015011002,4959,3978,981
22015011003,4729,3551,1178
22015011004,3195,2422,773
22015011107,1991,1470,521
22015011111,5141,3782,1359
22015011112,4296,3080,1216
22015011113,4300,3215,1085
22015011114,2750,2100,650
22015011115,1770,1332,438
22015011116,6725,4719,2006
22015011117,7126,5232,1894
22015011118,1740,1339,401
22015011119,4205,3252,953
22015011120,3611,2991,620
22015011121,2066,1558,508
22015011122,10313,7155,3158
22015011123,4385,3201,1184
22015011124,2029,1535,494
22015011201,4655,3933,722
22015011202,2035,1576,459
22015011300,1790,1215,575
22017020500,2611,1892,719
22017020600,861,603,258
22017020700,761,617,144
22017021000,1328,1066,262
22017021100,2403,1937,466
22017021200,3535,2869,666
22017021300,2646,2004,642
22017021400,2049,1562,487
22017021500,2154,1679,475
22017021600,3748,3021,727
22017021700,1662,1300,362
22017021800,1353,1009,344
22017021900,1082,849,233
22017022000,1478,1156,322
22017022101,4824,3770,1054
22017022102,1486,1160,326
22017022200,3781,2696,1085
22017022300,2214,1712,502
22017022400,3203,2263,940
22017022500,4010,2926,1084
22017022600,3000,2345,655
22017022700,2192,1758,434
22017022800,3851,2998,853
22017022900,4502,3710,792
22017023000,4346,3606,740
22017023100,1484,1193,291
22017023200,1351,1013,338
22017023300,1918,1407,511
22017023401,3712,2546,1166
22017023402,2479,1810,669
22017023500,2762,2126,636
22017023600,2775,1973,802
22017023701,3649,2452,1197
22017023702,2097,1569,528
22017023801,3640,2884,756
22017023802,1838,1393,445
22017023903,3963,3061,902
22017023904,3439,2743,696
22017023905,4710,3693,1017
22017023906,3234,2669,565
22017023907,3654,2948,706
22017024001,7312,5366,1946
22017024002,6423,4823,1600
22017024102,3835,3086,749
22017024104,6860,4979,1881
22017024107,4843,3608,1235
22017024108,6572,5088,1484
22017024109,3724,2769,955
22017024110,2671,1969,702
22017024111,4534,3424,1110
22017024201,3926,2963,963
22017024204,4947,3775,1172
22017024205,2160,1751,409
22017024206,2592,2049,543
22017024207,1987,1601,386
22017024303,5802,4448,1354
22017024304,4841,3938,903
22017024305,2582,1976,606
22017024306,3910,3082,828
22017024400,4451,3516,935
22017024503,4914,3642,1272
22017024504,5884,4516,1368
22017024601,4369,2913,1456
22017024602,5309,4176,1133
22017024700,1924,1503,421
22017024800,876,697,179
22017024900,2953,2258,695
22017025000,3119,2379,740
22017025100,1687,1335,352
22017025200,985,781,204
22017025300,1137,985,152
22017025405,4696,3579,1117
22017025406,4238,3444,794
22019000100,2341,1917,424
22019000200,1535,1210,325
22019000300,1733,1257,476
22019000400,1639,1079,560
22019000500,3394,2793,601
22019000601,3322,2434,888
22019000602,3610,2643,967
22019000700,5575,4141,1434
22019000800,3746,2900,846
22019000900,4220,3268,952
22019001000,3859,3206,653
22019001100,4565,3719,846
22019001201,5218,3803,1415
22019001202,3489,2423,1066
22019001301,3795,2911,884
22019001302,3604,2815,789
22019001401,3010,2148,862
22019001402,3238,2559,679
22019001500,1887,1426,461
22019001600,4736,3841,895
22019001700,13008,9626,3382
22019001802,6972,5268,1704
22019001803,5259,3956,1303
22019001901,3673,2859,814
22019001905,3872,3049,823
22019001906,3817,2914,903
22019001907,3764,2972,792
22019001908,3170,2433,737
22019002001,5368,3934,1434
22019002002,6166,4458,1708
22019002100,3501,2453,1048
22019002204,5680,4186,1494
22019002205,5098,3709,1389
22019002206,4839,3522,1317
22019002207,3750,2723,1027
22019002208,3242,2419,823
22019002300,3399,2578,821
22019002401,3266,2451,815
22019002402,2625,1927,698
22019002500,4430,3388,1042
22019002600,4743,3587,1156
22019002701,4809,3531,1278
22019002702,3240,2415,825
22019002800,4530,3310,1220
22019002900,2179,1673,506
22019003000,4793,3632,1161
22019003101,5332,4020,1312
22019003102,2450,1862,588
22019003200,2076,1584,492
22019003300,6185,4562,1623
22019003400,5399,3944,1455
22019003500,3449,2492,957
22019003601,3066,2338,728
22019003602,1119,898,221
22021000100,2199,1744,455
22021000200,2790,2114,676
22021000300,4656,3620,1036
22023970101,3132,2338,794
22023970102,935,785,150
22023970202,624,502,122
22023970203,926,733,193
22025000100,4026,3182,844
22025000200,2106,1580,526
22025000300,2774,2189,585
22027950100,3035,2539,496
22027950201,2431,2258,173
22027950202,1039,853,186
22027950300,2147,1634,513
22027950400,3035,2279,756
22027950500,2483,1944,539
22029000100,2234,1787,447
22029000201,2360,1799,561
22029000202,2755,1933,822
22029000300,3766,2810,956
22029000400,4277,3148,1129
22029000500,3295,2740,555
22031950101,2608,1868,740
22031950102,3459,2637,822
22031950103,4396,3204,1192
22031950200,3755,2934,821
22031950300,2484,2033,451
22031950400,2785,2161,624
22031950500,1901,1453,448
22031950600,2854,2115,739
22031950700,2570,2035,535
22033000100,1541,1000,541
22033000200,6535,4586,1949
22033000300,1424,1063,361
22033000400,2606,1904,702
22033000500,3439,2552,887
22033000601,2993,2122,871
22033000602,3893,2975,918
22033000701,2103,1536,567
22033000702,3122,2391,731
22033000900,3656,2677,979
22033001000,2754,2141,613
22033001102,3647,2775,872
22033001103,3005,2082,923
22033001104,4005,2856,1149
22033001600,3178,2605,573
22033001700,5035,4210,825
22033001800,2271,1846,425
22033001900,2751,2136,615
22033002000,3562,2811,751
22033002200,1169,950,219
22033002300,2727,2263,464
22033002400,2576,2109,467
22033002500,2762,2372,390
22033002601,4288,3585,703
22033002602,4763,3864,899
22033002700,1598,1193,405
22033002801,5647,5541,106
22033002802,4934,4839,95
22033003000,4798,3994,804
22033003104,5465,4204,1261
22033003201,3661,2809,852
22033003202,3702,2936,766
22033003300,4962,3819,1143
22033003400,6567,4828,1739
22033003501,2383,1737,646
22033003504,5954,4359,1595
22033003505,4076,3036,1040
22033003506,6774,5230,1544
22033003507,5570,4111,1459
22033003601,3784,2954,830
22033003603,2337,1785,552
22033003604,5638,3822,1816
22033003701,5841,4654,1187
22033003702,3552,2794,758
22033003703,6576,5028,1548
22033003804,4745,4018,727
22033003806,3497,2893,604
22033003807,4064,3415,649
22033003808,2786,2361,425
22033003809,2934,2458,476
22033003810,2863,2318,545
22033003811,4136,3312,824
22033003907,6098,4816,1282
22033003908,4485,3656,829
22033003909,4935,3924,1011
22033003910,3226,2367,859
22033003911,2895,2319,576
22033003912,3963,2714,1249
22033003913,5684,4635,1049
22033003914,3390,2586,804
22033004010,4672,3813,859
22033004013,3472,2941,531
22033004017,3704,3033,671
22033004018,2181,1778,403
22033004019,4205,3427,778
22033004020,5034,4251,783
22033004021,4433,3307,1126
22033004022,4978,3836,1142
22033004023,3229,2975,254
22033004024,4382,3963,419
22033004025,2473,1861,612
22033004026,7558,5570,1988
22033004027,2434,1965,469
22033004028,4071,2961,1110
22033004029,4780,3440,1340
22033004030,3893,2732,1161
22033004031,6719,5921,798
22033004201,5515,4172,1343
22033004203,3302,2714,588
22033004204,3720,2750,970
22033004205,5424,4077,1347
22033004301,6764,5155,1609
22033004302,5733,4376,1357
22033004401,5279,4030,1249
22033004402,6614,4747,1867
22033004403,6361,4693,1668
22033004503,6582,4743,1839
22033004504,6618,5004,1614
22033004507,5665,4276,1389
22033004509,7321,5584,1737
22033004511,5188,3841,1347
22033004512,2885,2100,785
22033004513,4879,3765,1114
22033004514,3064,2474,590
22033004515,4698,3583,1115
22033004516,4070,3217,853
22033004602,6500,4751,1749
22033004603,6383,4670,1713
22033004605,7286,5106,2180
22033004606,5898,4185,1713
22033004700,5448,4320,1128
22033004800,4048,3575,473
22033004900,4550,3712,838
22033005000,3112,2553,559
22033005100,3228,2767,461
22033005200,1882,1496,386
22033005300,3221,2526,695
22035000100,2532,1859,673
22035000200,2752,2511,241
22035000300,2175,1531,644
22037951300,2670,2222,448
22037951400,3462,2897,565
22037951501,1220,994,226
22037951502,7109,6058,1051
22037951600,5078,4012,1066
22039950101,2791,2088,703
22039950102,3869,3006,863
22039950200,1828,1355,473
22039950301,1089,779,310
22039950302,3453,2693,760
22039950401,3038,2303,735
22039950402,2986,2157,829
22039950500,2757,1983,774
22039950600,3169,2390,779
22039950700,3486,2711,775
22039950800,3884,2943,941
22041950100,3818,2975,843
22041950200,4353,3465,888
22041950300,5286,3705,1581
22041950400,2650,2047,603
22041950500,1642,1286,356
22041950600,2025,1550,475
22043020100,2345,1827,518
22043020200,2930,2322,608
22043020300,2510,1911,599
22043020403,3824,2879,945
22043020404,2296,1761,535
22043020405,2994,2185,809
22043020406,5270,4642,628
22045030101,4286,3207,1079
22045030102,2066,1592,474
22045030201,2722,2041,681
22045030202,3671,2803,868
22045030301,3735,2905,830
22045030303,3754,2801,953
22045030304,2224,1635,589
22045030401,4068,3116,952
22045030402,3305,2375,930
22045030500,4138,3211,927
22045030601,1650,1235,415
22045030602,5154,3929,1225
22045030700,3799,2896,903
22045030800,1819,1383,436
22045030900,3278,2221,1057
22045031000,3009,2247,762
22045031101,3307,2421,886
22045031102,1803,1411,392
22045031200,3150,2484,666
22045031301,3743,2918,825
22045031302,2202,1643,559
22045031600,3046,2317,729
22047952600,2368,1916,452
22047952701,2797,2199,598
22047952702,3091,2397,694
22047952901,2759,2266,493
22047952902,2223,1693,530
22047953000,2006,1538,468
22047953101,5408,4196,1212
22047953102,2098,1579,519
22047953200,7491,6302,1189
22049970100,2673,2134,539
22049970200,3396,2548,848
22049970300,4336,3573,763
22049970400,3001,2262,739
22049970500,1625,1266,359
22051020204,2782,2204,578
22051020205,3652,2769,883
22051020206,4415,3501,914
22051020304,4379,3386,993
22051020305,4589,3580,1009
22051020400,3068,2495,573
22051020502,6429,4663,1766
22051020505,1729,1289,440
22051020506,4204,3276,928
22051020507,4276,3453,823
22051020511,4289,3263,1026
22051020512,2731,2302,429
22051020513,4690,3594,1096
22051020514,3555,2928,627
22051020515,2923,2325,598
22051020516,4723,3419,1304
22051020517,4336,3501,835
22051020518,3421,2693,728
22051020519,4354,3363,991
22051020600,4804,3344,1460
22051021000,2280,1780,500
22051021100,2183,1698,485
22051021200,2464,1926,538
22051021300,2797,2285,512
22051021400,2133,1662,471
22051021500,2918,2273,645
22051021601,3137,2314,823
22051021602,1566,1250,316
22051022601,2961,2280,681
22051023003,2745,2253,492
22051023004,4836,3939,897
22051023300,1724,1401,323
22051023400,3201,2553,648
22051023500,4391,3536,855
22051023600,4966,3985,981
22051023700,1986,1547,439
22051023800,3765,3121,644
22051023901,2396,1942,454
22051023902,2305,1872,433
22051023903,2378,1874,504
22051023904,2752,2299,453
22051024001,2669,2253,416
22051024002,3051,2522,529
22051024100,3394,2714,680
22051024202,4756,4193,563
22051024300,2870,2448,422
22051024400,2784,2305,479
22051024500,1576,1381,195
22051024601,1125,966,159
22051024700,1493,1282,211
22051024801,3055,2326,729
22051024900,1675,1380,295
22051025002,3312,2481,831
22051025003,4286,3135,1151
22051025004,3886,2662,1224
22051025005,3959,3082,877
22051025102,4500,3369,1131
22051025103,3655,2845,810
22051025104,3670,2669,1001
22051025201,2950,2098,852
22051025202,6702,4881,1821
22051025300,2216,1782,434
22051025400,4807,3530,1277
22051025500,2743,1994,749
22051025600,1421,1187,234
22051025700,1411,1107,304
22051025800,1687,1401,286
22051025900,3412,2996,416
22051026000,1918,1582,336
22051026100,5140,3611,1529
22051026200,1317,1053,264
22051026300,2407,1959,448
22051026400,1761,1387,374
22051026500,1817,1598,219
22051026600,1992,1625,367
22051026700,1666,1370,296
22051026800,2620,2018,602
22051026900,3181,2396,785
22051027000,6096,4820,1276
22051027100,3221,2537,684
22051027200,4864,3809,1055
22051027501,6664,5003,1661
22051027502,3298,2553,745
22051027601,4815,3697,1118
22051027602,3555,2541,1014
22051027701,5950,4290,1660
22051027703,4212,2980,1232
22051027803,4018,2882,1136
22051027806,6453,5076,1377
22051027810,3915,2985,930
22051027811,3285,2474,811
22051027812,3982,2911,1071
22051027813,4531,3569,962
22051027814,3782,3034,748
22051027815,2379,1675,704
22051027816,6636,5038,1598
22051027817,5985,4595,1390
22051027818,3296,2689,607
22051027819,2303,1636,667
22051027820,5433,4096,1337
22051027903,1010,825,185
22051027904,3881,3063,818
22051028000,5613,4157,1456
22051028200,4224,3252,972
22051028300,3057,2382,675
22051028400,5442,4567,875
22051028500,3934,3241,693
22051028600,2766,2315,451
22051028700,4517,3603,914
22051028800,3963,3399,564
22051028900,3939,3206,733
22051029000,3115,2552,563
22051029100,3580,2909,671
22051029200,3804,3103,701
22051029300,4306,3706,600
22051029400,3519,2865,654
22051029500,3801,3134,667
22051029600,6275,4582,1693
22051029700,2826,2176,650
22051029800,3496,2600,896
22051029900,3942,3181,761
22051030000,2248,1880,368
22051030100,4986,3980,1006
22051030200,4618,3694,924
22051030300,3129,2666,463
22053000100,5319,3897,1422
22053000200,5641,4171,1470
22053000300,5116,3809,1307
22053000401,2692,2037,655
22053000402,3826,2831,995
22053000500,4523,3470,1053
22053000600,2948,2198,750
22053000700,2185,1626,559
22055000100,3185,2919,266
22055000200,2123,1584,539
22055000500,2443,2113,330
22055000602,4167,3358,809
22055000603,2553,2050,503
22055000605,2724,2315,409
22055000606,3948,3221,727
22055000700,2942,2138,804
22055000800,2691,2038,653
22055000900,1569,1162,407
22055001001,5821,4339,1482
22055001002,3474,2628,846
22055001003,3889,3057,832
22055001100,5812,4188,1624
22055001201,3372,2490,882
22055001202,3948,3032,916
22055001301,1686,1323,363
22055001302,2956,2341,615
22055001403,6596,5172,1424
22055001408,2169,1671,498
22055001412,6341,5011,1330
22055001413,4069,3031,1038
22055001414,6091,4237,1854
22055001415,3751,2750,1001
22055001416,3733,2766,967
22055001417,6084,4323,1761
22055001418,3619,2888,731
22055001419,4802,3685,1117
22055001420,2983,2456,527
22055001421,2775,2299,476
22055001422,2243,1910,333
22055001423,3688,2999,689
22055001424,6275,4838,1437
22055001425,4898,3694,1204
22055001426,8422,5691,2731
22055001427,8034,5628,2406
22055001428,5737,4082,1655
22055001500,5211,4263,948
22055001600,3028,2342,686
22055001700,6064,4646,1418
22055001801,2884,2296,588
22055001802,3821,3125,696
22055001903,5901,4253,1648
22055001904,4010,3235,775
22055001905,6446,4856,1590
22055001906,4721,3500,1221
22055001907,3068,2130,938
22055001908,4091,3256,835
22055001909,2537,1867,670
22055002001,5034,3742,1292
22055002003,3223,2353,870
22055002004,3159,2287,872
22055002101,6116,4345,1771
22055002102,5132,3723,1409
22055002103,5382,3917,1465
22055002105,3215,2446,769
22055002106,3077,2358,719
22055002200,4020,3508,512
22057020100,2921,2401,520
22057020202,4432,3428,1004
22057020400,2165,1640,525
22057020500,6962,5223,1739
22057020600,2187,1697,490
22057020702,4276,3190,1086
22057020703,5739,4480,1259
22057020704,5628,4092,1536
22057020800,3569,2907,662
22057020900,2034,1503,531
22057021000,3118,2412,706
22057021101,1966,1528,438
22057021102,4592,3508,1084
22057021200,4362,3266,1096
22057021300,2187,1700,487
22057021400,4452,3327,1125
22057021500,4167,3235,932
22057021602,3451,2682,769
22057021603,3023,2311,712
22057021604,3816,2921,895
22057021700,3662,2798,864
22057021800,4754,3597,1157
22057021902,4186,3254,932
22057021903,4918,3439,1479
22057021904,2173,1526,647
22057022000,2817,2554,263
22059970100,4151,3238,913
22059970200,6388,5139,1249
22059970300,4252,3186,1066
22061960100,3690,2847,843
22061960200,3883,3042,841
22061960300,5574,4787,787
22061960401,2568,2140,428
22061960402,2467,1998,469
22061960500,4815,3866,949
22061960600,5044,3964,1080
22061960701,3677,2744,933
22061960702,2917,2206,711
22061960800,3902,2957,945
22061960900,2369,1768,601
22061961000,7490,6336,1154
22063040101,3189,2369,820
22063040102,3421,2528,893
22063040103,4201,3099,1102
22063040202,4976,3727,1249
22063040203,2312,1741,571
22063040204,4673,3624,1049
22063040304,5754,4191,1563
22063040305,5667,3994,1673
22063040306,4735,3625,1110
22063040307,4296,3087,1209
22063040308,5883,4202,1681
22063040403,3329,2414,915
22063040404,3401,2560,841
22063040405,3670,2758,912
22063040406,5244,3783,1461
22063040501,3411,2513,898
22063040502,5971,4332,1639
22063040503,3990,2964,1026
22063040601,4559,3524,1035
22063040602,4241,3264,977
22063040700,3528,2777,751
22063040805,5143,3781,1362
22063040807,2890,2100,790
22063040808,5098,3758,1340
22063040809,3149,2392,757
22063040810,3245,2488,757
22063040811,2341,1770,571
22063040812,8021,5504,2517
22063040813,4159,2836,1323
22063040814,5258,3668,1590
22063040903,3207,2390,817
22063040904,4025,3064,961
22063040905,3233,2651,582
22063040906,2062,1663,399
22065960100,1739,1366,373
22065960200,2441,1913,528
22065960300,2335,1711,624
22065960400,1437,938,499
22065960500,2065,1507,558
22067950100,1437,1194,243
22067950200,5401,4128,1273
22067950300,2478,1952,526
22067950400,2895,2102,793
22067950500,4243,3249,994
22067950600,2695,2225,470
22067950700,3360,2830,530
22067950800,3120,2382,738
22069000100,1915,1542,373
22069000200,2964,2300,664
22069000300,4347,3359,988
22069000400,3529,2588,941
22069000500,4219,3402,817
22069000601,4653,3892,761
22069000602,4341,3192,1149
22069000700,2785,2241,544
22069000800,4176,3220,956
22069000901,2635,1999,636
22069000902,1951,1614,337
22071000100,2289,1897,392
22071000200,1136,903,233
22071000300,1176,901,275
22071000400,2060,1596,464
22071000601,1045,692,353
22071000602,2477,1831,646
22071000603,1491,965,526
22071000604,3960,2886,1074
22071000605,2070,1485,585
22071000606,4112,3330,782
22071000607,3702,2849,853
22071000611,3548,2672,876
22071000612,1747,1412,335
22071000615,3278,2477,801
22071000616,4388,3370,1018
22071000617,3854,2951,903
22071000618,3611,2768,843
22071000619,2123,1639,484
22071000620,2533,1858,675
22071000701,1074,793,281
22071000702,1755,1383,372
22071000800,1738,1324,414
22071000901,1138,823,315
22071000902,708,480,228
22071000903,915,630,285
22071000904,1147,846,301
22071001100,1865,1637,228
22071001200,1698,1575,123
22071001301,1942,1670,272
22071001302,1380,1116,264
22071001401,1689,1267,422
22071001402,2061,1623,438
22071001500,1140,933,207
22071001600,160,107,53
22071001701,2103,1688,415
22071001702,3206,2473,733
22071001720,4258,2966,1292
22071001723,4694,3602,1092
22071001724,4984,3584,1400
22071001736,2235,1604,631
22071001737,3647,2692,955
22071001739,1716,1324,392
22071001740,4390,3345,1045
22071001741,1472,1082,390
22071001743,2314,1614,700
22071001744,4668,3202,1466
22071001745,3416,2539,877
22071001746,4744,3251,1493
22071001747,3599,2941,658
22071001748,4084,3084,1000
22071001749,2562,1813,749
22071001750,4867,3033,1834
22071001751,1044,788,256
22071001752,3133,2140,993
22071001753,2257,1659,598
22071001754,3265,2544,721
22071001755,3305,2480,825
22071001756,1495,956,539
22071001757,1280,882,398
22071001758,1794,1454,340
22071001800,1335,1257,78
22071001900,1492,1309,183
22071002000,1413,1135,278
22071002100,1110,843,267
22071002200,1351,1014,337
22071002300,2119,1657,462
22071002401,1639,1333,306
22071002402,2949,2375,574
22071002501,2034,1582,452
22071002502,2199,1735,464
22071002503,1836,1502,334
22071002504,2303,1885,418
22071002600,1134,1052,82
22071002700,1324,1117,207
22071002800,1540,1195,345
22071002900,1238,964,274
22071003000,1215,958,257
22071003100,1335,1031,304
22071003301,2622,2037,585
22071003302,3339,2644,695
22071003303,2295,1788,507
22071003304,2347,1769,578
22071003307,1350,1095,255
22071003308,4063,3487,576
22071003400,1343,1148,195
22071003500,1452,1272,180
22071003600,1462,1252,210
22071003701,1883,1663,220
22071003702,3460,2961,499
22071003800,1277,1237,40
22071003900,1228,1120,108
22071004000,1939,1675,264
22071004100,1429,1240,189
22071004401,1543,1254,289
22071004402,1038,650,388
22071004500,2154,1884,270
22071004600,2711,2391,320
22071004800,1122,816,306
22071004900,1794,1409,385
22071005000,1697,1415,282
22071005400,1816,1644,172
22071005500,2846,2324,522
22071005601,2872,2110,762
22071005602,3186,2314,872
22071005603,1778,1372,406
22071005604,1915,1401,514
22071006000,1812,1485,327
22071006300,2077,1742,335
22071006400,2591,2176,415
22071006500,2651,2284,367
22071006900,1399,922,477
22071007000,1926,1765,161
22071007101,1898,1641,257
22071007200,2321,1850,471
22071007501,2271,1752,519
22071007502,2917,2257,660
22071007604,1894,1425,469
22071007605,1397,1069,328
22071007607,2912,2227,685
22071007608,1723,1441,282
22071007700,2481,2367,114
22071007800,1113,1010,103
22071008200,1546,1433,113
22071008300,1062,898,164
22071008400,1145,1012,133
22071008500,1198,927,271
22071008600,1137,881,256
22071008800,1534,1350,184
22071009000,1877,1637,240
22071009100,1933,1702,231
22071009200,1267,1037,230
22071009400,1481,1099,382
22071009600,1321,1117,204
22071009700,1280,1078,202
22071009900,2859,2579,280
22071010000,1625,1373,252
22071010100,2021,1773,248
22071010200,1905,1522,383
22071010300,2784,2164,620
22071010600,1419,1211,208
22071010700,1753,1489,264
22071010800,1358,1115,243
22071010900,2750,2318,432
22071011100,1643,1408,235
22071011200,1331,1088,243
22071011400,1901,1518,383
22071011500,1450,1194,256
22071011600,1325,1101,224
22071011700,3202,2609,593
22071011900,1704,1457,247
22071012000,1443,1241,202
22071012101,2658,2397,261
22071012102,5272,5067,205
22071012200,2078,1693,385
22071012300,1924,1637,287
22071012400,1719,1336,383
22071012500,1866,1656,210
22071012600,1820,1574,246
22071012700,2221,1916,305
22071012800,2336,2028,308
22071012900,1347,1176,171
22071013000,1569,1358,211
22071013100,1533,1190,343
22071013200,2476,2036,440
22071013301,3730,2902,828
22071013302,3609,3269,340
22071013400,4351,4165,186
22071013501,1194,1152,42
22071013502,1052,1014,38
22071013600,968,830,138
22071013701,1351,1081,270
22071013702,1638,811,827
22071013800,2732,1975,757
22071013900,1647,1443,204
22071014000,2122,1529,593
22071014101,1487,1128,359
22071014102,808,641,167
22071014200,1570,1366,204
22071014300,2147,1531,616
22071014400,1422,1198,224
22071014500,1628,1597,31
22073000100,5242,4162,1080
22073000200,5578,4259,1319
22073000401,2596,2237,359
22073000402,3058,2462,596
22073000500,3216,2426,790
22073000600,3420,2292,1128
22073000700,1863,1241,622
22073000900,1323,819,504
22073001100,3048,1870,1178
22073001400,1875,1399,476
22073001500,1590,1067,523
22073001700,3517,2809,708
22073005100,2401,1905,496
22073005201,3666,2749,917
22073005203,3248,2401,847
22073005204,5754,4287,1467
22073005303,2758,2011,747
22073005304,4248,3157,1091
22073005305,3451,2667,784
22073005306,2588,2136,452
22073005400,1999,1548,451
22073005500,3196,2432,764
22073005800,2810,2206,604
22073005900,2819,2117,702
22073010101,4657,3482,1175
22073010103,3228,2352,876
22073010104,2856,2075,781
22073010202,8215,6096,2119
22073010203,2355,1815,540
22073010204,3690,2793,897
22073010301,3500,2774,726
22073010302,4261,3048,1213
22073010401,5039,3849,1190
22073010402,5852,4350,1502
22073010502,4568,3505,1063
22073010503,1936,1430,506
22073010505,6064,4588,1476
22073010506,3545,2621,924
22073010604,1933,1504,429
22073010605,5236,4377,859
22073010606,1431,1172,259
22073010700,2460,1665,795
22073010800,1918,1524,394
22073010900,4204,3121,1083
22073011000,5115,3242,1873
22073011100,3041,2158,883
22075050100,1890,1559,331
22075050201,4285,3132,1153
22075050202,4616,3447,1169
22075050300,4736,3153,1583
22075050400,3422,2598,824
22075050500,1379,1056,323
22075050600,916,715,201
22075050700,1377,995,382
22075050800,894,679,215
22077951900,4984,3749,1235
22077952000,1823,1446,377
22077952100,4398,3515,883
22077952201,1321,1033,288
22077952202,2031,1702,329
22077952300,1869,1442,427
22077952400,4332,3363,969
22079010101,4399,3291,1108
22079010102,5685,4158,1527
22079010300,4952,3627,1325
22079010400,2827,2175,652
22079010501,2118,1691,427
22079010502,4317,2896,1421
22079010600,4675,3736,939
22079010701,3453,2710,743
22079010702,2009,1524,485
22079011000,2451,1751,700
22079011300,2461,1873,588
22079011501,3432,2599,833
22079011502,4331,3336,995
22079011600,2159,1660,499
22079011700,2124,1663,461
22079012000,1329,998,331
22079012100,2871,2182,689
22079012200,3593,2668,925
22079012301,6087,4647,1440
22079012302,3979,3198,781
22079012400,4120,3135,985
22079012500,5926,4532,1394
22079012600,2196,1794,402
22079012700,2810,1997,813
22079012800,884,715,169
22079012900,2178,1537,641
22079013000,2166,1691,475
22079013100,2711,2075,636
22079013201,6682,4895,1787
22079013202,2378,1776,602
22079013300,4762,3733,1029
22079013400,3652,2743,909
22079013501,3609,2714,895
22079013502,2246,1646,600
22079013600,2987,2265,722
22079013700,4807,3858,949
22079013800,4043,3106,937
22079013900,2289,1873,416
22079980000,325,324,1
22081960100,4073,3143,930
22081960300,3547,2571,976
22083970100,2813,2119,694
22083970200,2112,1660,452
22083970300,2892,2255,637
22083970400,3550,2850,700
22083970500,4628,3445,1183
22083970600,4048,3054,994
22085000100,2754,2073,681
22085000201,1391,1138,253
22085000202,2022,1590,432
22085000300,1868,1355,513
22085000400,4296,3176,1120
22085000500,3174,2408,766
22085000600,3580,2748,832
22085000701,1485,1282,203
22085000702,1585,1294,291
22087030103,4440,3345,1095
22087030104,1941,1487,454
22087030105,335,293,42
22087030203,2962,2287,675
22087030204,4499,3134,1365
22087030206,2143,1522,621
22087030207,3843,2688,1155
22087030208,3237,2221,1016
22087030209,3219,2428,791
22087030300,1508,1194,314
22087030400,1384,1132,252
22087030500,1807,1343,464
22087030601,1552,1000,552
22087030602,3124,2246,878
22087030603,1700,1091,609
22087030700,1664,1280,384
22087030800,4406,3084,1322
22089060100,2154,1566,588
22089062100,5416,4158,1258
22089062200,2359,1831,528
22089062301,6345,4678,1667
22089062302,4650,3599,1051
22089062400,1262,945,317
22089062500,2970,2305,665
22089062700,4231,3358,873
22089062800,5806,4126,1680
22089062900,2561,1999,562
22089063000,1290,1000,290
22089063100,8095,5856,2239
22089063200,5410,4120,1290
22091951100,3816,3050,766
22091951201,4279,3279,1000
22091951202,2825,2134,691
22093040100,3164,2482,682
22093040200,3190,2520,670
22093040300,3801,2766,1035
22093040400,2075,1558,517
22093040500,1933,1454,479
22093040600,2626,2000,626
22093040700,3403,2725,678
22095070100,2573,2045,528
22095070200,7255,5302,1953
22095070300,6123,4611,1512
22095070400,4305,3371,934
22095070500,6414,4732,1682
22095070600,2123,1660,463
22095070700,3424,2755,669
22095070800,1930,1517,413
22095070900,2785,2161,624
22095071000,2594,2014,580
22095071100,2951,2335,616
22097960100,1852,1402,450
22097960200,4232,3278,954
22097960300,3736,2821,915
22097960400,2086,1606,480
22097960500,5054,3821,1233
22097960601,4653,3559,1094
22097960602,1875,1435,440
22097960701,2303,1687,616
22097960702,3437,2546,891
22097960800,3868,2954,914
22097960901,1578,1194,384
22097960902,1991,1476,515
22097961000,2042,1547,495
22097961100,3160,2338,822
22097961200,6072,4347,1725
22097961301,2158,1448,710
22097961302,2810,2070,740
22097961401,1905,1520,385
22097961402,1299,934,365
22097961501,1785,1287,498
22097961502,2633,2009,624
22097961601,2009,1490,519
22097961602,1640,1155,485
22097961701,4643,3610,1033
22097961702,2691,2104,587
22097961801,5658,4127,1531
22097961802,2164,1640,524
22097961900,3206,2406,800
22099020101,2922,2309,613
22099020102,1926,1498,428
22099020201,5816,4373,1443
22099020202,1424,1058,366
22099020301,4657,3509,1148
22099020303,5271,3911,1360
22099020304,2743,2084,659
22099020401,5016,3858,1158
22099020402,1529,1179,350
22099020502,3684,2699,985
22099020503,2407,1802,605
22099020504,2855,2052,803
22099020601,2854,2180,674
22099020602,2917,2299,618
22099020800,2711,2135,576
22099020900,1667,1304,363
22099021000,1368,1154,214
22101040100,2565,1892,673
22101040200,4738,3624,1114
22101040300,2912,2197,715
22101040400,3690,2773,917
22101040500,4806,3546,1260
22101040600,4218,3255,963
22101040700,3633,2768,865
22101040800,4773,3461,1312
22101040900,2912,2260,652
22101041000,3678,2876,802
22101041100,1478,1186,292
22101041200,1546,1231,315
22101041300,1922,1455,467
22101041400,3142,2420,722
22101041500,1710,1336,374
22101041600,1683,1241,442
22103040103,4848,3772,1076
22103040105,5656,4274,1382
22103040106,4190,3340,850
22103040107,3555,2917,638
22103040108,2912,2284,628
22103040203,3919,3136,783
22103040204,6372,4741,1631
22103040205,4460,3649,811
22103040206,2557,2044,513
22103040304,6732,5138,1594
22103040306,5992,4721,1271
22103040307,4175,3082,1093
22103040308,6900,5000,1900
22103040309,11328,7464,3864
22103040401,8037,6147,1890
22103040402,2753,2178,575
22103040501,4035,3128,907
22103040502,4333,3309,1024
22103040601,4263,3467,796
22103040602,2618,2094,524
22103040606,4408,3314,1094
22103040607,3968,3015,953
22103040608,3248,2571,677
22103040609,5348,4251,1097
22103040705,7133,5298,1835
22103040706,6079,4691,1388
22103040708,6171,4745,1426
22103040709,4195,3226,969
22103040710,5733,4243,1490
22103040711,3960,2965,995
22103040712,4791,3655,1136
22103040713,4237,3218,1019
22103040714,1928,1515,413
22103040801,4915,3703,1212
22103040804,2691,2157,534
22103040805,4671,4058,613
22103040806,6945,5069,1876
22103040807,5249,3855,1394
22103040900,3535,2751,784
22103041002,2711,2181,530
22103041003,5738,4330,1408
22103041004,4517,3506,1011
22103041101,3886,2954,932
22103041103,3457,2565,892
22103041104,3188,2438,750
22103041105,5659,4320,1339
22103041106,1278,998,280
22103041202,2338,1982,356
22103041207,4472,3498,974
22103041208,4294,3136,1158
22103041209,5124,3962,1162
22103041210,2991,2163,828
22103041211,6567,4853,1714
22103041212,3738,2693,1045
22103041213,5582,4310,1272
22103041214,3451,2826,625
22103041301,3934,3067,867
22103041302,2805,2261,544
22105953200,2675,2020,655
22105953300,3786,2827,959
22105953401,2974,2266,708
22105953402,3044,2519,525
22105953501,4055,3098,957
22105953502,3458,2678,780
22105953601,2044,1495,549
22105953602,3485,2430,1055
22105953701,5775,4343,1432
22105953702,6441,4866,1575
22105953800,4820,3666,1154
22105953901,4703,3457,1246
22105953902,5135,3812,1323
22105954001,4214,3483,731
22105954003,3055,2326,729
22105954004,3276,2400,876
22105954103,4243,3208,1035
22105954104,1719,1308,411
22105954105,4987,3783,1204
22105954106,5811,4469,1342
22105954200,4683,4165,518
22105954300,3782,2760,1022
22105954400,3696,2935,761
22105954503,3850,2939,911
22105954504,2892,2165,727
22105954505,5699,4307,1392
22105954506,2059,1582,477
22105954601,8678,6468,2210
22105954602,7661,5676,1985
22105954700,4703,3670,1033
22105954800,5754,4370,1384
22107000100,1536,1205,331
22107000200,941,758,183
22107000300,1670,1272,398
22109000103,3947,3019,928
22109000104,2354,1787,567
22109000105,1131,858,273
22109000106,3545,2549,996
22109000201,3216,2464,752
22109000203,4891,3667,1224
22109000204,2674,1888,786
22109000300,3882,2987,895
22109000401,4768,3497,1271
22109000402,3726,2737,989
22109000501,2610,2070,540
22109000502,2912,2259,653
22109000601,2797,2082,715
22109000602,3092,2317,775
22109000701,2719,2046,673
22109000702,2767,1987,780
22109000800,6229,4684,1545
22109000901,2836,2173,663
22109000902,1980,1675,305
22109001001,2055,1530,525
22109001002,4463,3367,1096
22109001100,3000,2205,795
22109001201,2136,1634,502
22109001202,3515,2654,861
22109001301,3017,2186,831
22109001302,1325,1011,314
22109001303,2722,1986,736
22109001400,3147,2352,795
22109001501,2198,1621,577
22109001502,4751,3556,1195
22109001600,2916,2280,636
22109001701,1749,1344,405
22109001702,5347,4081,1266
22109001703,5163,3952,1211
22111960100,3728,2873,855
22111960200,3120,2484,636
22111960300,2790,2207,583
22111960400,3327,2551,776
22111960500,4631,3697,934
22111960600,3511,2820,691
22113950101,4233,3097,1136
22113950102,3030,2212,818
22113950103,3695,2643,1052
22113950201,2069,1568,501
22113950202,2345,1844,501
22113950400,5012,3806,1206
22113950500,5758,4389,1369
22113950600,3337,2496,841
22113950700,3300,2616,684
22113950800,4570,3291,1279
22113950901,2811,2204,607
22113950903,3338,2477,861
22113950904,4853,3603,1250
22113951001,4159,3095,1064
22113951002,3463,2612,851
22113951100,1386,1059,327
22115950100,5661,4436,1225
22115950200,4842,3754,1088
22115950301,3344,2517,827
22115950302,1247,911,336
22115950400,3213,2357,856
22115950501,2999,2268,731
22115950502,2429,1830,599
22115950600,3380,2682,698
22115950701,1655,1574,81
22115950702,3033,1806,1227
22115950703,2179,1779,400
22115950704,3502,2065,1437
22115950801,2609,1926,683
22115950802,1609,1217,392
22115950901,2546,1844,702
22115950902,4502,3295,1207
22117950101,3947,3335,612
22117950102,3997,3106,891
22117950201,3862,2865,997
22117950202,2486,1857,629
22117950300,4321,3198,1123
22117950400,3959,3046,913
22117950501,3182,2465,717
22117950502,2898,2241,657
22117950600,4502,3492,1010
22117950700,4882,3622,1260
22117950800,3291,2515,776
22117950900,989,786,203
22117951000,3147,2423,724
22119031100,1750,1382,368
22119031200,2387,1881,506
22119031300,4548,3517,1031
22119031400,2694,2090,604
22119031501,3034,2445,589
22119031502,2102,1677,425
22119031600,2909,2216,693
22119031700,2705,2074,631
22119031800,2668,2014,654
22119031900,2258,1830,428
22119032000,3346,2532,814
22119032101,2732,2110,622
22119032102,3834,2985,849
22121020100,3979,3136,843
22121020200,3337,2633,704
22121020301,3331,2550,781
22121020302,3169,2469,700
22121020401,5195,3839,1356
22121020402,8188,5899,2289
22123000100,4089,3138,951
22123000200,3580,2785,795
22123000300,2082,1609,473
22125951704,1332,1034,298
22125951705,1560,1184,376
22125951801,2023,1509,514
22125951802,1364,1044,320
22125951803,3403,2517,886
22125980000,5627,5495,132
22127960100,3521,2791,730
22127960201,3530,3056,474
22127960202,2217,1752,465
22127960300,2377,1803,574
22127960400,2110,1504,606
23001010100,1791,1448,343
23001010200,4924,4002,922
23001010300,2751,2068,683
23001010400,2142,1765,377
23001010500,2066,1616,450
23001010600,3206,2508,698
23001010700,3102,2510,592
23001010800,4079,3290,789
23001020100,1835,1362,473
23001020200,1324,1032,292
23001020301,2278,2134,144
23001020302,2383,1851,532
23001020303,2358,1717,641
23001020401,2337,1313,1024
23001020402,1501,1061,440
23001020500,3468,2765,703
23001020600,2818,2313,505
23001020700,5055,4186,869
23001020801,2830,2346,484
23001020802,4431,3486,945
23001020900,4503,3593,910
23001030100,5274,4282,992
23001030200,4437,3448,989
23001040000,4173,3241,932
23001041000,5906,4725,1181
23001041500,5873,4587,1286
23001042000,5817,4546,1271
23001043000,2127,1758,369
23001044000,3060,2334,726
23001045000,2262,1793,469
23001046000,4376,3494,882
23001046500,6652,5297,1355
23003950100,2567,2156,411
23003950200,2404,2000,404
23003950300,3867,3329,538
23003950400,1782,1492,290
23003950600,4067,3313,754
23003950700,2745,2305,440
23003950900,1871,1538,333
23003951000,3344,2686,658
23003951100,2750,2197,553
23003951200,2229,1808,421
23003951300,3057,2505,552
23003951400,2110,1698,412
23003951600,1526,1224,302
23003951700,4642,3607,1035
23003951800,3472,2709,763
23003951900,2766,2289,477
23003952000,2559,2079,480
23003952100,2482,2007,475
23003952300,2430,1935,495
23003952400,3857,2998,859
23003952500,2198,1747,451
23003952600,3146,2501,645
23003952700,2361,1908,453
23003952900,2873,2310,563
23005000100,2402,2113,289
23005000200,2416,2065,351
23005000300,3192,2991,201
23005000500,2469,2017,452
23005000600,3410,2929,481
23005001000,2825,2568,257
23005001100,2577,2356,221
23005001200,1397,1146,251
23005001300,3800,3327,473
23005001500,3518,3036,482
23005001700,4370,3636,734
23005001800,3746,3204,542
23005001900,4209,3512,697
23005002001,3568,2869,699
23005002002,2803,2366,437
23005002101,6237,4939,1298
23005002102,5481,4298,1183
23005002200,5267,4574,693
23005002300,3609,2963,646
23005002400,1346,1169,177
23005002501,3543,2894,649
23005002503,3936,2981,955
23005002504,4965,3877,1088
23005002600,4231,3528,703
23005002700,5175,4121,1054
23005002800,3202,2596,606
23005002901,4537,3678,859
23005002902,3255,2649,606
23005003001,3651,3033,618
23005003002,3410,2627,783
23005003100,3895,3240,655
23005003200,3418,2992,426
23005003300,3270,2617,653
23005003400,4804,3831,973
23005003500,4050,3506,544
23005003701,4251,3303,948
23005003702,5284,4136,1148
23005004001,3219,2472,747
23005004002,8171,6693,1478
23005004100,6946,5230,1716
23005004201,4353,3169,1184
23005004202,4516,3599,917
23005004401,5447,4099,1348
23005004402,3543,2740,803
23005004501,3443,2718,725
23005004502,5294,4258,1036
23005004600,4072,3097,975
23005004701,2154,1802,352
23005004702,6115,4912,1203
23005004802,4913,3846,1067
23005004803,6124,4932,1192
23005004804,4179,3357,822
23005004805,3218,2603,615
23005011100,4753,3807,946
23005011203,3608,3059,549
23005011204,3587,2935,652
23005011205,3091,2686,405
23005011206,4044,3564,480
23005011300,2673,2111,562
23005011500,7242,5762,1480
23005012001,1673,1344,329
23005012002,2863,2343,520
23005013001,1508,1225,283
23005013002,2138,1778,360
23005014001,2542,2049,493
23005014002,1383,1104,279
23005015000,2447,2059,388
23005016001,3243,2685,558
23005016002,2175,1787,388
23005016500,3431,2826,605
23005017002,3726,3214,512
23005017003,3470,2818,652
23005017004,3080,2458,622
23005017101,2118,1847,271
23005017102,2913,2548,365
23005017303,4889,4047,842
23005017305,5620,4517,1103
23005017306,5053,3813,1240
23005017307,2595,2098,497
23005017308,3978,3400,578
23007970101,2260,1934,326
23007970102,895,773,122
23007970601,1838,1549,289
23007970602,2022,1710,312
23007971000,3608,2941,667
23007971100,2786,2225,561
23007971201,3410,2737,673
23007971202,4182,3403,779
23007971300,3835,3050,785
23007971400,4620,3723,897
23009965100,1885,1588,297
23009965200,2321,1916,405
23009965300,4944,3988,956
23009965400,2728,2293,435
23009965503,3768,3071,697
23009965504,4660,3703,957
23009965700,3065,2515,550
23009965800,2164,1839,325
23009965900,5089,4357,732
23009966000,2146,1819,327
23009966100,1916,1584,332
23009966200,1928,1626,302
23009966300,4424,3633,791
23009966400,2456,2227,229
23009966500,2964,2496,468
23009966600,3250,2743,507
23009966700,5770,4762,1008
23011010100,4963,4072,891
23011010200,4108,3394,714
23011010300,3359,2824,535
23011010400,2216,1905,311
23011010500,4253,3421,832
23011010601,4618,3778,840
23011010602,2778,2240,538
23011010700,2570,2212,358
23011010801,2456,1999,457
23011010803,2995,2359,636
23011010804,3671,2921,750
23011010900,1694,1301,393
23011011000,4267,3412,855
23011012000,3586,2896,690
23011013000,4066,3291,775
23011014001,3734,2933,801
23011014002,2387,2015,372
23011014500,2289,1911,378
23011015000,2597,2082,515
23011015500,3447,2815,632
23011016000,3250,2699,551
23011017000,4645,3700,945
23011018000,4520,3602,918
23011019000,2632,2061,571
23011020000,4408,3499,909
23011020500,2042,1648,394
23011021000,3370,2655,715
23011022000,2715,2166,549
23011023001,3876,3123,753
23011023002,4072,3340,732
23011024101,4106,3208,898
23011024102,5092,4193,899
23011024201,3076,2514,562
23011024202,3554,3228,326
23011025001,4425,3536,889
23011025002,1805,1448,357
23013970200,5232,4418,814
23013970301,3109,2457,652
23013970302,3975,3273,702
23013970401,4865,4081,784
23013970402,2739,2234,505
23013970500,3644,2935,709
23013970600,2526,2127,399
23013970700,4410,3745,665
23013970800,3015,2536,479
23013970900,2594,2216,378
23013971000,2644,2144,500
23013971100,1854,1534,320
23015975100,5560,4456,1104
23015975200,5154,4154,1000
23015975300,4088,3407,681
23015975400,3746,3098,648
23015975500,6186,5126,1060
23015975600,3724,3208,516
23015975700,1127,1000,127
23015975800,3003,2633,370
23015976200,2649,2386,263
23017965100,1529,1322,207
23017965400,3220,2635,585
23017965500,2153,1770,383
23017965600,3705,2999,706
23017965700,3378,2751,627
23017965800,3685,2946,739
23017965900,2940,2413,527
23017966001,2126,1735,391
23017966002,1245,1025,220
23017966100,1766,1362,404
23017966200,5179,4153,1026
23017966300,3206,2483,723
23017966401,3999,3160,839
23017966402,2083,1687,396
23017966500,5077,4129,948
23017966600,3080,2550,530
23017966700,3369,2710,659
23017966800,2828,2278,550
23017966900,3209,2536,673
23019000200,3674,3256,418
23019000300,4428,3717,711
23019000400,2256,1859,397
23019000500,3646,3101,545
23019000600,2110,1846,264
23019000700,2631,2134,497
23019000900,6430,4859,1571
23019002000,7709,5926,1783
23019003000,3812,3087,725
23019004100,1762,1438,324
23019004200,2704,2168,536
23019004300,5206,4144,1062
23019005000,1814,1486,328
23019006100,4049,3723,326
23019006200,2879,2325,554
23019006300,4255,4107,148
23019007100,4801,3897,904
23019007200,2630,2160,470
23019008001,4601,3725,876
23019009000,6311,5176,1135
23019010000,6461,4961,1500
23019011000,2867,2252,615
23019012000,1595,1254,341
23019012500,2536,2040,496
23019013000,3133,2569,564
23019013500,2412,1946,466
23019014000,2221,1758,463
23019015000,3803,3088,715
23019015500,1989,1625,364
23019018000,2940,2262,678
23019020500,2600,2119,481
23019021500,1853,1530,323
23019022500,1800,1432,368
23019024500,2364,1909,455
23019025500,1537,1324,213
23019026500,1937,1596,341
23019027000,4853,3909,944
23019028000,1435,1162,273
23019028500,1223,1028,195
23019029000,1853,1525,328
23019030000,4114,3522,592
23019031000,1572,1316,256
23019031100,6578,5666,912
23019031200,4451,3535,916
23019031300,5994,4721,1273
23019940000,370,291,79
23021960301,1538,1372,166
23021960302,445,409,36
23021960400,1246,1063,183
23021960500,1654,1377,277
23021960600,2573,2122,451
23021960700,4422,3524,898
23021960800,3633,2947,686
23021960900,1289,1087,202
23023970100,3522,2850,672
23023970200,6183,4891,1292
23023970301,5192,4232,960
23023970302,4368,3557,811
23023970400,4603,3811,792
23023970500,5434,4474,960
23023970600,3332,2685,647
23023970700,4065,3438,627
23025965301,970,794,176
23025965302,1291,1148,143
23025965600,1839,1543,296
23025965700,2972,2412,560
23025965800,2809,2258,551
23025965900,1705,1368,337
23025966000,3908,3035,873
23025966100,3510,2768,742
23025966200,1844,1534,310
23025966300,2003,1718,285
23025966400,2291,1855,436
23025966500,4726,3897,829
23025966601,2036,1581,455
23025966602,2293,1866,427
23025966701,2444,1969,475
23025966702,1847,1471,376
23025966801,3381,2617,764
23025966802,3103,2543,560
23025966900,3278,2655,623
23025967000,2227,1855,372
23027041000,3817,3020,797
23027042000,6111,5078,1033
23027043000,6938,5771,1167
23027044000,4445,3641,804
23027045000,6112,4894,1218
23027046001,2281,1833,448
23027046002,5180,4213,967
23027047000,4723,3839,884
23029955100,2711,2154,557
23029955300,1464,1188,276
23029955400,1318,1034,284
23029955500,3079,2512,567
23029955600,2033,1652,381
23029955700,1288,1124,164
23029955800,2210,1830,380
23029955900,2690,2241,449
23029956100,2288,1829,459
23029956200,2790,2291,499
23029956300,2592,2166,426
23029956400,3021,2443,578
23029956500,3611,2940,671
23031005100,5524,4359,1165
23031005200,5418,4484,934
23031005301,3690,3025,665
23031005302,2935,2368,567
23031005400,2814,2356,458
23031006103,3017,2678,339
23031006104,2769,2496,273
23031006105,912,864,48
23031006106,2262,1985,277
23031020001,3473,2894,579
23031020002,4903,3947,956
23031021000,4745,3779,966
23031022000,3892,3051,841
23031022500,3299,2722,577
23031023000,3188,2502,686
23031023501,3717,3082,635
23031023502,3523,2913,610
23031024001,3860,2901,959
23031024002,4076,3271,805
23031024501,4525,3715,810
23031024502,2129,1709,420
23031025100,3933,3225,708
23031025203,2874,2419,455
23031025204,2253,1877,376
23031025205,3272,2677,595
23031025206,4498,3643,855
23031025300,3043,2568,475
23031025400,2679,2554,125
23031026000,4264,3467,797
23031027000,3629,3123,506
23031028001,3585,2810,775
23031028003,4486,3729,757
23031028004,3465,2960,505
23031029000,3073,2577,496
23031030101,2266,1804,462
23031030102,2240,1817,423
23031030201,4230,3338,892
23031030203,3508,2736,772
23031030204,2909,2171,738
23031030205,3104,2462,642
23031030300,3725,3096,629
23031031000,6469,5047,1422
23031032001,4840,3699,1141
23031032002,3110,2401,709
23031033000,4978,3936,1042
23031034002,6425,5119,1306
23031034003,1776,1608,168
23031034004,1752,1527,225
23031034005,1361,1244,117
23031034006,1577,1461,116
23031035001,3576,2740,836
23031035002,3891,3033,858
23031036002,6260,5055,1205
23031036003,3374,2892,482
23031036004,4089,3529,560
23031037000,6717,5513,1204
23031038001,6674,5684,990
23031038002,3396,2822,574
24001000100,3370,2770,600
24001000200,4097,3606,491
24001000500,2055,1753,302
24001000600,3081,2471,610
24001000700,3330,2543,787
24001000800,1902,1486,416
24001001000,2126,1704,422
24001001100,1431,1188,243
24001001200,2899,2373,526
24001001300,4990,4599,391
24001001401,3890,3201,689
24001001402,1439,1178,261
24001001502,1845,1519,326
24001001503,1716,1384,332
24001001600,1618,1313,305
24001001700,4300,3559,741
24001001800,3891,3330,561
24001001900,2514,1990,524
24001002000,5370,4296,1074
24001002100,3055,2427,628
24001002200,3684,2943,741
24001002300,5503,4406,1097
24003701101,4369,3378,991
24003701103,3690,2871,819
24003701104,4083,3220,863
24003701201,3864,3031,833
24003701202,4968,3783,1185
24003701301,4003,3069,934
24003701302,4035,3211,824
24003701400,3503,2737,766
24003702100,6854,5551,1303
24003702204,4465,3214,1251
24003702205,5881,4439,1442
24003702206,6651,4913,1738
24003702208,8244,5836,2408
24003702209,4400,3168,1232
24003702300,5799,4474,1325
24003702402,7373,6501,872
24003702500,6850,4943,1907
24003702601,5689,4348,1341
24003702602,5952,4788,1164
24003702702,4108,3406,702
24003702703,2503,2096,407
24003702704,2618,2342,276
24003706102,2337,1885,452
24003706103,1463,1369,94
24003706302,3354,2999,355
24003706303,2474,1918,556
24003706304,2249,2039,210
24003706402,3520,2790,730
24003706403,4104,3108,996
24003706404,2872,2085,787
24003706500,5511,4586,925
24003706600,5413,4049,1364
24003706700,621,418,203
24003707001,6060,4859,1201
24003707002,4660,3770,890
24003708001,3792,3059,733
24003708004,6203,4737,1466
24003730101,2311,1893,418
24003730102,12283,9317,2966
24003730204,7019,5475,1544
24003730205,2345,1856,489
24003730206,3398,2706,692
24003730300,3309,2615,694
24003730401,5469,4272,1197
24003730403,4085,3205,880
24003730404,2421,1862,559
24003730507,4274,3315,959
24003730508,2549,1963,586
24003730509,5076,3938,1138
24003730510,3554,2648,906
24003730511,1552,1205,347
24003730512,2245,1744,501
24003730513,1604,1223,381
24003730514,3091,2283,808
24003730601,7052,5155,1897
24003730603,3292,2488,804
24003730605,2877,2038,839
24003730606,5066,3729,1337
24003730701,2784,2128,656
24003730702,4662,3421,1241
24003730800,2435,1870,565
24003730901,2732,2026,706
24003730902,4022,3096,926
24003731002,3162,2418,744
24003731003,4444,3359,1085
24003731004,4524,3370,1154
24003731103,5974,4437,1537
24003731104,4557,3357,1200
24003731105,3504,2722,782
24003731106,4297,3270,1027
24003731107,3625,2651,974
24003731201,6619,4986,1633
24003731205,4283,3429,854
24003731206,3360,2633,727
24003731207,3323,2456,867
24003731208,3927,3114,813
24003731209,5587,4418,1169
24003731210,2130,1715,415
24003731303,6734,5423,1311
24003731306,6474,5097,1377
24003731307,6687,5076,1611
24003731308,3567,2877,690
24003731309,5345,4154,1191
24003731310,5272,4118,1154
24003731312,4837,3697,1140
24003731313,3255,2520,735
24003740103,9197,7187,2010
24003740104,9010,6781,2229
24003740105,4324,2942,1382
24003740106,3723,3122,601
24003740107,3732,3037,695
24003740108,5992,4876,1116
24003740203,6655,5051,1604
24003740204,4046,3119,927
24003740205,3557,2717,840
24003740303,4727,3656,1071
24003740304,6628,5373,1255
24003740305,10915,8094,2821
24003740400,3937,3937,0
24003740501,5764,4541,1223
24003740502,5331,4084,1247
24003740601,5432,3562,1870
24003740602,2975,1844,1131
24003740603,2785,2267,518
24003740701,6270,4892,1378
24003740703,5771,4177,1594
24003740704,6959,5451,1508
24003740800,4709,3707,1002
24003740900,7748,5796,1952
24003741000,2686,2083,603
24003750101,4780,3514,1266
24003750102,2753,1992,761
24003750201,3327,2557,770
24003750204,5338,4213,1125
24003750300,2761,2205,556
24003750400,4255,3414,841
24003750801,5827,4591,1236
24003750803,7293,5343,1950
24003750804,3971,3137,834
24003750900,3353,2735,618
24003751000,3997,3178,819
24003751102,4227,3486,741
24003751103,5766,4720,1046
24003751200,5321,4357,964
24003751400,4414,3629,785
24003751500,8062,5748,2314
24003751600,5392,4769,623
24003751700,3022,2376,646
24005400100,4638,4145,493
24005400200,2785,2115,670
24005400400,5987,4749,1238
24005400500,2863,2191,672
24005400600,3058,2310,748
24005400701,3037,2361,676
24005400702,2033,1484,549
24005400800,3098,2362,736
24005400900,2132,1584,548
24005401000,2325,1886,439
24005401101,6773,5224,1549
24005401102,955,831,124
24005401200,3138,2478,660
24005401301,3872,2950,922
24005401302,2565,2111,454
24005401400,1630,1259,371
24005401503,6732,5274,1458
24005401504,6272,5079,1193
24005401505,4111,3330,781
24005401506,5230,3842,1388
24005401507,6058,4445,1613
24005402201,3193,2691,502
24005402202,1593,1357,236
24005402302,5305,4076,1229
24005402303,6849,5365,1484
24005402304,3609,2888,721
24005402305,2055,1530,525
24005402306,4025,3074,951
24005402307,6364,4872,1492
24005402403,2028,1665,363
24005402404,5239,4055,1184
24005402405,3407,2699,708
24005402407,1433,1142,291
24005402408,2815,2140,675
24005402409,3831,2684,1147
24005402503,5104,3939,1165
24005402504,4458,3552,906
24005402505,3485,2681,804
24005402506,4276,3415,861
24005402510,5586,4467,1119
24005402511,4851,3741,1110
24005402602,2014,1645,369
24005402603,6049,4974,1075
24005402604,5988,4905,1083
24005403100,2413,1969,444
24005403201,3070,2518,552
24005403202,2278,1848,430
24005403300,2424,1950,474
24005403401,3356,2960,396
24005403402,5250,4214,1036
24005403500,5949,3813,2136
24005403601,4951,3799,1152
24005403602,5969,4270,1699
24005403702,5476,4189,1287
24005403703,2508,2214,294
24005403704,4578,3503,1075
24005403801,1678,1361,317
24005403802,2971,2330,641
24005403803,3652,3032,620
24005404101,7434,5832,1602
24005404102,5579,4381,1198
24005404201,5887,4423,1464
24005404202,8641,6598,2043
24005404402,6333,4919,1414
24005404403,5202,3942,1260
24005404404,4854,3857,997
24005404501,6815,5091,1724
24005404502,4064,3025,1039
24005404600,2620,2153,467
24005404800,2057,1691,366
24005404900,4681,3933,748
24005405000,4587,3678,909
24005406000,5762,4456,1306
24005407001,3327,2559,768
24005407002,5532,4351,1181
24005408100,6314,5009,1305
24005408200,1955,1559,396
24005408302,2873,2321,552
24005408303,3496,2717,779
24005408304,4732,4059,673
24005408400,1309,1177,132
24005408502,5765,4798,967
24005408503,3812,2840,972
24005408505,3973,3113,860
24005408506,4981,3826,1155
24005408507,6416,4894,1522
24005408601,4035,3130,905
24005408602,2162,1713,449
24005408702,2477,1929,548
24005408703,6350,5031,1319
24005408704,5851,4437,1414
24005408800,2452,1919,533
24005408900,2878,2331,547
24005410100,6095,4739,1356
24005410200,5175,3962,1213
24005411101,2206,1835,371
24005411102,3059,2527,532
24005411201,3262,2611,651
24005411202,3853,3091,762
24005411302,4675,3319,1356
24005411303,6415,5165,1250
24005411306,5906,4502,1404
24005411307,3730,2894,836
24005411308,4021,3117,904
24005411309,9486,7295,2191
24005411404,3738,2974,764
24005411406,4340,3543,797
24005411408,4041,3087,954
24005411409,5343,4110,1233
24005411410,4548,3601,947
24005411411,3655,2757,898
24005411412,3702,2565,1137
24005411413,2473,2379,94
24005420100,3468,2763,705
24005420200,3217,2536,681
24005420301,2251,1766,485
24005420302,2828,2043,785
24005420303,1319,1033,286
24005420401,6679,4745,1934
24005420402,2190,1673,517
24005420500,4054,3049,1005
24005420600,4835,3534,1301
24005420701,3313,2521,792
24005420702,2285,1797,488
24005420800,3633,2887,746
24005420900,3973,3069,904
24005421000,2138,1594,544
24005421101,3276,2561,715
24005421102,2646,2082,564
24005421200,1861,1479,382
24005430101,4898,3429,1469
24005430104,2842,2269,573
24005430200,3000,2284,716
24005430300,5998,4111,1887
24005430400,4398,3510,888
24005430600,2690,2181,509
24005430700,5116,4024,1092
24005430800,3749,2969,780
24005430900,5702,4291,1411
24005440100,4458,3588,870
24005440200,2689,2140,549
24005440300,2258,1804,454
24005440400,5440,4223,1217
24005440500,3382,2661,721
24005440600,2396,1922,474
24005440701,7268,5694,1574
24005440702,5178,4028,1150
24005440800,3348,2633,715
24005440900,3754,2976,778
24005441000,3794,2779,1015
24005441101,2462,1973,489
24005441102,4860,3942,918
24005450100,3988,3240,748
24005450200,3415,2701,714
24005450300,3659,2988,671
24005450400,2490,2030,460
24005450501,4107,3325,782
24005450503,5949,4123,1826
24005450504,5452,4070,1382
24005450800,4203,3342,861
24005450900,4335,3598,737
24005451000,1702,1487,215
24005451100,2386,1786,600
24005451200,3941,3246,695
24005451300,3637,2778,859
24005451401,4357,2912,1445
24005451402,5686,4035,1651
24005451500,4137,2926,1211
24005451600,1896,1647,249
24005451701,7200,5641,1559
24005451702,1870,1590,280
24005451801,5394,4289,1105
24005451802,4015,3399,616
24005451803,4653,3573,1080
24005451900,2764,2239,525
24005452000,2522,2047,475
24005452100,3651,2892,759
24005452300,3334,2407,927
24005452400,3315,2718,597
24005452500,4157,3131,1026
24005490100,4221,3357,864
24005490200,2984,2257,727
24005490302,3634,3248,386
24005490303,3675,3270,405
24005490304,4177,3666,511
24005490400,1878,1502,376
24005490500,3655,2861,794
24005490601,2248,1568,680
24005490602,3195,2348,847
24005490603,2399,1842,557
24005490605,6524,6421,103
24005490701,1512,1279,233
24005490703,3069,2478,591
24005490800,3249,2582,667
24005490900,4695,4107,588
24005491000,2441,1724,717
24005491100,3650,2625,1025
24005491201,1888,1532,356
24005491202,1850,1459,391
24005491300,3234,2641,593
24005491401,5135,3928,1207
24005491402,3125,2396,729
24005491500,4293,3371,922
24005491600,3345,2513,832
24005491701,4281,3432,849
24005491900,1983,1668,315
24005492001,1463,1179,284
24005492002,4012,3126,886
24005492101,3890,3067,823
24005492102,2091,1648,443
24005492200,4872,3852,1020
24005492300,4143,3086,1057
24005492401,3857,2929,928
24005492402,6685,5271,1414
24005492500,4383,4339,44
24005492600,3475,2665,810
24005492700,3156,2247,909
24009860103,6290,4830,1460
24009860200,6280,4747,1533
24009860300,4291,3296,995
24009860402,3958,2881,1077
24009860403,3456,2475,981
24009860404,6567,5109,1458
24009860501,7145,5242,1903
24009860502,2843,2242,601
24009860600,7126,5485,1641
24009860701,2877,2258,619
24009860702,3453,2559,894
24009860703,4042,3022,1020
24009860801,7092,5534,1558
24009860901,4739,4047,692
24009860902,2992,2272,720
24009861003,6517,5027,1490
24009861004,7201,5255,1946
24009861100,5914,4644,1270
24011955000,3368,2401,967
24011955100,5484,4173,1311
24011955201,3793,2940,853
24011955202,2124,1736,388
24011955301,4267,3229,1038
24011955302,3393,2537,856
24011955400,2039,1633,406
24011955500,3831,3010,821
24011955600,4994,3713,1281
24013501001,4579,3295,1284
24013501002,5279,4275,1004
24013502000,4137,3279,858
24013503000,5460,4387,1073
24013504100,5112,4047,1065
24013504201,6504,5142,1362
24013504202,6180,4930,1250
24013505101,4255,3191,1064
24013505102,5840,4453,1387
24013505203,3983,3228,755
24013505205,3649,2729,920
24013505206,3488,2750,738
24013505207,3927,2889,1038
24013505208,5138,4059,1079
24013506101,4732,3603,1129
24013506102,4445,3434,1011
24013506200,5454,4367,1087
24013507500,5379,4333,1046
24013507601,5148,3982,1166
24013507602,4286,3522,764
24013507702,3944,3194,750
24013507703,2838,2321,517
24013507704,6176,4552,1624
24013507801,5929,4653,1276
24013507802,4754,3759,995
24013508103,7778,5942,1836
24013508200,6928,5439,1489
24013509001,4710,3748,962
24013509002,2798,2299,499
24013510000,1326,1049,277
24013511000,3693,2945,748
24013512000,1526,1195,331
24013513001,5051,3885,1166
24013513002,5731,4198,1533
24013514100,3849,2950,899
24013514201,5371,4265,1106
24013514202,3514,2759,755
24015030100,4787,3823,964
24015030200,5289,4261,1028
24015030400,4956,3712,1244
24015030501,4282,3318,964
24015030503,5866,4532,1334
24015030505,3936,2948,988
24015030507,3702,2892,810
24015030508,4399,3351,1048
24015030601,3703,2955,748
24015030602,5168,4033,1135
24015030700,5345,4116,1229
24015030903,5607,4154,1453
24015030904,7103,5601,1502
24015030905,2703,2070,633
24015030907,4376,3476,900
24015030908,6239,4671,1568
24015031201,6125,4812,1313
24015031202,5610,4462,1148
24015031301,3378,2633,745
24015031302,7178,5480,1698
24015031400,3973,3165,808
24017850101,7030,5191,1839
24017850102,2374,1897,477
24017850201,972,739,233
24017850202,4647,3489,1158
24017850300,1956,1572,384
24017850400,3559,2830,729
24017850500,2775,2236,539
24017850600,4546,3627,919
24017850706,5638,4261,1377
24017850708,5281,3998,1283
24017850709,7566,5675,1891
24017850710,5578,4123,1455
24017850711,5739,4288,1451
24017850712,6117,4692,1425
24017850713,9599,7060,2539
24017850801,4548,3644,904
24017850802,5937,4289,1648
24017850901,5761,4125,1636
24017850902,5433,4198,1235
24017850904,13090,9638,3452
24017850905,4312,3258,1054
24017850906,4750,3569,1181
24017851001,3507,2831,676
24017851003,4438,3384,1054
24017851004,5953,4500,1453
24017851100,2849,2258,591
24017851200,4675,3634,1041
24017851301,4900,3675,1225
24017851302,4407,3486,921
24017851401,3218,2570,648
24017851402,3445,2732,713
24017851403,1847,1522,325
24017851501,4630,3602,1028
24017851502,5540,4074,1466
24019970100,2653,2125,528
24019970200,5666,4386,1280
24019970300,4577,3684,893
24019970400,3337,2810,527
24019970500,4106,2919,1187
24019970600,5232,3912,1320
24019970702,3862,3305,557
24019970804,1788,1485,303
24019970900,1310,1107,203
24021740200,5027,3743,1284
24021750100,1651,1378,273
24021750200,1686,1530,156
24021750300,1728,1459,269
24021750504,6012,4609,1403
24021750505,7660,5483,2177
24021750506,4321,3226,1095
24021750507,4271,3004,1267
24021750508,5056,3603,1453
24021750600,2756,2424,332
24021750701,5623,4199,1424
24021750702,3822,2970,852
24021750801,2883,2433,450
24021750802,6055,5016,1039
24021750804,2441,2020,421
24021750805,4914,3750,1164
24021751001,2076,1499,577
24021751002,5297,4123,1174
24021751003,5920,4583,1337
24021751004,5749,4512,1237
24021751201,5702,4244,1458
24021751202,6654,5201,1453
24021751203,2424,2002,422
24021751301,4752,3794,958
24021751302,3166,2570,596
24021751600,3023,2391,632
24021751701,2463,1946,517
24021751702,3782,3016,766
24021751801,5417,3841,1576
24021751802,3823,2962,861
24021751902,6005,4445,1560
24021751903,6485,5105,1380
24021751904,4606,3412,1194
24021751905,3755,2559,1196
24021751906,2521,1868,653
24021752001,4815,3770,1045
24021752101,3661,2799,862
24021752102,6881,5095,1786
24021752201,2399,1879,520
24021752202,4481,2927,1554
24021752205,3571,2361,1210
24021752206,5889,4064,1825
24021752301,7217,5183,2034
24021752302,4274,3335,939
24021752303,3606,2608,998
24021752501,5170,4130,1040
24021752502,2362,1948,414
24021752601,4481,3340,1141
24021752602,2729,2239,490
24021752603,4057,2956,1101
24021752801,2192,1756,436
24021752802,3654,2812,842
24021752900,3094,2493,601
24021753001,4527,3680,847
24021753002,2746,2156,590
24021765100,4288,3466,822
24021766800,5872,4830,1042
24021767500,2792,2305,487
24021767600,3170,2460,710
24021770700,3638,2949,689
24021772200,1566,1302,264
24021773500,4236,3151,1085
24021775302,5722,4187,1535
24021775400,3929,2993,936
24021775600,5172,3566,1606
24023000100,3980,3171,809
24023000200,3800,3061,739
24023000300,2486,2023,463
24023000400,2951,2369,582
24023000501,1426,1198,228
24023000502,2638,2276,362
24023000601,4165,3414,751
24023000602,1782,1441,341
24023000700,5578,4382,1196
24025301102,4169,3209,960
24025301105,3980,2972,1008
24025301106,4125,3182,943
24025301107,3961,3252,709
24025301108,3737,2919,818
24025301201,2033,1666,367
24025301202,7954,5838,2116
24025301204,4476,3366,1110
24025301205,4186,3253,933
24025301301,5009,4004,1005
24025301302,7700,5424,2276
24025301401,7709,6138,1571
24025301402,2823,2202,621
24025301601,6721,4534,2187
24025301602,7749,5917,1832
24025301703,5049,3927,1122
24025301704,3492,2704,788
24025301705,2755,2135,620
24025301706,3078,2278,800
24025301707,3644,2905,739
24025302100,2141,1757,384
24025302200,2972,2502,470
24025302400,4099,3163,936
24025302801,4436,3617,819
24025302802,4520,3644,876
24025302901,2887,1919,968
24025302902,4491,3522,969
24025303101,6361,4841,1520
24025303102,2864,2190,674
24025303201,5937,4531,1406
24025303203,3393,2679,714
24025303204,4552,3640,912
24025303205,1674,1222,452
24025303206,3975,2934,1041
24025303300,6834,5332,1502
24025303400,4910,3896,1014
24025303501,7526,5883,1643
24025303502,3539,2774,765
24025303602,3963,3013,950
24025303603,7131,5169,1962
24025303605,6338,4911,1427
24025303606,3269,2379,890
24025303700,3867,3120,747
24025303801,2737,2277,460
24025303802,2013,1689,324
24025303803,5292,4182,1110
24025303900,2383,1903,480
24025304101,4564,3635,929
24025304102,3875,3036,839
24025304201,6364,4966,1398
24025304202,6821,5451,1370
24025305100,7557,6080,1477
24025305200,2610,2129,481
24025305300,2069,1725,344
24025306100,3898,3221,677
24025306200,2174,1836,338
24025306300,3124,2537,587
24025306400,7563,5872,1691
24025306500,1851,1307,544
24027601103,6036,4479,1557
24027601104,6605,4700,1905
24027601105,5187,3954,1233
24027601107,5076,3709,1367
24027601108,3920,2928,992
24027601203,9282,7013,2269
24027601204,7744,5653,2091
24027601205,4932,3630,1302
24027601206,4353,3225,1128
24027602100,9126,6710,2416
24027602201,4114,2889,1225
24027602202,5730,4168,1562
24027602302,6876,5153,1723
24027602303,4287,3166,1121
24027602304,5126,3818,1308
24027602305,3998,3161,837
24027602306,5509,4148,1361
24027602600,8281,6274,2007
24027602700,5929,4378,1551
24027602800,6657,5008,1649
24027602900,4944,3672,1272
24027603001,6883,5328,1555
24027603003,4606,3518,1088
24027603004,7658,5868,1790
24027604001,6457,5010,1447
24027604003,4111,3198,913
24027604004,4442,3286,1156
24027605103,5462,4184,1278
24027605104,5969,4326,1643
24027605105,8129,5762,2367
24027605106,4690,3562,1128
24027605401,5263,4250,1013
24027605403,4304,3462,842
24027605404,4483,3985,498
24027605502,4032,3279,753
24027605503,6287,4803,1484
24027605504,2541,1910,631
24027605505,6140,4482,1658
24027605601,7494,5971,1523
24027605602,8185,6407,1778
24027606601,2923,2238,685
24027606603,7995,5973,2022
24027606604,4593,3496,1097
24027606606,5301,3948,1353
24027606607,4491,3432,1059
24027606701,2682,2100,582
24027606704,6606,5095,1511
24027606706,5431,4385,1046
24027606708,6328,4884,1444
24027606803,5794,4375,1419
24027606804,3229,2559,670
24027606805,5221,4031,1190
24027606807,2432,1779,653
24027606808,5700,4179,1521
24027606901,7291,5536,1755
24027606904,4495,3231,1264
24027606905,7553,5824,1729
24027606906,6857,4875,1982
24027606907,6547,4769,1778
24029950100,3529,2867,662
24029950200,4506,3694,812
24029950300,5983,5206,777
24029950400,2789,2398,391
24029950500,2391,1999,392
24031700101,4570,3611,959
24031700103,5492,4468,1024
24031700104,5486,4200,1286
24031700105,6406,4887,1519
24031700204,2103,1671,432
24031700206,5708,4369,1339
24031700207,5804,4224,1580
24031700208,2433,1860,573
24031700209,4451,3445,1006
24031700210,9416,6323,3093
24031700306,7833,5611,2222
24031700308,6221,4969,1252
24031700309,5807,4485,1322
24031700310,6962,5438,1524
24031700313,3713,2863,850
24031700314,3839,2982,857
24031700315,6324,4280,2044
24031700316,3851,2734,1117
24031700317,6673,4952,1721
24031700318,3290,2277,1013
24031700400,2352,1914,438
24031700500,7196,5390,1806
24031700604,6725,5236,1489
24031700606,4192,3226,966
24031700608,5800,4511,1289
24031700610,1938,1520,418
24031700611,5816,4291,1525
24031700613,6636,5132,1504
24031700614,5624,4346,1278
24031700615,2895,2153,742
24031700616,4573,3518,1055
24031700617,2546,1906,640
24031700618,5093,3891,1202
24031700706,4691,3396,1295
24031700710,6718,5142,1576
24031700711,6733,5301,1432
24031700713,6081,4270,1811
24031700715,6117,4562,1555
24031700718,5487,4772,715
24031700720,3150,2387,763
24031700721,3200,2462,738
24031700723,3756,3275,481
24031700724,3279,2330,949
24031700725,6270,4474,1796
24031700726,3149,2497,652
24031700727,1793,1368,425
24031700728,2043,1752,291
24031700729,2579,1938,641
24031700730,5343,4167,1176
24031700731,4261,3199,1062
24031700732,3361,2592,769
24031700733,5480,4362,1118
24031700810,5277,4045,1232
24031700811,5010,3720,1290
24031700812,4669,3641,1028
24031700813,6353,4896,1457
24031700815,8255,6166,2089
24031700818,6624,4694,1930
24031700819,6585,5057,1528
24031700820,3097,2212,885
24031700822,1771,1317,454
24031700823,3509,2613,896
24031700824,2872,2129,743
24031700826,5822,4467,1355
24031700828,2258,1821,437
24031700829,3498,2788,710
24031700830,2376,1814,562
24031700832,3206,2369,837
24031700833,4600,3366,1234
24031700834,5105,3876,1229
24031700835,4388,3492,896
24031700836,1521,1210,311
24031700837,7443,5416,2027
24031700838,4720,4133,587
24031700839,4931,4091,840
24031700901,5213,4552,661
24031700902,3816,3026,790
24031700903,2377,1730,647
24031700904,4141,3433,708
24031700905,4149,3077,1072
24031701001,5503,4281,1222
24031701002,4089,3272,817
24031701004,5301,3975,1326
24031701005,3281,2511,770
24031701006,5550,4266,1284
24031701007,3129,2466,663
24031701101,4705,3753,952
24031701102,6167,4945,1222
24031701201,6144,4814,1330
24031701202,2785,2119,666
24031701205,7090,5327,1763
24031701206,6579,4909,1670
24031701210,3977,2997,980
24031701211,6350,4940,1410
24031701212,2723,2170,553
24031701214,3718,3142,576
24031701215,4662,3949,713
24031701216,5986,5194,792
24031701218,3050,2694,356
24031701219,3879,3034,845
24031701220,3970,3087,883
24031701221,4491,3448,1043
24031701222,3784,3161,623
24031701223,3158,2645,513
24031701303,3789,2904,885
24031701304,6045,4582,1463
24031701306,3000,2314,686
24031701307,4598,3486,1112
24031701308,4234,3353,881
24031701312,6458,4864,1594
24031701313,3785,2869,916
24031701314,2885,2261,624
24031701315,4394,3366,1028
24031701316,6480,5095,1385
24031701317,4494,3447,1047
24031701407,5578,4484,1094
24031701408,6706,5336,1370
24031701409,4361,3602,759
24031701414,7592,5891,1701
24031701415,7916,6121,1795
24031701417,6168,4801,1367
24031701418,3524,2670,854
24031701422,2902,1967,935
24031701423,5118,3685,1433
24031701424,3464,2771,693
24031701425,3717,3078,639
24031701426,5398,4075,1323
24031701427,3468,2575,893
24031701503,7440,6013,1427
24031701505,7010,5418,1592
24031701506,5144,4155,989
24031701507,5133,4140,993
24031701508,4142,3028,1114
24031701509,7181,5138,2043
24031701601,2128,1557,571
24031701602,6790,4712,2078
24031701701,3524,2759,765
24031701702,2274,1766,508
24031701703,3719,2762,957
24031701704,3033,2256,777
24031701800,4869,3664,1205
24031701900,3395,2530,865
24031702000,5438,3853,1585
24031702101,6021,4467,1554
24031702102,3406,2437,969
24031702200,4361,3315,1046
24031702301,3551,2690,861
24031702302,4434,3229,1205
24031702401,2722,2090,632
24031702402,4665,3643,1022
24031702501,4116,3700,416
24031702502,1731,1556,175
24031702503,4014,3700,314
24031702602,4769,3863,906
24031702603,2186,1948,238
24031702604,2821,2559,262
24031702700,7380,5315,2065
24031702800,5264,4415,849
24031702900,5439,4288,1151
24031703000,1829,1382,447
24031703100,4481,3422,1059
24031703201,7546,5864,1682
24031703202,5780,4547,1233
24031703206,3951,3210,741
24031703207,5906,4193,1713
24031703208,5425,3835,1590
24031703209,6618,5157,1461
24031703210,3760,2840,920
24031703213,6321,4517,1804
24031703214,7345,5186,2159
24031703215,3357,2527,830
24031703216,3889,3487,402
24031703218,1963,1933,30
24031703219,3363,3327,36
24031703220,5055,4057,998
24031703221,4694,3664,1030
24031703222,4737,3622,1115
24031703223,6420,4947,1473
24031703301,5064,3814,1250
24031703302,4446,3412,1034
24031703401,5871,4437,1434
24031703402,4035,3123,912
24031703403,3970,3018,952
24031703404,3118,2374,744
24031703501,6694,5085,1609
24031703502,3108,2445,663
24031703601,4750,3731,1019
24031703602,2928,2197,731
24031703701,4053,3105,948
24031703702,4147,3221,926
24031703800,4126,3384,742
24031703901,3109,2301,808
24031703902,7469,5773,1696
24031704000,7285,5606,1679
24031704100,4844,3653,1191
24031704200,2122,1527,595
24031704300,4088,2908,1180
24031704401,3664,2773,891
24031704403,1622,1450,172
24031704404,5733,4405,1328
24031704501,3742,2769,973
24031704502,2786,2010,776
24031704503,4247,2901,1346
24031704600,5255,3867,1388
24031704700,3816,2983,833
24031704803,4318,3661,657
24031704804,1886,1689,197
24031704805,2679,2378,301
24031704806,4531,4053,478
24031705000,5311,4260,1051
24031705100,5665,4315,1350
24031705200,3344,2489,855
24031705300,2049,1495,554
24031705400,2904,2178,726
24031705501,2377,2008,369
24031705502,4097,3077,1020
24031705601,3057,2198,859
24031705602,4965,4482,483
24031705701,4652,3450,1202
24031705702,4565,3434,1131
24031705800,6489,4866,1623
24031705901,4501,3428,1073
24031705902,4402,3271,1131
24031705903,4616,3418,1198
24031706005,4664,3611,1053
24031706007,7270,5666,1604
24031706008,5301,4060,1241
24031706009,5569,4187,1382
24031706010,3147,2334,813
24031706011,5578,4264,1314
24031706012,3522,2888,634
24031706013,2980,2228,752
24033800102,3129,2599,530
24033800103,2454,1878,576
24033800105,4238,3202,1036
24033800106,3161,2421,740
24033800108,4351,3473,878
24033800109,3892,2895,997
24033800203,4883,3866,1017
24033800206,4272,3228,1044
24033800209,4788,3487,1301
24033800210,3689,2622,1067
24033800211,3008,2408,600
24033800212,6374,5314,1060
24033800213,4826,3906,920
24033800216,4392,3484,908
24033800217,4776,3550,1226
24033800218,5612,4238,1374
24033800401,2592,2086,506
24033800402,5205,4061,1144
24033800403,3952,3050,902
24033800408,7307,5703,1604
24033800409,6678,5320,1358
24033800410,7030,5796,1234
24033800411,4877,3797,1080
24033800412,4807,3550,1257
24033800413,4348,3274,1074
24033800504,4720,3794,926
24033800505,2737,2165,572
24033800507,3967,3205,762
24033800511,5222,4152,1070
24033800513,6950,5120,1830
24033800514,6586,4941,1645
24033800515,4336,3452,884
24033800516,3889,3148,741
24033800517,5622,4528,1094
24033800518,4176,3246,930
24033800519,3994,3149,845
24033800520,2440,1938,502
24033800521,7885,6356,1529
24033800522,3841,3020,821
24033800605,4867,3956,911
24033800606,4778,3835,943
24033800607,6200,4963,1237
24033800608,8212,6177,2035
24033800609,3655,2931,724
24033800701,8802,6903,1899
24033800704,5406,4181,1225
24033800705,4236,3349,887
24033800706,4011,3183,828
24033800707,3617,2933,684
24033800800,3446,2890,556
24033800900,1626,1324,302
24033801003,6009,4539,1470
24033801004,5725,4490,1235
24033801005,4217,3385,832
24033801006,3930,3096,834
24033801105,1367,1063,304
24033801106,1674,1123,551
24033801207,4722,3829,893
24033801208,4433,3492,941
24033801209,4523,3561,962
24033801210,4253,3462,791
24033801211,3253,2623,630
24033801212,3337,2705,632
24033801213,3888,3090,798
24033801214,4234,3381,853
24033801215,2860,2252,608
24033801216,3724,3031,693
24033801217,3927,3269,658
24033801302,2852,2324,528
24033801305,6143,5051,1092
24033801307,3755,3143,612
24033801308,3761,3036,725
24033801309,3605,3036,569
24033801310,7058,5606,1452
24033801311,8300,6485,1815
24033801312,3940,3198,742
24033801313,3229,2614,615
24033801404,6585,5507,1078
24033801405,4865,3683,1182
24033801406,3216,2582,634
24033801407,6575,5302,1273
24033801408,3329,2679,650
24033801409,2719,2153,566
24033801410,3416,2786,630
24033801411,3359,2706,653
24033801500,2680,2108,572
24033801600,3054,2262,792
24033801701,4441,3378,1063
24033801702,3984,2992,992
24033801704,5506,4319,1187
24033801707,6882,5036,1846
24033801709,5577,4332,1245
24033801801,2000,1543,457
24033801802,3896,3132,764
24033801807,4557,3665,892
24033801808,3761,2950,811
24033801809,4107,3430,677
24033801901,5125,4137,988
24033801904,3547,2738,809
24033801905,6771,5656,1115
24033801906,2352,1775,577
24033801907,3605,3044,561
24033801908,3781,2865,916
24033802001,5576,4231,1345
24033802002,3714,2895,819
24033802103,3202,2547,655
24033802104,2178,1792,386
24033802106,4576,3445,1131
24033802107,3976,2879,1097
24033802201,4215,3255,960
24033802203,4691,3737,954
24033802204,6185,4936,1249
24033802301,3688,2972,716
24033802404,4687,3402,1285
24033802405,3916,3119,797
24033802406,2450,1869,581
24033802407,3611,2982,629
24033802408,2320,1934,386
24033802501,3231,2576,655
24033802502,2318,1813,505
24033802600,3318,2552,766
24033802700,2675,2112,563
24033802803,5939,4615,1324
24033802804,5689,4357,1332
24033802805,5264,3984,1280
24033802901,4006,3111,895
24033803001,3119,2353,766
24033803002,2791,2159,632
24033803100,2688,2104,584
24033803200,2860,2233,627
24033803300,5004,3737,1267
24033803403,6119,4549,1570
24033803508,3971,2759,1212
24033803509,4175,2827,1348
24033803512,6711,5465,1246
24033803513,4894,3944,950
24033803514,5436,4590,846
24033803516,4887,3832,1055
24033803519,6212,4962,1250
24033803520,4351,3573,778
24033803521,7592,5895,1697
24033803524,4691,3561,1130
24033803525,2354,1809,545
24033803526,3496,2783,713
24033803527,3043,2433,610
24033803528,7396,5979,1417
24033803601,3663,2845,818
24033803602,2220,1595,625
24033803605,7464,5627,1837
24033803606,6167,4653,1514
24033803607,3672,2813,859
24033803608,6581,4834,1747
24033803610,3527,2677,850
24033803612,3834,2946,888
24033803613,6943,5129,1814
24033803700,2950,2095,855
24033803801,2872,2085,787
24033803803,6062,4329,1733
24033803900,4654,3282,1372
24033804001,5339,3945,1394
24033804002,4532,3262,1270
24033804101,3282,2435,847
24033804102,6888,5049,1839
24033804200,2980,2380,600
24033804300,3677,2739,938
24033804400,2922,2218,704
24033804600,3576,2793,783
24033804700,3537,2860,677
24033804801,2648,2073,575
24033804802,2970,2182,788
24033804900,3983,3228,755
24033805000,5906,4644,1262
24033805101,4031,2866,1165
24033805201,4254,3200,1054
24033805202,3865,2940,925
24033805500,3716,2763,953
24033805601,6373,4365,2008
24033805602,5555,3753,1802
24033805700,6610,4893,1717
24033805801,4745,3580,1165
24033805802,4387,3259,1128
24033805904,3717,2968,749
24033805906,3816,2743,1073
24033805907,3346,2509,837
24033805908,3492,2887,605
24033805909,5024,4036,988
24033806000,6345,4901,1444
24033806100,4574,3628,946
24033806400,3934,3263,671
24033806501,5316,3771,1545
24033806601,4939,3367,1572
24033806602,5814,4050,1764
24033806706,4083,3363,720
24033806708,4248,3550,698
24033806710,5256,4295,961
24033806711,4794,3586,1208
24033806712,3300,2591,709
24033806713,4036,2777,1259
24033806714,5649,4124,1525
24033806800,4183,3266,917
24033806900,4393,3475,918
24033807000,9219,8360,859
24033807102,2763,2250,513
24033807301,3693,2984,709
24033807304,2266,1790,476
24033807305,4075,3119,956
24033807404,5617,4368,1249
24033807405,6459,5168,1291
24033807407,6708,5292,1416
24033807408,5930,4762,1168
24033807409,4002,2924,1078
24033807410,5966,4846,1120
24033807500,7321,5613,1708
24033980000,15052,14733,319
24035810100,2943,2342,601
24035810200,2587,1951,636
24035810300,4795,3689,1106
24035810400,6418,4869,1549
24035810500,4807,3786,1021
24035810600,4830,3890,940
24035810700,4048,3084,964
24035810800,6212,4943,1269
24035810901,5614,4388,1226
24035810902,2910,2365,545
24035811000,4710,3801,909
24037875000,6323,4810,1513
24037875100,5371,4126,1245
24037875201,5614,4189,1425
24037875202,5919,4471,1448
24037875300,3263,2635,628
24037875400,6761,5256,1505
24037875501,7514,5303,2211
24037875502,5125,3582,1543
24037875601,2369,1753,616
24037875602,7113,5355,1758
24037875700,7442,5908,1534
24037875803,5609,4294,1315
24037875903,2619,1996,623
24037875904,5216,3790,1426
24037875905,2738,2112,626
24037875906,5081,3868,1213
24037876001,5506,4077,1429
24037876003,3434,2517,917
24037876004,6350,4699,1651
24037876101,4781,3862,919
24037876102,3135,2344,791
24037876200,6494,5423,1071
24039930101,6345,4929,1416
24039930102,3977,3271,706
24039930200,1576,1347,229
24039930500,4177,3379,798
24039930600,2805,2132,673
24039930800,5740,5323,417
24041960100,4065,3259,806
24041960201,4375,3704,671
24041960300,3690,2911,779
24041960400,5603,4426,1177
24041960501,4640,3639,1001
24041960502,3927,3224,703
24041960600,1805,1567,238
24041960700,3443,2946,497
24041960800,1846,1598,248
24041960900,4132,3408,724
24043000100,3513,2736,777
24043000200,4097,3284,813
24043000301,3617,2840,777
24043000302,2805,1975,830
24043000400,2198,1694,504
24043000500,5941,4360,1581
24043000601,3109,2347,762
24043000602,3455,2864,591
24043000700,3041,2261,780
24043000800,3481,2742,739
24043000900,3650,2636,1014
24043001001,4961,3772,1189
24043001002,4075,3138,937
24043010100,1088,839,249
24043010200,4424,3504,920
24043010300,7916,6068,1848
24043010401,4785,3641,1144
24043010402,6075,4572,1503
24043010600,5058,4001,1057
24043010700,3370,2724,646
24043010802,2639,2120,519
24043010803,4514,3552,962
24043010901,6495,4849,1646
24043010902,3247,2627,620
24043011000,5360,5334,26
24043011100,6299,5079,1220
24043011202,4658,3555,1103
24043011203,5672,4321,1351
24043011204,3775,3021,754
24043011301,5118,3886,1232
24043011302,3839,3137,702
24043011400,6024,4773,1251
24043011501,4354,3339,1015
24043011502,3598,2862,736
24043011600,2722,2200,522
24043011700,5732,4490,1242
24045000100,6002,4415,1587
24045000200,1942,1556,386
24045000300,1283,939,344
24045000400,4244,3382,862
24045000500,3217,2261,956
24045010101,7349,5618,1731
24045010102,3438,2795,643
24045010200,6509,4886,1623
24045010300,8338,6329,2009
24045010400,7600,6331,1269
24045010501,5195,3993,1202
24045010503,3459,2888,571
24045010504,4839,3819,1020
24045010603,8052,6492,1560
24045010604,5230,4070,1160
24045010605,4272,3387,885
24045010606,4240,3426,814
24045010701,3982,3005,977
24045010703,4260,3269,991
24045010704,4304,3378,926
24045010800,5833,4705,1128
24047950000,1917,1696,221
24047950100,1845,1678,167
24047950300,3156,2897,259
24047950400,3394,2727,667
24047950600,3122,2672,450
24047950700,2495,2113,382
24047950800,5454,4432,1022
24047950900,2351,1905,446
24047951000,4584,3461,1123
24047951101,3569,3094,475
24047951102,3275,2827,448
24047951200,3088,2501,587
24047951300,2681,2133,548
24047951400,3129,2540,589
24047951500,4995,3723,1272
24047951700,3405,2925,480
24510010100,3197,2949,248
24510010200,3113,2739,374
24510010300,2316,2091,225
24510010400,2726,2483,243
24510010500,1790,1561,229
24510020100,1888,1687,201
24510020200,2181,1858,323
24510020300,4779,4478,301
24510030100,2083,1512,571
24510030200,2944,2585,359
24510040100,6821,6443,378
24510040200,1107,1079,28
24510060100,2872,2217,655
24510060200,3266,2532,734
24510060300,1985,1577,408
24510060400,1903,1607,296
24510070100,2263,1664,599
24510070200,2948,2137,811
24510070300,882,714,168
24510070400,1548,1234,314
24510080101,3336,2562,774
24510080102,1902,1395,507
24510080200,1154,897,257
24510080301,1549,1159,390
24510080302,2576,2034,542
24510080400,966,718,248
24510080500,1332,1026,306
24510080600,1751,1419,332
24510080700,865,676,189
24510080800,1902,1336,566
24510090100,3661,3010,651
24510090200,2763,2289,474
24510090300,3963,3355,608
24510090400,1500,1126,374
24510090500,1685,1307,378
24510090600,2555,1979,576
24510090700,2479,1905,574
24510090800,2359,1799,560
24510090900,2405,1767,638
24510100100,1934,1562,372
24510100200,2715,2024,691
24510100300,2085,2027,58
24510110100,3484,3340,144
24510110200,6288,6067,221
24510120100,4880,4412,468
24510120201,1946,1712,234
24510120202,6416,6224,192
24510120300,3759,3248,511
24510120400,1928,1510,418
24510120500,2293,1999,294
24510120600,2895,2704,191
24510120700,2678,2393,285
24510130100,2620,2172,448
24510130200,2000,1657,343
24510130300,1828,1439,389
24510130400,1624,1298,326
24510130600,3770,3371,399
24510130700,5252,4734,518
24510130803,2791,2379,412
24510130804,1986,1737,249
24510130805,1108,956,152
24510130806,1256,1090,166
24510140100,5034,4628,406
24510140200,2256,1574,682
24510140300,2047,1613,434
24510150100,2404,1791,613
24510150200,1838,1434,404
24510150300,1683,1293,390
24510150400,3249,2730,519
24510150500,1460,1190,270
24510150600,2918,2253,665
24510150701,1668,1300,368
24510150702,2261,1739,522
24510150800,4230,3380,850
24510150900,3075,2443,632
24510151000,4634,3660,974
24510151100,5807,4729,1078
24510151200,3340,2672,668
24510151300,3575,2789,786
24510160100,1746,1420,326
24510160200,1892,1446,446
24510160300,1039,864,175
24510160400,1612,1274,338
24510160500,3665,2860,805
24510160600,2557,1966,591
24510160700,4276,3197,1079
24510160801,3020,2377,643
24510160802,2617,1965,652
24510170100,1520,1274,246
24510170200,2917,2194,723
24510170300,1696,1312,384
24510180300,1777,1443,334
24510190100,1626,1260,366
24510190200,1706,1301,405
24510190300,1852,1385,467
24510200100,1427,1110,317
24510200200,2126,1665,461
24510200300,1073,781,292
24510200400,1125,858,267
24510200500,2254,1630,624
24510200600,2325,1769,556
24510200701,3910,3096,814
24510200702,1038,836,202
24510200800,1987,1525,462
24510210100,2177,1866,311
24510210200,3012,2437,575
24510220100,5008,4654,354
24510230100,2424,2134,290
24510230200,2172,1996,176
24510230300,1617,1519,98
24510240100,3868,3373,495
24510240200,3269,2986,283
24510240300,2251,2013,238
24510240400,2723,2385,338
24510250101,3874,2964,910
24510250102,2860,2183,677
24510250103,3770,3163,607
24510250203,1640,1242,398
24510250204,3853,2319,1534
24510250205,4983,3481,1502
24510250206,2671,2088,583
24510250207,2003,1500,503
24510250301,2048,1448,600
24510250303,2116,1651,465
24510250401,3597,2593,1004
24510250402,4717,3068,1649
24510250500,5142,3844,1298
24510260101,4671,3634,1037
24510260102,4823,3841,982
24510260201,4944,3868,1076
24510260202,5438,4245,1193
24510260203,2579,1897,682
24510260301,4061,3030,1031
24510260302,5786,4511,1275
24510260303,1305,931,374
24510260401,3528,2506,1022
24510260402,2627,1930,697
24510260403,1604,1201,403
24510260404,2256,1568,688
24510260501,5925,4323,1602
24510260604,1692,1126,566
24510260605,5080,3843,1237
24510260700,3321,2587,734
24510260800,2931,2174,757
24510260900,3740,3388,352
24510261000,3084,2301,783
24510261100,2149,1903,246
24510270101,1586,1251,335
24510270102,3651,2867,784
24510270200,1650,1341,309
24510270301,2931,2390,541
24510270302,1506,1193,313
24510270401,4870,3821,1049
24510270402,3113,2469,644
24510270501,4249,3405,844
24510270502,4408,3493,915
24510270600,4509,3602,907
24510270701,2693,2006,687
24510270702,2261,1801,460
24510270703,2738,2212,526
24510270801,3817,2990,827
24510270802,4647,3688,959
24510270803,5697,4690,1007
24510270804,2654,2251,403
24510270805,4565,3651,914
24510270901,3808,3036,772
24510270902,3794,3130,664
24510270903,4168,3709,459
24510271001,2033,1611,422
24510271002,3899,2919,980
24510271101,2578,2316,262
24510271102,4047,3779,268
24510271200,6121,4696,1425
24510271300,2660,2120,540
24510271400,3740,3034,706
24510271501,4682,3631,1051
24510271503,883,837,46
24510271600,3745,2876,869
24510271700,4523,3693,830
24510271801,2654,2219,435
24510271802,2199,1709,490
24510271900,3473,2862,611
24510272003,5990,4146,1844
24510272004,3772,2851,921
24510272005,3451,2483,968
24510272006,3761,2890,871
24510272007,4336,3238,1098
24510280101,2927,2367,560
24510280102,5421,4463,958
24510280200,3965,3219,746
24510280301,3672,2873,799
24510280302,2121,1678,443
24510280401,3393,2772,621
24510280402,1456,1168,288
24510280403,4816,3884,932
24510280404,2708,2149,559
24510280500,1941,1417,524
24510280600,2951,2087,864
25001010100,3664,3489,175
25001010206,3566,3172,394
25001010208,2454,2206,248
25001010304,2672,2399,273
25001010306,3080,2701,379
25001010400,3345,2975,370
25001010500,2962,2691,271
25001010600,3134,2870,264
25001010700,3460,3114,346
25001010800,4919,4260,659
25001010900,5399,4626,773
25001011002,4604,3924,680
25001011100,5075,4326,749
25001011200,3761,3334,427
25001011300,2569,2336,233
25001011400,3052,2772,280
25001011500,4132,3545,587
25001011600,3003,2626,377
25001011700,1918,1775,143
25001011801,2443,2284,159
25001011802,4460,3770,690
25001012001,5978,5202,776
25001012002,3265,2755,510
25001012101,5608,4566,1042
25001012102,3269,2868,401
25001012200,5055,4299,756
25001012502,3709,3043,666
25001012601,3298,2657,641
25001012602,5668,4564,1104
25001012700,4642,4059,583
25001012800,4120,3464,656
25001012900,4373,3568,805
25001013002,2988,2662,326
25001013100,5969,4982,987
25001013200,5137,4396,741
25001013300,3275,2913,362
25001013400,3893,3240,653
25001013500,6884,5527,1357
25001013600,6203,4848,1355
25001013700,5435,4791,644
25001013800,5054,4182,872
25001013900,4890,4270,620
25001014002,4284,3708,576
25001014100,797,584,213
25001014300,4593,3981,612
25001014402,7201,5949,1252
25001014500,5481,4568,913
25001014600,4378,3712,666
25001014700,3646,3173,473
25001014800,3591,3249,342
25001014900,3627,3319,308
25001015001,4449,3601,848
25001015002,4147,3605,542
25001015100,4193,3608,585
25001015200,2267,2040,227
25001015300,3957,3136,821
25003900100,3406,2797,609
25003900200,4260,3251,1009
25003900300,2848,2258,590
25003900400,4742,3813,929
25003900500,3266,2772,494
25003900600,4190,3146,1044
25003900700,2820,2300,520
25003900800,4781,3923,858
25003900900,5131,4134,997
25003901100,3533,3051,482
25003911100,3038,2479,559
25003912100,6330,5102,1228
25003913100,5095,4354,741
25003914100,5788,4903,885
25003920101,4501,3826,675
25003920102,3012,2687,325
25003921300,4836,4110,726
25003921400,1462,1238,224
25003921500,2935,2339,596
25003922100,2629,2100,529
25003922200,3515,2896,619
25003922300,2022,1644,378
25003923100,3258,2685,573
25003924100,2018,1802,216
25003925101,1674,1333,341
25003925102,5498,4543,955
25003926100,3327,2796,531
25003931100,1657,1346,311
25003931300,1339,1157,182
25003931400,1645,1411,234
25003932200,2425,2042,383
25003932300,1919,1625,294
25003933200,1522,1325,197
25003933300,1528,1289,239
25003933400,2623,2270,353
25003934200,1343,1137,206
25003934300,2018,1747,271
25003935100,2414,2085,329
25003935200,4950,4005,945
25003935300,3728,3047,681
25005600100,4030,3231,799
25005600202,4814,3925,889
25005600203,6386,4985,1401
25005600204,4095,3203,892
25005610100,5359,4353,1006
25005610202,5660,4272,1388
25005610203,6818,5337,1481
25005610204,6023,4623,1400
25005611101,5112,4040,1072
25005611102,4977,4360,617
25005611201,2989,2364,625
25005611202,6124,5061,1063
25005612100,4716,3788,928
25005612201,3886,2981,905
25005612202,6540,5124,1416
25005613100,6712,5604,1108
25005613300,7555,6149,1406
25005613400,3873,3031,842
25005613600,4178,3256,922
25005613700,4566,3771,795
25005613800,4893,3883,1010
25005613901,2925,2296,629
25005613902,5763,4528,1235
25005614000,4612,3414,1198
25005614101,7093,5554,1539
25005614102,7238,5768,1470
25005615100,8101,6242,1859
25005616100,6764,5266,1498
25005617101,4910,3849,1061
25005617102,4296,3450,846
25005630101,3256,2643,613
25005630102,4666,3848,818
25005630201,3048,2441,607
25005630202,5336,3982,1354
25005630301,6292,4778,1514
25005630302,2866,2248,618
25005630400,5370,4279,1091
25005631101,3146,2622,524
25005631102,5399,4301,1098
25005631200,7552,5937,1615
25005631300,5557,4420,1137
25005631400,2889,2293,596
25005631500,2888,2382,506
25005631600,4044,3136,908
25005631700,6972,5508,1464
25005631800,8014,6509,1505
25005632100,6854,5494,1360
25005632200,8677,6885,1792
25005633100,5880,4658,1222
25005633200,6622,5311,1311
25005640100,5888,4486,1402
25005640201,2631,2057,574
25005640202,3844,3092,752
25005640300,4050,3010,1040
25005640400,2889,2306,583
25005640500,5454,4328,1126
25005640600,4891,3771,1120
25005640700,2914,2390,524
25005640800,3840,2979,861
25005640901,5472,4119,1353
25005641000,2407,1918,489
25005641101,1903,1527,376
25005641200,2978,2296,682
25005641300,5544,4090,1454
25005641400,3331,2548,783
25005641500,2463,1961,502
25005641600,2336,1892,444
25005641700,5230,4298,932
25005641800,2072,1674,398
25005641900,2431,1987,444
25005642000,3484,2712,772
25005642100,4351,3631,720
25005642200,3858,3060,798
25005642300,2117,1791,326
25005642400,2878,2454,424
25005642500,4744,4014,730
25005644101,5999,4865,1134
25005644102,5032,4025,1007
25005644200,7272,5952,1320
25005645101,5124,4234,890
25005645102,6057,4803,1254
25005645103,5963,4945,1018
25005646101,7837,6456,1381
25005646103,5829,4870,959
25005646104,2673,2397,276
25005650101,5539,4633,906
25005650102,5120,3945,1175
25005650201,3169,2577,592
25005650202,2187,1759,428
25005650300,3461,2846,615
25005650400,4281,3248,1033
25005650500,3405,2586,819
25005650600,3173,2389,784
25005650700,3034,2193,841
25005650800,3811,2860,951
25005650900,3140,2186,954
25005651001,3024,2555,469
25005651002,3866,2993,873
25005651100,4522,3313,1209
25005651200,2459,1880,579
25005651300,2186,1831,355
25005651400,3367,2657,710
25005651500,3280,2383,897
25005651600,3936,3149,787
25005651700,2201,1763,438
25005651800,2065,1843,222
25005651900,2167,1613,554
25005652000,2868,2272,596
25005652100,2764,2247,517
25005652200,2917,2394,523
25005652300,2930,2216,714
25005652400,2745,2150,595
25005652500,3011,2143,868
25005652600,3209,2203,1006
25005652700,3927,2932,995
25005652800,3315,2723,592
25005653101,7131,5779,1352
25005653102,5250,4362,888
25005653203,5096,4176,920
25005653204,3373,2708,665
25005653301,5177,4406,771
25005653304,3281,2766,515
25005654100,7207,5817,1390
25005654200,3352,2738,614
25005655100,4267,3453,814
25005655200,4488,3713,775
25005655300,3341,2769,572
25005655400,3828,3301,527
25005985500,4475,4220,255
25005985600,5733,4865,868
25007200100,4815,4038,777
25007200200,5341,4482,859
25007200300,5168,4321,847
25007200400,5276,4440,836
25009201100,3334,2919,415
25009202101,2255,1783,472
25009202103,1735,1350,385
25009202104,4941,4022,919
25009202200,6188,4763,1425
25009203100,7232,5458,1774
25009203200,4668,3583,1085
25009203301,4098,3325,773
25009203302,4443,3629,814
25009204101,4664,3900,764
25009204102,5708,4993,715
25009204200,5236,4518,718
25009204300,4076,3204,872
25009204400,3489,3096,393
25009204500,3537,3142,395
25009204600,5369,4461,908
25009204701,6185,4991,1194
25009204702,6208,5010,1198
25009205100,6128,4854,1274
25009205200,5925,4561,1364
25009205300,4807,3780,1027
25009205400,4874,3968,906
25009205500,5500,3935,1565
25009205600,4422,3459,963
25009205700,5072,3927,1145
25009205800,3725,2678,1047
25009205900,4798,3491,1307
25009206000,3704,2590,1114
25009206100,4199,3006,1193
25009206200,5879,4013,1866
25009206300,4214,2995,1219
25009206400,6060,4483,1577
25009206500,3747,2747,1000
25009206600,5116,4056,1060
25009206700,4564,3708,856
25009206800,4425,3409,1016
25009206900,4995,4004,991
25009207000,2289,1796,493
25009207100,3807,2638,1169
25009207200,3003,2211,792
25009208101,5402,4362,1040
25009208102,3542,2858,684
25009208200,5530,4587,943
25009208301,2678,2203,475
25009208302,4985,4094,891
25009208401,2968,2570,398
25009208402,3514,2954,560
25009209100,7176,5496,1680
25009209200,5824,4333,1491
25009210100,6880,5718,1162
25009210200,5308,4580,728
25009210301,5176,4740,436
25009210302,4918,4041,877
25009210401,3235,2547,688
25009210402,4133,3356,777
25009210500,6946,5627,1319
25009210600,4424,3508,916
25009210700,4446,3507,939
25009210800,4951,4006,945
25009210900,4064,3325,739
25009211100,4033,3330,703
25009211201,2605,2119,486
25009211202,3830,3105,725
25009211300,6916,5454,1462
25009211401,4261,3489,772
25009211402,6442,5198,1244
25009212101,5047,4229,818
25009212102,4732,3748,984
25009213100,8203,6159,2044
25009214100,6569,5026,1543
25009215101,4622,3462,1160
25009215102,2939,2222,717
25009216100,4979,3996,983
25009217101,4797,3771,1026
25009217102,3029,2470,559
25009217201,4237,3388,849
25009217202,3586,2887,699
25009217300,5281,4009,1272
25009217401,2423,2122,301
25009217402,3409,3006,403
25009217500,6420,5279,1141
25009217601,4732,3806,926
25009217602,4756,4367,389
25009218100,5395,4212,1183
25009220101,4014,3494,520
25009220102,2978,2559,419
25009221100,4348,3667,681
25009221300,4406,3886,520
25009221400,3415,2831,584
25009221500,3117,2644,473
25009221600,2641,1988,653
25009221700,2878,2368,510
25009221800,1773,1552,221
25009221901,3490,2972,518
25009221902,3661,3070,591
25009222100,3675,2858,817
25009223100,4149,3527,622
25009223200,3747,3099,648
25009223300,5889,4822,1067
25009250100,3753,3027,726
25009250200,6764,4983,1781
25009250300,2905,2016,889
25009250400,4070,2926,1144
25009250500,4357,3050,1307
25009250600,6250,4567,1683
25009250700,5574,4015,1559
25009250800,9069,6839,2230
25009250900,2255,1655,600
25009251000,1895,1362,533
25009251100,3018,2418,600
25009251200,1474,1106,368
25009251300,3893,2776,1117
25009251400,5520,3988,1532
25009251500,7275,5324,1951
25009251600,7164,5166,1998
25009251700,5809,4291,1518
25009251800,8098,6272,1826
25009252101,4114,3272,842
25009252102,4418,3590,828
25009252201,3522,2760,762
25009252202,3280,2625,655
25009252300,7496,5846,1650
25009252400,4854,3575,1279
25009252501,4319,3306,1013
25009252502,5046,4032,1014
25009252601,7400,5942,1458
25009252602,5469,4445,1024
25009252603,3141,2489,652
25009253100,6001,4644,1357
25009253201,3154,2439,715
25009253202,6861,5643,1218
25009253203,4166,3296,870
25009253204,6379,4743,1636
25009253205,4354,3206,1148
25009254100,6602,5151,1451
25009254200,5475,4606,869
25009254301,4274,3185,1089
25009254302,4661,3511,1150
25009254401,3674,2741,933
25009254402,7992,6002,1990
25009254403,3891,2916,975
25009260100,6149,4811,1338
25009260200,3623,2954,669
25009260301,4722,3825,897
25009260302,3254,2724,530
25009260401,4169,3464,705
25009260402,7000,5577,1423
25009260500,4142,3334,808
25009260600,3702,2847,855
25009260700,4882,3815,1067
25009260800,6132,4387,1745
25009260900,5434,4241,1193
25009261000,4400,3385,1015
25009261101,5028,4078,950
25009261102,5150,4078,1072
25009262100,6723,5456,1267
25009263100,4500,3541,959
25009264100,6752,5384,1368
25009265101,3848,3004,844
25009265102,4622,3556,1066
25009266100,4742,3839,903
25009266200,5469,4428,1041
25009266300,3780,3156,624
25009266400,3375,2723,652
25009267102,5051,4198,853
25009267103,1730,1576,154
25009267104,2455,2158,297
25009268100,2602,1959,643
25009268200,6940,5445,1495
25009268300,4371,3775,596
25009268400,4376,3744,632
25009269100,6716,5617,1099
25009270100,6161,4958,1203
25011040100,4409,3649,760
25011040200,4387,3640,747
25011040300,2866,2366,500
25011040400,3369,2759,610
25011040501,3899,3080,819
25011040502,3670,2993,677
25011040600,4565,3818,747
25011040701,4286,3438,848
25011040702,4294,3611,683
25011040800,5270,4547,723
25011040900,5090,4200,890
25011041000,3483,2766,717
25011041100,3723,3105,618
25011041200,3017,2470,547
25011041301,2587,2192,395
25011041302,2016,1766,250
25011041400,2942,2335,607
25011041501,3456,2898,558
25011041502,3700,3166,534
25013800101,4089,3002,1087
25013800102,4438,3120,1318
25013800201,6577,5151,1426
25013800202,1435,1112,323
25013800300,4921,3848,1073
25013800400,6632,4905,1727
25013800500,3541,2589,952
25013800600,2275,1490,785
25013800700,3902,2647,1255
25013800800,1982,1453,529
25013800900,4225,3027,1198
25013801101,1993,1669,324
25013801102,1155,953,202
25013801200,2726,2121,605
25013801300,4859,3451,1408
25013801401,4269,3075,1194
25013801402,2145,1735,410
25013801501,5523,4285,1238
25013801502,3403,2507,896
25013801503,4225,3273,952
25013801601,4959,4255,704
25013801602,5024,3918,1106
25013801603,4122,3376,746
25013801604,3723,3129,594
25013801605,4566,3405,1161
25013801700,7845,6344,1501
25013801800,4351,2972,1379
25013801901,3954,2729,1225
25013801902,3556,2650,906
25013802000,2736,1883,853
25013802101,6176,4729,1447
25013802200,3594,2522,1072
25013802300,7033,4919,2114
25013802400,3629,2990,639
25013802500,6973,5572,1401
25013802601,7351,5402,1949
25013802602,2022,1708,314
25013810100,6156,5079,1077
25013810200,2950,2407,543
25013810300,3339,2676,663
25013810403,4033,3306,727
25013810404,3611,3010,601
25013810412,6018,5040,978
25013810414,7340,6212,1128
25013810601,4159,3482,677
25013810602,2573,2202,371
25013810700,6247,4993,1254
25013810800,4080,3182,898
25013810901,1989,1549,440
25013810902,4601,3620,981
25013811000,4862,3960,902
25013811101,5150,3928,1222
25013811102,5994,4582,1412
25013811200,4767,3929,838
25013811301,5578,4648,930
25013811302,5560,4644,916
25013811400,2290,1585,705
25013811500,2202,1389,813
25013811600,3501,2410,1091
25013811700,2050,1629,421
25013811800,3990,3037,953
25013811900,3464,2928,536
25013812001,3450,2774,676
25013812002,4438,3452,986
25013812101,4921,4219,702
25013812103,3579,2844,735
25013812104,4353,3460,893
25013812201,4790,3913,877
25013812202,3708,3231,477
25013812300,6133,4558,1575
25013812401,6365,5098,1267
25013812403,3957,3207,750
25013812404,3882,2982,900
25013812500,7688,5978,1710
25013812600,6639,5380,1259
25013812701,3966,3120,846
25013812702,5242,4205,1037
25013812800,7112,5757,1355
25013812901,3092,2563,529
25013812902,4880,4016,864
25013812903,2215,2207,8
25013813001,2914,2464,450
25013813002,4000,3230,770
25013813101,5630,4663,967
25013813102,3602,2950,652
25013813204,3348,2715,633
25013813205,7254,6048,1206
25013813206,3980,3202,778
25013813207,5302,4232,1070
25013813208,2956,2419,537
25013813209,5852,4941,911
25013813301,7273,5562,1711
25013813303,4449,3411,1038
25013813304,4131,3146,985
25013813401,5341,4297,1044
25013813403,4156,3319,837
25013813404,6933,5472,1461
25013813500,4966,4162,804
25013813601,8332,6673,1659
25013813602,6281,4861,1420
25013813701,3358,2783,575
25013813702,4795,3990,805
25013813801,4435,3584,851
25013813802,3694,3008,686
25015820101,6295,5159,1136
25015820102,3771,2877,894
25015820205,7658,6103,1555
25015820206,3848,3126,722
25015820207,5124,4047,1077
25015820300,7157,6101,1056
25015820400,13131,13070,61
25015820500,6739,6054,685
25015820600,1641,1614,27
25015820700,4458,3719,739
25015820801,5558,4600,958
25015820802,579,570,9
25015820900,6110,5038,1072
25015821000,4446,3661,785
25015821101,7041,5806,1235
25015821200,2185,2148,37
25015821300,4478,3790,688
25015821400,5325,4558,767
25015821500,3352,2873,479
25015821601,3611,2989,622
25015821602,3878,3118,760
25015821700,4031,3448,583
25015821901,3319,2816,503
25015821903,3639,3309,330
25015821904,2901,2530,371
25015822000,2152,2093,59
25015822200,6040,4937,1103
25015822300,5412,4607,805
25015822401,5822,4813,1009
25015822402,4977,4252,725
25015822500,6224,5007,1217
25015822601,2094,1688,406
25015822603,1622,1367,255
25015822607,4650,3908,742
25015822700,3040,2618,422
25017300100,3193,2556,637
25017301101,4210,3300,910
25017301102,4917,3962,955
25017310101,3472,3009,463
25017310102,2609,2094,515
25017310200,6537,4976,1561
25017310300,6689,4983,1706
25017310400,3429,2390,1039
25017310500,3291,2719,572
25017310601,6194,4931,1263
25017310602,6358,5124,1234
25017310700,4530,3556,974
25017311100,2544,1931,613
25017311200,3217,2432,785
25017311300,5207,4148,1059
25017311400,6550,5114,1436
25017311500,3224,2498,726
25017311600,5625,4346,1279
25017311700,5190,3882,1308
25017311800,3603,2605,998
25017311900,3062,2410,652
25017312000,3047,2236,811
25017312100,3525,2613,912
25017312200,4920,3698,1222
25017312300,5277,4103,1174
25017312400,2505,1884,621
25017312501,4456,3658,798
25017312502,4088,3236,852
25017313101,6440,5092,1348
25017313102,5940,4769,1171
25017314101,6785,5364,1421
25017314102,7448,5996,1452
25017314200,5629,4504,1125
25017314301,9287,7310,1977
25017314302,3468,2634,834
25017315100,5740,4523,1217
25017315200,8693,7124,1569
25017315401,4178,3699,479
25017315402,3316,2769,547
25017315403,1661,1339,322
25017315500,7754,6356,1398
25017316101,5057,4109,948
25017316102,6152,5027,1125
25017316201,4218,3421,797
25017316202,4440,3503,937
25017316300,8441,6890,1551
25017316400,7097,5878,1219
25017316500,6714,5536,1178
25017317101,6966,5616,1350
25017317102,4945,3826,1119
25017317103,5081,3986,1095
25017317201,2897,2271,626
25017317202,3426,2719,707
25017317203,4253,3390,863
25017317301,2869,2300,569
25017317302,5955,4824,1131
25017318100,6825,5235,1590
25017318200,4822,3598,1224
25017318300,8327,6217,2110
25017318400,4669,3584,1085
25017320102,5417,3895,1522
25017320105,2573,1886,687
25017320106,6392,4707,1685
25017320107,4376,3076,1300
25017321100,7218,5866,1352
25017321200,6923,5463,1460
25017321301,4351,3486,865
25017321302,3656,2941,715
25017321400,4239,3546,693
25017321500,7791,6137,1654
25017321600,7615,6072,1543
25017322100,4651,3722,929
25017322200,4462,3669,793
25017322300,6281,5021,1260
25017322400,4698,3767,931
25017323101,3819,2931,888
25017323102,3355,2602,753
25017324101,5567,4362,1205
25017324102,4574,3521,1053
25017325101,4010,3197,813
25017325102,4469,3710,759
25017326101,4511,3431,1080
25017326102,6804,5230,1574
25017327101,3663,2854,809
25017327102,4339,3424,915
25017327103,3602,2969,633
25017328100,3358,2591,767
25017330101,3811,2921,890
25017330102,4925,3760,1165
25017330201,2570,2063,507
25017330202,4248,3462,786
25017331101,3311,2590,721
25017331102,7073,5612,1461
25017331200,5488,4282,1206
25017331300,7477,5878,1599
25017332100,6063,4802,1261
25017332201,2111,1690,421
25017332202,6640,5330,1310
25017332300,6955,5412,1543
25017332401,2466,2040,426
25017332402,2142,1821,321
25017333100,7687,6415,1272
25017333200,5228,4322,906
25017333300,4316,3541,775
25017333400,6524,5292,1232
25017333501,5093,4074,1019
25017333502,3429,2830,599
25017333601,1550,1286,264
25017333602,7049,5715,1334
25017334100,6999,5406,1593
25017334200,4070,3159,911
25017334300,7768,5863,1905
25017334400,6681,5247,1434
25017335100,6259,5190,1069
25017335200,6273,5020,1253
25017335301,4124,3360,764
25017335302,5309,4186,1123
25017335400,5125,4063,1062
25017336100,5758,4559,1199
25017336201,3062,2293,769
25017336202,3416,2603,813
25017336300,6985,5372,1613
25017336402,4764,3932,832
25017336403,3254,2773,481
25017336404,2578,2052,526
25017337101,3220,2580,640
25017337102,5414,4406,1008
25017337201,3370,2762,608
25017337202,5110,4203,907
25017337300,6130,5141,989
25017338100,3204,2287,917
25017338200,4271,3170,1101
25017338300,3469,2534,935
25017338400,6167,4470,1697
25017338500,5859,4217,1642
25017339101,3267,2880,387
25017339102,3442,2877,565
25017339200,5700,4665,1035
25017339300,2996,2553,443
25017339400,3479,3103,376
25017339500,5662,5135,527
25017339600,5454,4930,524
25017339700,3916,3387,529
25017339802,5485,4535,950
25017339803,3383,3114,269
25017339804,2260,1887,373
25017339900,5327,4464,863
25017340000,2590,2166,424
25017340100,6698,5574,1124
25017341101,3850,3263,587
25017341102,5180,4585,595
25017341200,6988,5837,1151
25017341301,4565,4061,504
25017341302,2273,1904,369
25017341400,6747,5558,1189
25017341500,5353,4212,1141
25017341600,6985,5812,1173
25017341700,5607,4522,1085
25017341800,7075,5554,1521
25017341901,1515,1206,309
25017341903,6888,5656,1232
25017341904,3237,2535,702
25017342101,5028,3884,1144
25017342102,4718,3594,1124
25017342201,6274,4872,1402
25017342202,4208,3366,842
25017342301,3242,2530,712
25017342302,4548,3556,992
25017342401,4604,3600,1004
25017342402,3664,3033,631
25017342501,4740,3714,1026
25017342502,3080,2332,748
25017342600,4969,3797,1172
25017350105,1181,992,189
25017350106,1660,1522,138
25017350107,1355,1143,212
25017350108,4174,3359,815
25017350109,2176,1782,394
25017350201,2699,2344,355
25017350202,3860,3382,478
25017350300,2984,2598,386
25017350400,5901,5339,562
25017350500,1743,1591,152
25017350600,4788,4473,315
25017350701,3000,2742,258
25017350702,3315,2750,565
25017350800,2076,1896,180
25017350900,3531,3227,304
25017351001,4083,3838,245
25017351002,3037,2727,310
25017351101,3775,3386,389
25017351102,1972,1780,192
25017351203,4631,4210,421
25017351204,4295,3869,426
25017351300,4406,3834,572
25017351403,3943,3408,535
25017351404,3996,3390,606
25017351500,2464,2210,254
25017352101,4271,3950,321
25017352102,2663,2393,270
25017352200,1999,1819,180
25017352300,4313,3841,472
25017352400,1879,1420,459
25017352500,3466,3012,454
25017352600,2817,2449,368
25017352700,2009,1777,232
25017352800,1892,1624,268
25017352900,2869,2473,396
25017353000,2968,2669,299
25017353101,3641,3304,337
25017353102,6238,5960,278
25017353200,5242,4687,555
25017353300,3723,3204,519
25017353600,5146,4691,455
25017353700,5593,5230,363
25017353800,4177,3871,306
25017353900,6139,5809,330
25017354000,4918,4674,244
25017354100,2889,2637,252
25017354200,3008,2446,562
25017354300,3488,2825,663
25017354400,1730,1421,309
25017354500,1937,1638,299
25017354601,1646,1434,212
25017354602,4185,3353,832
25017354700,2859,2489,370
25017354800,2323,1995,328
25017354901,2876,2500,376
25017354902,5616,4369,1247
25017355000,3129,2695,434
25017356100,3330,2671,659
25017356300,5332,4179,1153
25017356400,8136,6176,1960
25017356500,7067,5438,1629
25017356601,4783,3749,1034
25017356602,4284,3322,962
25017356701,6275,5227,1048
25017356703,3211,2615,596
25017356704,3890,3055,835
25017357100,5480,4055,1425
25017357200,3243,2423,820
25017357300,3117,2417,700
25017357400,2372,1764,608
25017357500,2255,1709,546
25017357600,2665,2026,639
25017357700,4139,3292,847
25017357800,4024,2887,1137
25017358100,5282,3911,1371
25017358300,6380,4729,1651
25017358400,5285,4002,1283
25017358500,5580,4224,1356
25017358600,6319,4654,1665
25017358700,5608,4029,1579
25017359100,6544,5210,1334
25017359303,7839,5917,1922
25017359400,6754,5881,873
25017360300,7014,5418,1596
25017361100,5726,4402,1324
25017361200,6259,4974,1285
25017361300,6506,5017,1489
25017362100,5237,4013,1224
25017363103,3617,2713,904
25017363104,6259,4716,1543
25017363105,3781,2955,826
25017363106,3330,2501,829
25017363201,3317,2514,803
25017363202,3717,2779,938
25017364101,5631,4553,1078
25017364102,5115,4039,1076
25017365100,7918,5638,2280
25017365201,5949,4402,1547
25017365202,5067,3771,1296
25017366100,4952,3717,1235
25017366201,3750,2701,1049
25017366202,5241,4050,1191
25017367100,4861,3664,1197
25017367200,6990,5401,1589
25017368101,5782,4869,913
25017368102,4718,3849,869
25017368200,4198,3448,750
25017368300,5763,4905,858
25017368400,8606,7683,923
25017368500,3419,3041,378
25017368600,5856,4926,930
25017368700,2684,2151,533
25017368800,6169,5200,969
25017368901,5973,5073,900
25017368902,3691,2958,733
25017369000,3300,3284,16
25017369100,5059,4130,929
25017370101,6807,5568,1239
25017370103,3544,3048,496
25017370104,3734,3209,525
25017370201,3798,3226,572
25017370202,4222,3553,669
25017370301,4531,3917,614
25017370302,1572,1380,192
25017370401,3531,3046,485
25017370402,1520,1300,220
25017370403,2070,1813,257
25017373100,5113,4134,979
25017373200,4789,3810,979
25017373300,3100,2448,652
25017373400,3319,2605,714
25017373500,6237,4932,1305
25017373600,6132,5519,613
25017373700,3854,2948,906
25017373800,6066,4754,1312
25017373901,3128,2367,761
25017373902,3876,3077,799
25017374000,4808,3737,1071
25017374100,4965,3885,1080
25017374200,4311,3315,996
25017374300,3772,2808,964
25017374400,5955,4506,1449
25017374500,4586,3553,1033
25017374600,5285,4001,1284
25017374700,4602,3541,1061
25017374800,5025,4190,835
25017382100,5146,3855,1291
25017382200,5375,4139,1236
25017382300,5917,4566,1351
25017382400,5340,4183,1157
25017382500,5664,4553,1111
25017382601,4794,3902,892
25017382602,4770,3744,1026
25017383101,4149,3145,1004
25017383102,5012,3411,1601
25017383200,6591,5030,1561
25017383300,3191,2579,612
25017383401,2499,1989,510
25017383402,3799,2898,901
25017383501,4674,3774,900
25017383502,3932,3507,425
25017383600,6341,5160,1181
25017383700,5308,4280,1028
25017383800,6356,5119,1237
25017383902,5466,4355,1111
25017383903,2665,2090,575
25017383904,5221,4286,935
25017384003,5699,4757,942
25017384004,1459,1171,288
25017385101,2869,2238,631
25017385102,4972,3865,1107
25017385201,2837,2261,576
25017385203,4797,3890,907
25017385204,3357,2509,848
25017386100,4401,3227,1174
25017387100,4379,3297,1082
25017387201,6231,4640,1591
25017387202,4386,3312,1074
25017388100,5506,4350,1156
25017388200,7431,6237,1194
25017388300,6405,5642,763
25019950100,1716,1523,193
25019950201,3683,2874,809
25019950202,2996,2403,593
25019950307,524,462,62
25019950400,3571,2766,805
25019950500,1765,1524,241
25021400100,5548,4760,788
25021400201,3047,2612,435
25021400202,3625,3067,558
25021400300,4310,3524,786
25021400401,3890,3334,556
25021400402,2045,1608,437
25021400500,5558,4681,877
25021400600,5492,4353,1139
25021400700,3986,3092,894
25021400800,6077,5023,1054
25021400900,4354,3573,781
25021401000,3534,2652,882
25021401100,4827,3553,1274
25021401201,5191,3722,1469
25021401202,1707,1415,292
25021402101,3593,2977,616
25021402102,4402,3447,955
25021402200,2217,1792,425
25021402300,4518,3598,920
25021402400,6341,5156,1185
25021402500,4293,3690,603
25021403100,7599,5342,2257
25021403300,4431,3275,1156
25021403400,6961,5256,1705
25021403501,2851,2351,500
25021403502,4280,3144,1136
25021404100,4456,3144,1312
25021404201,3944,2828,1116
25021404202,5040,4206,834
25021404301,5813,3996,1817
25021404302,3825,2859,966
25021404400,6472,5428,1044
25021405100,5923,4339,1584
25021406101,6081,4440,1641
25021406102,6718,4844,1874
25021407101,4419,3537,882
25021407102,4041,3183,858
25021408102,4932,3852,1080
25021408103,3034,2286,748
25021408104,5149,3959,1190
25021409101,5885,4796,1089
25021409102,5777,4303,1474
25021410100,6813,5418,1395
25021410300,4947,3979,968
25021410400,6858,5348,1510
25021411101,4665,3624,1041
25021411102,4670,3670,1000
25021411200,7453,5768,1685
25021411301,6072,4683,1389
25021411302,3523,2687,836
25021412100,6707,4933,1774
25021412200,3899,3038,861
25021412300,5660,4281,1379
25021413100,6494,5243,1251
25021413201,4834,4057,777
25021413202,2093,1699,394
25021413300,5083,4069,1014
25021413401,3554,2940,614
25021413402,4901,3776,1125
25021413500,4652,3746,906
25021414100,5862,4431,1431
25021414200,7549,5481,2068
25021414300,5164,3841,1323
25021415101,4774,3719,1055
25021415103,4749,3844,905
25021415104,3310,2558,752
25021415201,4020,3060,960
25021415202,3263,2650,613
25021415300,4254,3341,913
25021416101,6274,4610,1664
25021416102,4005,3460,545
25021416200,6913,5232,1681
25021416300,5005,3662,1343
25021416400,6454,4722,1732
25021417100,6010,4928,1082
25021417201,4456,3803,653
25021417202,4059,3364,695
25021417300,3660,3475,185
25021417400,2656,2155,501
25021417501,5291,4371,920
25021417502,4716,4010,706
25021417601,5249,4501,748
25021417602,5402,4544,858
25021417702,2826,2287,539
25021417703,3004,2775,229
25021417704,3689,3255,434
25021417801,5518,4521,997
25021417802,3217,2438,779
25021417901,8127,7063,1064
25021417902,3786,3182,604
25021418002,7444,6139,1305
25021418003,2448,2144,304
25021418004,5043,4226,817
25021418101,5121,4465,656
25021418102,3550,2994,556
25021418201,6335,5411,924
25021419100,6329,4853,1476
25021419200,5177,4119,1058
25021419300,4000,3119,881
25021419400,3211,2540,671
25021419500,3481,2774,707
25021419601,1600,1322,278
25021419602,5913,4543,1370
25021419700,4716,3741,975
25021419800,4716,3803,913
25021420101,4698,3817,881
25021420102,4122,3364,758
25021420201,3576,2918,658
25021420202,7404,5923,1481
25021420301,7295,5923,1372
25021420302,7889,6422,1467
25021421100,5410,4375,1035
25021421200,5995,4778,1217
25021422100,5354,4284,1070
25021422201,2277,2007,270
25021422202,6961,5791,1170
25021422301,3432,2768,664
25021422303,5007,4217,790
25021422304,2167,1801,366
25021422401,3573,2973,600
25021422402,3889,3276,613
25021422501,4847,3996,851
25021422502,5590,4400,1190
25021422600,6779,5448,1331
25021422700,3804,3205,599
25021422800,3757,3284,473
25021423101,3849,2805,1044
25021423102,4532,3343,1189
25021440101,6608,5436,1172
25021440102,3337,2575,762
25021441202,3021,2290,731
25021441203,4112,3359,753
25021441204,5045,3921,1124
25021442101,5797,4623,1174
25021442103,7009,5186,1823
25021442104,5565,4328,1237
25021442105,1894,1522,372
25021442201,4362,3391,971
25021442203,4249,3338,911
25021442204,4385,3483,902
25021443103,4562,3549,1013
25021443104,4763,3805,958
25021443105,2080,1693,387
25021443106,5540,4533,1007
25021456101,4115,3245,870
25021456102,5144,4107,1037
25021456200,4040,3291,749
25021456301,2017,1586,431
25021456302,5537,4693,844
25021456401,2886,2269,617
25021456402,5542,4464,1078
25021457100,4777,3810,967
25021457200,5969,4284,1685
25023500101,3617,3102,515
25023500103,2231,2039,192
25023500104,4224,3682,542
25023501101,3516,2546,970
25023501102,9185,6970,2215
25023501201,3881,2728,1153
25023501203,2679,1820,859
25023501204,5023,4033,990
25023502101,6196,4980,1216
25023502102,5644,4451,1193
25023502200,5963,5010,953
25023503101,7405,5533,1872
25023503102,7428,5598,1830
25023504101,5618,4207,1411
25023504102,5733,4068,1665
25023505102,5317,4006,1311
25023505103,2636,2086,550
25023505104,4027,3111,916
25023505201,2563,2024,539
25023505202,4520,3628,892
25023506102,6324,4934,1390
25023506103,2783,2138,645
25023506104,4148,3292,856
25023506202,2570,2024,546
25023506203,5256,4194,1062
25023506205,1858,1568,290
25023506206,2886,2447,439
25023507101,5589,4220,1369
25023507103,4534,3432,1102
25023507104,5967,4521,1446
25023508101,7078,5534,1544
25023508102,4978,3970,1008
25023508200,6305,4924,1381
25023509101,7584,5817,1767
25023509102,6124,4873,1251
25023510100,4925,3894,1031
25023510200,6999,5247,1752
25023510300,4490,3255,1235
25023510400,4332,3125,1207
25023510501,3574,2790,784
25023510503,4571,3409,1162
25023510504,2676,2109,567
25023510505,4247,3401,846
25023510600,3243,2645,598
25023510700,6340,4856,1484
25023510800,6900,5088,1812
25023510900,3042,2352,690
25023511000,3346,2480,866
25023511100,5571,4374,1197
25023511200,5322,4019,1303
25023511301,6312,4765,1547
25023511302,3750,2872,878
25023511400,4520,3117,1403
25023511500,5139,3641,1498
25023511601,4487,3285,1202
25023511602,3908,3145,763
25023511701,5131,3974,1157
25023511702,2818,2319,499
25023520100,6854,5414,1440
25023520201,4079,3283,796
25023520202,6129,4968,1161
25023521101,4740,3705,1035
25023521102,3344,2603,741
25023521201,3097,2446,651
25023521202,3940,3147,793
25023522101,4601,3616,985
25023522102,6038,4859,1179
25023523100,3261,2493,768
25023523201,2998,2356,642
25023523203,4426,3492,934
25023523204,3755,3020,735
25023524101,3381,2615,766
25023524102,4326,3438,888
25023525101,7314,5868,1446
25023525104,6765,5338,1427
25023525204,3934,3028,906
25023526100,7749,6218,1531
25023530100,4447,3602,845
25023530200,3983,3235,748
25023530300,4118,3559,559
25023530400,5913,4768,1145
25023530500,5744,4870,874
25023530600,6456,5319,1137
25023530700,5947,5322,625
25023530801,6209,5088,1121
25023530802,4634,3874,760
25023530902,4512,3663,849
25023530903,5998,4549,1449
25023530904,3256,2575,681
25023540101,4435,3561,874
25023540102,2642,2107,535
25023540103,4446,3454,992
25023541100,5717,4507,1210
25023542101,7354,5853,1501
25023542102,2659,2139,520
25023542200,6311,5319,992
25023542301,3586,2802,784
25023542302,4335,3367,968
25023543100,2930,2315,615
25023544100,5570,4332,1238
25023544200,6075,4998,1077
25023545100,6844,5724,1120
25023545200,6478,5371,1107
25023545300,4463,3862,601
25023545400,5518,4610,908
25023560100,6508,5394,1114
25023561100,5347,4339,1008
25023561400,6225,5101,1124
25023980200,1575,1559,16
25023980300,2820,2807,13
25025000101,1876,1723,153
25025000102,3714,3110,604
25025000201,3953,3545,408
25025000202,4148,3520,628
25025000301,3136,2872,264
25025000302,3072,2822,250
25025000401,5853,5439,414
25025000402,3644,3218,426
25025000502,6986,6744,242
25025000503,2418,2340,78
25025000505,2196,2079,117
25025000506,2895,2772,123
25025000601,3758,3417,341
25025000603,1757,1460,297
25025000604,2591,2390,201
25025000701,4517,4319,198
25025000703,2442,2360,82
25025000704,5312,4929,383
25025000804,3813,3298,515
25025000805,4616,4327,289
25025000806,1972,1844,128
25025000807,2282,2269,13
25025010103,4697,4667,30
25025010104,5063,4946,117
25025010204,3443,3346,97
25025010205,4906,4646,260
25025010206,2154,2075,79
25025010300,5186,5142,44
25025010403,3179,3041,138
25025010404,5747,5609,138
25025010405,6853,6707,146
25025010408,1438,1389,49
25025010500,3876,3697,179
25025010600,3529,3239,290
25025010701,2543,2405,138
25025010702,2328,2166,162
25025010801,2856,2711,145
25025010802,3058,2824,234
25025020101,4235,3812,423
25025020200,3804,3608,196
25025020301,2166,2023,143
25025020302,1293,1179,114
25025020304,1906,1740,166
25025020305,3633,3335,298
25025030100,2115,2023,92
25025030200,1815,1742,73
25025030301,1385,1258,127
25025030302,1844,1745,99
25025030400,4160,3912,248
25025030500,2715,2559,156
25025040100,2360,2023,337
25025040200,1594,1156,438
25025040300,4525,3574,951
25025040401,2922,2384,538
25025040600,3683,3175,508
25025040801,4036,3349,687
25025050101,4917,3808,1109
25025050200,5197,4077,1120
25025050300,3258,2777,481
25025050400,2372,2021,351
25025050500,2174,1820,354
25025050600,2074,1712,362
25025050700,4520,3529,991
25025050901,4242,3268,974
25025051000,4317,3508,809
25025051101,6460,5274,1186
25025051200,3454,2965,489
25025060101,3673,3314,359
25025060200,2328,2123,205
25025060301,3609,3278,331
25025060400,5195,4801,394
25025060501,4733,4312,421
25025060601,2006,1856,150
25025060602,331,312,19
25025060603,1502,1417,85
25025060604,2803,2678,125
25025060700,1689,1165,524
25025060800,4859,4502,357
25025061000,2416,1933,483
25025061101,2710,1990,720
25025061201,2013,1882,131
25025061203,2686,2458,228
25025061204,937,876,61
25025070102,3687,3537,150
25025070103,751,623,128
25025070104,2862,2576,286
25025070201,3990,3859,131
25025070202,5460,4854,606
25025070301,2213,1999,214
25025070302,2090,1911,179
25025070402,3561,3251,310
25025070501,2223,1975,248
25025070502,3393,2907,486
25025070600,2287,2001,286
25025070700,2527,2166,361
25025070801,1056,953,103
25025070802,2685,2404,281
25025070901,1165,953,212
25025070902,2300,2007,293
25025071101,4111,3744,367
25025071201,3514,2950,564
25025080100,2900,2486,414
25025080300,2236,1663,573
25025080401,3391,2709,682
25025080500,3288,2458,830
25025080601,4732,4432,300
25025080801,4282,3611,671
25025080900,4376,4092,284
25025081001,5695,4966,729
25025081101,1484,1405,79
25025081102,3165,2927,238
25025081200,3506,2650,856
25025081301,2394,1850,544
25025081302,3080,2376,704
25025081400,3774,3259,515
25025081500,2449,1984,465
25025081700,4141,3135,1006
25025081800,3567,2754,813
25025081900,3671,2738,933
25025082000,3195,2435,760
25025082100,5224,3824,1400
25025090100,5171,3768,1403
25025090200,2412,1626,786
25025090300,3795,2616,1179
25025090400,4101,3003,1098
25025090600,2450,1881,569
25025090700,4673,4204,469
25025090901,3600,3083,517
25025091001,3255,2867,388
25025091100,4916,4287,629
25025091200,3140,2547,593
25025091300,2626,1990,636
25025091400,2886,2227,659
25025091500,4588,3509,1079
25025091600,3200,2502,698
25025091700,3203,2351,852
25025091800,3718,2784,934
25025091900,4278,3172,1106
25025092000,5180,3992,1188
25025092101,6921,5553,1368
25025092200,3602,2887,715
25025092300,3301,2408,893
25025092400,6067,4262,1805
25025100100,5722,4001,1721
25025100200,2919,2133,786
25025100300,3737,2832,905
25025100400,5068,4102,966
25025100500,6576,5052,1524
25025100601,5342,4322,1020
25025100603,2172,1808,364
25025100700,4332,3614,718
25025100800,5791,4866,925
25025100900,4148,3427,721
25025101001,5595,4469,1126
25025101002,5712,4413,1299
25025101101,3522,2673,849
25025101102,4766,3438,1328
25025110104,2177,1636,541
25025110105,2120,1873,247
25025110106,1356,1136,220
25025110201,2091,1625,466
25025110301,2500,2051,449
25025110401,3625,2947,678
25025110403,4437,3595,842
25025110501,3302,2638,664
25025110502,4000,3272,728
25025110601,2639,2237,402
25025110607,5276,4440,836
25025120103,1642,1366,276
25025120104,2373,2040,333
25025120105,2492,2083,409
25025120201,4360,3786,574
25025120301,5120,4337,783
25025120400,6006,5284,722
25025120500,2423,2066,357
25025120600,2566,2218,348
25025120700,2139,1927,212
25025130101,6048,5025,1023
25025130200,4708,3821,887
25025130300,4496,3569,927
25025130402,4833,4023,810
25025130404,3073,2541,532
25025130406,5639,4137,1502
25025140102,4958,3929,1029
25025140105,3592,2934,658
25025140106,2178,1629,549
25025140107,2778,2220,558
25025140201,2311,1826,485
25025140202,5824,4603,1221
25025140300,6843,5515,1328
25025140400,7859,6338,1521
25025160102,3823,2724,1099
25025160103,4646,3356,1290
25025160200,4154,2992,1162
25025160300,2753,2462,291
25025160400,3878,3060,818
25025160501,6105,4648,1457
25025160502,5604,4112,1492
25025160601,4331,3391,940
25025160602,5493,4288,1205
25025170101,4023,3194,829
25025170102,5015,3869,1146
25025170200,5305,4110,1195
25025170301,7045,5682,1363
25025170302,4051,3300,751
25025170400,5761,4442,1319
25025170502,3407,2929,478
25025170503,1698,1406,292
25025170504,3157,2644,513
25025170601,6247,4923,1324
25025170701,2702,2264,438
25025170702,7995,6056,1939
25025170800,5773,4701,1072
25025180101,5804,4855,949
25025180200,4326,3482,844
25025180301,3169,2553,616
25025180400,1928,1571,357
25025180500,4089,3432,657
25025980300,113,109,4
25025980900,125,104,21
25025981100,97,93,4
25025981300,79,66,13
25027700100,6315,4884,1431
25027701101,4789,3846,943
25027701102,3634,2810,824
25027702201,1250,1044,206
25027702202,1941,1533,408
25027703100,4515,3563,952
25027703200,3639,2870,769
25027703300,3791,3040,751
25027704201,1726,1382,344
25027704202,1194,983,211
25027705101,3687,2918,769
25027705102,4462,3528,934
25027706100,4328,3523,805
25027707100,4085,3206,879
25027707200,2120,1703,417
25027707300,4056,3318,738
25027707400,4904,3970,934
25027707500,6122,5149,973
25027708100,8213,6431,1782
25027709100,4356,3506,850
25027709201,7812,6188,1624
25027709203,3404,2835,569
25027709204,4078,3247,831
25027709400,4939,3776,1163
25027709501,2134,1748,386
25027709502,6187,4966,1221
25027709600,2428,1927,501
25027709701,5948,4666,1282
25027709702,2496,2017,479
25027710100,3815,2867,948
25027710200,7039,5568,1471
25027710300,3582,2709,873
25027710400,2204,1800,404
25027710500,3395,2522,873
25027710601,3285,2394,891
25027710602,4013,3046,967
25027710700,1800,1498,302
25027710800,4785,3805,980
25027711000,3073,2336,737
25027711100,4955,4148,807
25027712101,7349,5781,1568
25027712102,4433,3443,990
25027713100,8441,6874,1567
25027715100,5665,4146,1519
25027716101,3701,2974,727
25027716102,4807,3746,1061
25027716200,2953,2416,537
25027716300,3967,3286,681
25027717100,3158,2577,581
25027718100,4849,3836,1013
25027719100,7985,6455,1530
25027720100,3495,2834,661
25027721101,1851,1506,345
25027721103,5026,3620,1406
25027721104,4023,3192,831
25027722100,5530,4342,1188
25027723100,3663,2959,704
25027724100,3833,3179,654
25027725100,4735,3834,901
25027726100,6182,5017,1165
25027726200,5810,4802,1008
25027727100,5004,4039,965
25027728100,5388,4079,1309
25027728200,4045,3128,917
25027728300,4916,3792,1124
25027728400,5556,4134,1422
25027729100,5008,4291,717
25027729200,2869,2310,559
25027730100,6504,5243,1261
25027730200,6146,4951,1195
25027730300,5223,4284,939
25027730401,5992,4623,1369
25027730402,2066,1582,484
25027730500,4166,3427,739
25027730600,9298,8021,1277
25027730700,7367,5921,1446
25027730801,3823,3153,670
25027730802,2222,1784,438
25027730901,3728,3062,666
25027730902,4416,3843,573
25027731001,2468,1936,532
25027731002,7081,5621,1460
25027731101,4527,3559,968
25027731102,2857,2292,565
25027731202,1375,1363,12
25027731203,6090,5115,975
25027731204,2531,1981,550
25027731300,4423,3223,1200
25027731400,5197,3884,1313
25027731500,5443,4218,1225
25027731601,4812,4347,465
25027731602,3267,3135,132
25027731700,4059,3698,361
25027731801,2825,2366,459
25027731802,4118,2881,1237
25027731900,6351,4662,1689
25027732001,3439,1931,1508
25027732002,4348,3737,611
25027732201,3264,2820,444
25027732202,3683,2985,698
25027732203,3212,2558,654
25027732301,4835,3903,932
25027732302,4716,3683,1033
25027732400,8018,5829,2189
25027732500,2490,1949,541
25027732600,5448,3961,1487
25027732700,4699,3529,1170
25027732801,5374,4446,928
25027732802,4620,3672,948
25027732901,7444,5873,1571
25027732902,3299,3268,31
25027733000,4273,3157,1116
25027733101,2273,1847,426
25027733102,2708,2202,506
25027735100,6645,5428,1217
25027735200,4442,3576,866
25027736100,2688,2170,518
25027736200,3985,3098,887
25027736300,2489,1962,527
25027736400,3113,2510,603
25027736500,4614,3771,843
25027737100,5381,4462,919
25027737200,1760,1480,280
25027737300,6690,5334,1356
25027738100,5014,3777,1237
25027738201,4446,3449,997
25027738202,6768,5175,1593
25027739101,5286,4155,1131
25027739102,5232,3871,1361
25027739201,3508,2854,654
25027739202,3248,2587,661
25027739300,4004,3091,913
25027739401,6554,5040,1514
25027739402,2548,1936,612
25027739500,7945,6075,1870
25027740101,6227,4794,1433
25027740102,6266,4757,1509
25027740200,3248,2603,645
25027741101,4646,3647,999
25027741102,5804,4269,1535
25027742300,4255,3386,869
25027742401,5677,4188,1489
25027742402,5046,3611,1435
25027743100,8000,6205,1795
25027744102,5552,4400,1152
25027744103,2780,2296,484
25027744104,5167,4068,1099
25027744201,2824,2171,653
25027744202,5339,4342,997
25027744300,4450,3363,1087
25027744400,4267,3223,1044
25027745100,6017,4700,1317
25027746100,6228,4801,1427
25027747101,5306,4257,1049
25027747102,3902,3120,782
25027748100,3174,2504,670
25027749100,8371,6657,1714
25027749200,5791,4700,1091
25027750100,6152,4791,1361
25027750200,7160,5675,1485
25027750300,3023,2492,531
25027751101,6390,4975,1415
25027751102,2967,2411,556
25027752101,5647,4490,1157
25027752102,3336,2601,735
25027753100,7254,5908,1346
25027753200,6093,4951,1142
25027754100,6778,5719,1059
25027754200,3769,3000,769
25027754300,3099,2462,637
25027754400,4130,3298,832
25027755100,3450,2660,790
25027755201,4508,3538,970
25027755202,3963,3311,652
25027756101,4538,3614,924
25027756102,8777,6884,1893
25027757100,4630,3710,920
25027757200,2554,1886,668
25027757300,3205,2393,812
25027757400,2813,2295,518
25027757500,4538,3710,828
25027758101,1684,1441,243
25027758103,4982,3761,1221
25027758104,3201,2454,747
25027759100,2224,1772,452
25027760100,3439,2808,631
25027761100,4975,3939,1036
25027761200,6589,5055,1534
25027761300,3436,2786,650
25027761401,4185,3259,926
25027761402,2666,2286,380
26001000100,1690,1529,161
26001970100,2340,2012,328
26001970400,2833,2386,447
26001970500,1923,1713,210
26001970600,1381,1181,200
26003000100,3322,2725,597
26003000200,2574,2150,424
26003000300,2946,2567,379
26005030200,3566,2863,703
26005030301,3133,2248,885
26005030302,5079,3697,1382
26005030402,6874,4777,2097
26005030403,4302,3156,1146
26005030404,3620,2638,982
26005030501,3190,2434,756
26005030502,4945,3630,1315
26005030600,5196,3877,1319
26005030702,5467,4093,1374
26005030703,2659,1990,669
26005030704,5149,3698,1451
26005030801,2276,1972,304
26005030802,3410,2842,568
26005030901,2800,2323,477
26005030902,2574,2124,450
26005031001,2750,1952,798
26005031002,3266,2539,727
26005031101,3518,2778,740
26005031102,3160,2493,667
26005031200,5763,4360,1403
26005031300,4899,3699,1200
26005031800,4735,3644,1091
26005031900,5236,3945,1291
26005032000,5325,4086,1239
26005032100,4663,3567,1096
26005032200,5793,4394,1399
26005032401,1715,1250,465
26005032402,3901,3046,855
26005032600,1538,1280,258
26007000101,1398,1140,258
26007000102,3035,2437,598
26007000200,4191,3339,852
26007000300,3156,2668,488
26007000400,2925,2319,606
26007000500,1959,1566,393
26007000600,3271,2769,502
26007000700,2783,2267,516
26007000800,3203,2604,599
26007000900,2986,2430,556
26009960100,2609,2157,452
26009960200,3306,2654,652
26009960300,2694,2316,378
26009960401,1133,984,149
26009960402,2223,1864,359
26009960501,2055,1702,353
26009960502,1198,1037,161
26009960600,3228,2770,458
26009960701,3133,2452,681
26009960702,1852,1378,474
26011970100,2153,1833,320
26011970200,3284,2687,597
26011970300,2726,2164,562
26011970400,2849,2436,413
26011970500,3990,3207,783
26013000100,4039,3268,771
26013000200,4119,3447,672
26015010100,5509,4285,1224
26015010200,6102,4560,1542
26015010301,3939,2816,1123
26015010302,5392,3941,1451
26015010401,3398,2760,638
26015010403,3089,2472,617
26015010404,2233,1653,580
26015010500,3334,2762,572
26015010601,3367,2691,676
26015010602,3204,2564,640
26015010700,4788,3792,996
26015010800,3405,2583,822
26015011301,4419,3297,1122
26015011302,3745,2948,797
26015011401,2763,2081,682
26015011402,3736,3029,707
26017280300,1236,879,357
26017280400,2626,2032,594
26017280500,3296,2617,679
26017280600,2649,2046,603
26017280700,3142,2453,689
26017280800,3450,2734,716
26017280900,2748,2085,663
26017281000,3854,3021,833
26017281300,3068,2403,665
26017285100,3379,2659,720
26017285201,5812,4873,939
26017285202,3883,3088,795
26017285300,4576,3740,836
26017285400,3676,3089,587
26017285500,6764,5523,1241
26017285600,7286,5730,1556
26017285700,3923,3156,767
26017285800,6116,4939,1177
26017285900,4792,3965,827
26017286000,3137,2593,544
26017286101,3706,2926,780
26017286102,3436,2851,585
26017286200,4687,3825,862
26017286300,3503,2736,767
26017286400,2523,2027,496
26017286500,1665,1430,235
26017286600,4923,3797,1126
26019000101,4796,3747,1049
26019000102,3104,2532,572
26019000200,3160,2624,536
26019000300,1812,1586,226
26019000400,2119,1848,271
26019000500,2979,2501,478
26021000300,1782,1232,550
26021000400,1951,1306,645
26021000500,1630,1079,551
26021000600,3165,2220,945
26021000700,2920,2431,489
26021000801,2106,1806,300
26021000802,2778,2317,461
26021000900,2064,1736,328
26021001000,1827,1467,360
26021001100,4094,3199,895
26021001300,2076,1690,386
26021001400,4447,3482,965
26021001500,3214,2647,567
26021001600,2520,2025,495
26021001700,4748,3544,1204
26021001800,5141,3952,1189
26021001900,2128,1760,368
26021002000,3516,2842,674
26021002100,2605,1810,795
26021002200,2544,1553,991
26021002300,1931,1338,593
26021002400,1826,1488,338
26021002500,2378,1835,543
26021010100,3243,2664,579
26021010201,3995,3131,864
26021010202,2521,2073,448
26021010300,4705,3627,1078
26021010400,2682,2144,538
26021010500,2177,1706,471
26021010600,4868,3758,1110
26021011000,2835,2221,614
26021011101,2396,1947,449
26021011102,3016,2397,619
26021011201,1509,1395,114
26021011202,1269,1106,163
26021011301,2055,1698,357
26021011302,2108,1821,287
26021011400,2324,1906,418
26021011500,1412,1099,313
26021011600,1832,1495,337
26021020100,2598,2032,566
26021020200,5138,4018,1120
26021020300,2611,2127,484
26021020400,4197,3301,896
26021020500,3217,2444,773
26021020600,3501,2674,827
26021020700,3119,2407,712
26021020900,3722,2832,890
26021021000,5105,3915,1190
26021021100,1931,1549,382
26021021200,1613,1297,316
26021021300,4891,4089,802
26021021400,4335,3435,900
26023950100,4027,3099,928
26023950200,3722,2801,921
26023950300,3741,2890,851
26023950800,4788,3180,1608
26023950900,2102,1721,381
26023951000,2175,1860,315
26023951100,2997,2348,649
26023951200,4154,3009,1145
26023951301,3248,2818,430
26023951302,2255,1853,402
26023951400,4689,3376,1313
26023951500,3247,2292,955
26023951600,3717,2760,957
26025000200,3930,2904,1026
26025000300,2025,1461,564
26025000500,3366,2355,1011
26025000600,2824,2016,808
26025000700,2955,2235,720
26025000800,2948,2274,674
26025000900,3459,2713,746
26025001000,4243,3202,1041
26025001100,4294,3296,998
26025001200,2445,1911,534
26025001300,4120,3148,972
26025001400,4172,3143,1029
26025001500,5891,4591,1300
26025001600,2646,2085,561
26025001700,4574,3497,1077
26025001801,2175,1706,469
26025001802,3961,3019,942
26025001900,4074,3188,886
26025002000,5029,4020,1009
26025002100,1116,861,255
26025002200,3272,2589,683
26025002300,3712,2889,823
26025002400,2766,2190,576
26025002500,3425,2814,611
26025002600,2083,1572,511
26025002700,6440,5202,1238
26025002800,4401,3359,1042
26025002900,2981,2459,522
26025003000,2160,1650,510
26025003100,2896,2103,793
26025003200,2202,1630,572
26025003300,2123,1517,606
26025003400,1992,1728,264
26025003500,2313,1838,475
26025003600,1973,1376,597
26025003700,4466,3566,900
26025003800,4194,3335,859
26025003900,4318,3431,887
26025004000,4115,3252,863
26025004100,2231,1522,709
26027001000,3750,3094,656
26027001100,2841,2203,638
26027001200,3319,2630,689
26027001500,3776,2990,786
26027001600,3748,3017,731
26027001701,2978,2319,659
26027001702,2121,1682,439
26027001801,3128,2465,663
26027001802,4618,3417,1201
26027001901,2852,2208,644
26027001902,1778,1417,361
26027002000,4445,3482,963
26027002100,6086,4807,1279
26027002201,2630,2003,627
26027002202,3519,2779,740
26029000100,1743,1403,340
26029000200,1295,1046,249
26029000300,2297,1877,420
26029000400,2946,2510,436
26029000500,525,464,61
26029000800,2957,2389,568
26029000900,1796,1536,260
26029001000,2283,1812,471
26029001100,1781,1357,424
26029001200,3310,2618,692
26029001300,1440,1118,322
26029001400,1335,1089,246
26029001500,2346,2036,310
26031960100,2890,2419,471
26031960200,2900,2306,594
26031960300,4160,3380,780
26031960401,2195,1878,317
26031960402,1247,1101,146
26031960500,2571,2163,408
26031960600,2516,2173,343
26031960700,3266,2626,640
26031960800,3834,3066,768
26033970100,3000,2444,556
26033970200,3062,2391,671
26033970300,3741,3240,501
26033970400,2437,1901,536
26033970500,4097,3121,976
26033970601,2879,2245,634
26033970602,1883,1467,416
26033970700,1034,939,95
26033970800,5074,4126,948
26033970900,3022,2181,841
26033971000,2767,2238,529
26033971100,1469,1313,156
26033980200,2320,2320,0
26035000100,1557,1310,247
26035000200,1390,1112,278
26035000300,2469,2080,389
26035000400,3783,2976,807
26035000500,1379,1170,209
26035000600,3966,3013,953
26035000700,3291,2665,626
26035000800,4299,3164,1135
26035000900,2044,1709,335
26035001000,2736,2276,460
26035001301,2918,2342,576
26035001302,1024,868,156
26037010104,3848,2996,852
26037010105,3706,2673,1033
26037010107,3857,2887,970
26037010108,4367,3255,1112
26037010201,2091,1766,325
26037010203,1175,940,235
26037010204,2299,1736,563
26037010300,5563,4227,1336
26037010400,5220,3970,1250
26037010500,3549,2647,902
26037010600,2424,1875,549
26037010701,2143,1673,470
26037010702,2303,1789,514
26037010801,4099,3151,948
26037010802,3760,2889,871
26037010901,2758,2151,607
26037010902,4555,3541,1014
26037011001,3669,2786,883
26037011002,3463,2715,748
26037011101,4173,3189,984
26037011105,2725,2192,533
26037011106,4228,3185,1043
26037011200,3153,2967,186
26039960100,1818,1569,249
26039960200,3277,2634,643
26039960300,3818,3003,815
26039960400,2055,1756,299
26039960500,2020,1691,329
26041970100,1630,1423,207
26041970200,2305,1930,375
26041970300,2314,1901,413
26041970400,5658,4572,1086
26041970500,4401,3489,912
26041970600,4167,3273,894
26041970700,3770,3051,719
26041970800,4160,3298,862
26041970900,2486,1990,496
26041971000,2628,2024,604
26041971100,3384,2760,624
26043950100,1662,1392,270
26043950200,4229,3398,831
26043950300,4711,3696,1015
26043950400,4252,3434,818
26043950500,3020,2380,640
26043950600,4369,3573,796
26043950700,3704,2923,781
26045020101,2844,2295,549
26045020102,3174,2693,481
26045020103,4221,3347,874
26045020104,3448,2743,705
26045020201,2767,2273,494
26045020202,4086,3048,1038
26045020302,7106,5462,1644
26045020303,3577,3029,548
26045020305,1345,1117,228
26045020306,3587,3028,559
26045020402,2861,2240,621
26045020403,2817,2142,675
26045020404,4401,3452,949
26045020500,3439,2670,769
26045020601,4104,3059,1045
26045020602,3486,2743,743
26045020700,3997,3097,900
26045020800,4965,3773,1192
26045020901,3373,2584,789
26045020902,4101,3169,932
26045021001,4471,3545,926
26045021002,4200,3247,953
26045021100,5277,4243,1034
26045021201,3082,2452,630
26045021202,3313,2618,695
26045021301,3011,2268,743
26045021302,3015,2322,693
26045021401,4435,3443,992
26045021402,4672,3876,796
26047970100,2168,1872,296
26047970201,2390,1901,489
26047970202,2997,2374,623
26047970301,2917,2531,386
26047970302,1583,1312,271
26047970400,2995,2529,466
26047970500,4936,3860,1076
26047970600,6084,4744,1340
26047970700,3660,2953,707
26047970800,4382,3779,603
26049000100,2122,1678,444
26049000200,1200,938,262
26049000300,2231,1661,570
26049000400,1199,926,273
26049000500,1613,1189,424
26049000600,1543,1180,363
26049000700,1972,1490,482
26049000800,672,541,131
26049000900,2385,1798,587
26049001000,1459,1183,276
26049001100,1510,1105,405
26049001200,2615,1950,665
26049001300,2353,1713,640
26049001400,1178,963,215
26049001500,859,648,211
26049001600,4066,2872,1194
26049001700,1310,927,383
26049001800,1649,885,764
26049001900,2126,1470,656
26049002000,633,507,126
26049002200,1317,1005,312
26049002300,1401,1067,334
26049002400,2549,1912,637
26049002600,2249,1712,537
26049002700,3142,2406,736
26049002800,2381,2006,375
26049002900,1757,1537,220
26049003000,3500,2738,762
26049003100,2095,1651,444
26049003200,1868,1367,501
26049003300,1845,1371,474
26049003400,1881,1026,855
26049003500,3039,2205,834
26049003600,4953,3627,1326
26049003700,2125,1586,539
26049003800,968,729,239
26049004000,3203,2391,812
26049010110,2525,2014,511
26049010111,1372,1144,228
26049010112,2495,1998,497
26049010116,2855,2290,565
26049010117,3177,2540,637
26049010201,1756,1413,343
26049010202,1646,1337,309
26049010304,3125,2224,901
26049010305,4451,3183,1268
26049010501,2398,1795,603
26049010502,3644,2790,854
26049010503,2223,1813,410
26049010504,4183,3327,856
26049010603,5600,4515,1085
26049010604,2811,2132,679
26049010610,5536,4252,1284
26049010700,5165,4055,1110
26049010810,5269,4273,996
26049010811,2375,1814,561
26049010812,3452,2528,924
26049010813,4496,3745,751
26049010910,2957,2439,518
26049010911,4183,3245,938
26049010912,3155,2425,730
26049011010,5565,4424,1141
26049011102,6016,4843,1173
26049011103,4476,3595,881
26049011104,5775,4410,1365
26049011209,6375,5037,1338
26049011210,1929,1568,361
26049011211,5776,4507,1269
26049011212,5741,4451,1290
26049011213,5742,4251,1491
26049011214,6107,4584,1523
26049011301,5014,3791,1223
26049011302,3344,2598,746
26049011401,3476,2654,822
26049011402,4234,3315,919
26049011502,3221,2591,630
26049011503,5044,3990,1054
26049011505,2492,2026,466
26049011508,2890,2413,477
26049011601,3086,2426,660
26049011611,2635,2084,551
26049011612,4470,3395,1075
26049011710,2447,1882,565
26049011711,2696,2202,494
26049011712,3296,2557,739
26049011713,3589,3127,462
26049011714,3358,2613,745
26049011800,3096,2476,620
26049011901,2517,1987,530
26049011902,3378,2423,955
26049012003,2964,2167,797
26049012006,2580,2085,495
26049012007,1601,1241,360
26049012008,2970,2385,585
26049012009,2414,1966,448
26049012100,2566,2086,480
26049012201,2343,1989,354
26049012202,1216,936,280
26049012310,3170,2353,817
26049012311,1927,1418,509
26049012401,1795,1454,341
26049012402,2652,2176,476
26049012501,1930,1581,349
26049012503,2642,2126,516
26049012504,2068,1620,448
26049012601,3014,2293,721
26049012602,1743,1283,460
26049012603,2991,2372,619
26049012702,5898,4648,1250
26049012703,3172,2513,659
26049012704,4287,3385,902
26049012801,4639,3697,942
26049012802,2025,1605,420
26049012904,6330,5189,1141
26049012905,3737,3085,652
26049012906,2763,2069,694
26049012907,2465,1902,563
26049013001,2603,2073,530
26049013002,4488,3596,892
26049013110,2284,1792,492
26049013111,3221,2471,750
26049013112,4839,3716,1123
26049013113,4142,3261,881
26049013202,5969,4645,1324
26049013205,2677,2144,533
26049013206,3368,2664,704
26049013302,3654,2914,740
26049013303,2845,2394,451
26049013401,6330,4938,1392
26049013402,2022,1516,506
26049013500,4889,3652,1237
26049013600,1357,1028,329
26051000101,1750,1435,315
26051000102,1363,1187,176
26051000200,1286,1146,140
26051000300,1847,1584,263
26051000400,3156,2418,738
26051000500,3642,2969,673
26051000600,1894,1624,270
26051000700,4703,3654,1049
26051000800,3928,2981,947
26051000900,1817,1579,238
26053950200,2312,1928,384
26053950300,2313,1912,401
26053950500,2272,1916,356
26053950600,2772,2300,472
26053950700,2253,1857,396
26053950800,2458,2094,364
26055550101,6082,4840,1242
26055550102,2987,2505,482
26055550200,4332,3551,781
26055550300,6453,4868,1585
26055550401,2633,2156,477
26055550402,4987,3825,1162
26055550500,5900,4581,1319
26055550601,2588,1910,678
26055550602,5693,4361,1332
26055550603,2307,1763,544
26055550701,5412,4173,1239
26055550702,5344,4171,1173
26055550801,2154,1699,455
26055550802,4280,3426,854
26055550900,5323,4387,936
26055551000,4520,3809,711
26055551100,3849,3294,555
26055551200,3563,3070,493
26055551301,1540,1238,302
26055551302,4087,3369,718
26055551303,2896,2472,424
26055551400,5061,4290,771
26055551500,3247,2661,586
26057000100,3957,3172,785
26057000200,4970,3909,1061
26057000300,5058,4024,1034
26057000400,3205,3204,1
26057000500,5792,3916,1876
26057000600,4173,2920,1253
26057000700,3128,2490,638
26057000800,4204,3290,914
26057000900,3396,2679,717
26057001000,3878,3077,801
26059050101,2070,1688,382
26059050102,2439,1961,478
26059050200,3016,2378,638
26059050300,2423,1858,565
26059050400,4533,3542,991
26059050500,4361,3401,960
26059050600,3677,2866,811
26059050700,4849,3899,950
26059050800,2131,1576,555
26059050900,4928,3838,1090
26059051000,4186,3262,924
26059051100,3644,2870,774
26059051200,3489,2457,1032
26061000100,2721,2099,622
26061000200,2928,2166,762
26061000300,2213,1758,455
26061000400,3273,2537,736
26061000500,4005,2956,1049
26061000600,3713,3179,534
26061000700,3129,2294,835
26061000800,7151,6612,539
26061000900,4901,3639,1262
26061001000,3327,2623,704
26063950100,1358,1211,147
26063950200,2057,1715,342
26063950300,2208,1775,433
26063950400,895,809,86
26063950500,2088,1820,268
26063950600,2571,2008,563
26063950700,3442,2746,696
26063950800,3417,2700,717
26063950900,3629,2839,790
26063951000,3799,3035,764
26063951100,2185,1800,385
26063951200,3758,2993,765
26065000100,1804,1435,369
26065000400,2762,2165,597
26065000600,1605,1322,283
26065000700,2464,1903,561
26065000800,2814,2024,790
26065001000,2047,1765,282
26065001200,1958,1487,471
26065001703,4251,3486,765
26065002000,3063,2268,795
26065002101,1863,1394,469
26065002200,1494,1249,245
26065002300,3405,2701,704
26065002600,1953,1543,410
26065002700,3049,2380,669
26065002800,2430,1979,451
26065002901,2872,2304,568
26065002902,3805,3346,459
26065003103,5933,4897,1036
26065003200,2055,1497,558
26065003301,3006,2257,749
26065003302,2231,1787,444
26065003400,2402,1879,523
26065003500,2862,2285,577
26065003601,3840,2672,1168
26065003602,3410,2468,942
26065003700,5149,3946,1203
26065003801,4079,3252,827
26065003802,4152,3710,442
26065003901,2101,1664,437
26065003902,4126,3396,730
26065004000,4560,3857,703
26065004100,4566,4245,321
26065004301,4505,3836,669
26065004302,2708,2572,136
26065004402,325,268,57
26065004403,2364,2110,254
26065004490,3914,3907,7
26065004491,1210,1207,3
26065004492,3415,3402,13
26065004493,1617,1602,15
26065004494,3357,3328,29
26065004500,3781,3051,730
26065004600,4337,3519,818
26065004700,2864,2432,432
26065004801,4345,3588,757
26065004802,3236,2507,729
26065004902,5321,4535,786
26065004903,2616,1932,684
26065004904,4648,3560,1088
26065005002,4103,3231,872
26065005003,4217,3106,1111
26065005004,3899,2931,968
26065005100,3288,2360,928
26065005201,5617,4079,1538
26065005202,3720,2719,1001
26065005303,4673,3772,901
26065005304,3148,2429,719
26065005305,3564,2763,801
26065005306,3826,2838,988
26065005401,3596,2832,764
26065005402,3421,2829,592
26065005501,5974,4540,1434
26065005502,6473,4828,1645
26065005600,2912,2328,584
26065005700,5120,4018,1102
26065005800,5650,4331,1319
26065005900,5600,4276,1324
26065006001,3539,2720,819
26065006002,3533,2792,741
26065006100,4232,3291,941
26065006200,5390,4202,1188
26065006301,4738,3681,1057
26065006302,4159,3232,927
26065006401,4354,3321,1033
26065006402,2997,2254,743
26065006500,3457,2866,591
26065006600,2864,2362,502
26065006700,3819,3078,741
26065006800,3720,2763,957
26065007000,5725,4591,1134
26065980000,859,840,19
26067030101,2726,2104,622
26067030102,3839,2946,893
26067030200,2847,2147,700
26067030300,3091,2366,725
26067030401,3647,2849,798
26067030402,3015,2375,640
26067031200,5042,3844,1198
26067031301,5159,3895,1264
26067031302,3261,2529,732
26067031400,5238,3902,1336
26067031500,5392,4061,1331
26067031600,5360,4031,1329
26067031700,3701,2702,999
26067031900,6002,4503,1499
26067032100,2951,2531,420
26067982200,5533,5520,13
26069000101,1345,1119,226
26069000102,1338,1008,330
26069000201,2618,2129,489
26069000202,1394,1167,227
26069000300,2691,2298,393
26069000400,3438,2833,605
26069000500,3518,3000,518
26069000600,2819,2313,506
26069000700,2736,2178,558
26069000800,1443,1213,230
26069000900,1897,1648,249
26071000100,2357,2013,344
26071000200,1707,1438,269
26071000300,2643,2115,528
26071000400,2534,2038,496
26071000500,2390,2002,388
26073000100,3493,2715,778
26073000200,4984,3835,1149
26073000300,4920,3698,1222
26073000401,2168,2030,138
26073000402,2380,1957,423
26073000500,3211,2844,367
26073000600,4141,3284,857
26073000701,2158,1826,332
26073000702,1957,1772,185
26073000703,2524,2501,23
26073000800,2627,2209,418
26073000900,4094,3140,954
26073940100,4321,3352,969
26073940200,5446,4070,1376
26073940300,5045,4085,960
26073940400,3306,2636,670
26073940500,2406,1987,419
26073940600,5213,4087,1126
26075000100,2750,2108,642
26075000200,2628,1954,674
26075000400,3948,2918,1030
26075000500,1538,1170,368
26075000600,1234,1105,129
26075000800,4396,3434,962
26075000900,3225,2357,868
26075001000,2095,1433,662
26075001100,1860,1098,762
26075001200,2339,1660,679
26075001300,2456,1849,607
26075005000,2332,1738,594
26075005100,4556,3599,957
26075005201,3285,2603,682
26075005202,3537,2814,723
26075005301,5231,4044,1187
26075005302,3602,3112,490
26075005400,6959,5606,1353
26075005501,2601,2248,353
26075005502,2745,2077,668
26075005601,5241,3874,1367
26075005602,3236,2490,746
26075005700,3148,2493,655
26075005800,6133,6131,2
26075005900,2942,2279,663
26075006001,3607,2755,852
26075006002,3348,2677,671
26075006101,3133,2424,709
26075006102,3242,2621,621
26075006201,3229,2539,690
26075006202,3566,2849,717
26075006301,3059,2484,575
26075006304,2785,2368,417
26075006305,2356,1912,444
26075006306,2251,1775,476
26075006401,3038,2373,665
26075006403,3537,2741,796
26075006404,3296,2575,721
26075006500,6595,5108,1487
26075006600,4760,3639,1121
26075006701,5207,3984,1223
26075006702,4700,3741,959
26075006801,3159,2515,644
26075006803,2656,2262,394
26075006804,5985,4726,1259
26075006900,2840,2088,752
26077000100,2532,1677,855
26077000201,2013,1851,162
26077000202,1094,805,289
26077000300,3952,2694,1258
26077000500,4494,3706,788
26077000601,4493,3850,643
26077000900,1121,767,354
26077001001,2258,1564,694
26077001002,4178,2873,1305
26077001100,2224,1595,629
26077001200,2967,2307,660
26077001300,1926,1469,457
26077001501,4513,3417,1096
26077001502,4995,4156,839
26077001503,4626,3810,816
26077001504,4872,4817,55
26077001508,3291,2782,509
26077001509,4164,3735,429
26077001510,3452,3159,293
26077001511,1977,1271,706
26077001601,2764,2124,640
26077001603,1643,1359,284
26077001604,1707,1425,282
26077001701,3437,2735,702
26077001702,3779,2836,943
26077001801,3269,2584,685
26077001802,4486,3489,997
26077001803,2149,1611,538
26077001905,5447,4301,1146
26077001906,4673,3815,858
26077001907,4200,3315,885
26077002002,4320,3546,774
26077002003,6513,4928,1585
26077002004,4214,3219,995
26077002005,4166,2962,1204
26077002102,3093,2460,633
26077002103,2263,1752,511
26077002104,5565,4313,1252
26077002201,2115,1697,418
26077002203,3623,2914,709
26077002204,4277,3522,755
26077002601,4832,3908,924
26077002701,3155,2475,680
26077002702,5557,4049,1508
26077002801,4404,3406,998
26077002802,6014,4787,1227
26077002901,3805,3074,731
26077002906,1848,1704,144
26077002907,3767,3016,751
26077002908,4505,3466,1039
26077002909,5338,4248,1090
26077002910,4268,3221,1047
26077002911,4027,3223,804
26077003002,2369,1802,567
26077003005,5697,4191,1506
26077003006,3596,2545,1051
26077003007,6489,4588,1901
26077003008,1909,1430,479
26077003302,6387,4826,1561
26077003400,3705,2879,826
26077003500,4437,3464,973
26077005501,4038,3009,1029
26077005502,5881,4454,1427
26077006102,3801,2925,876
26077006103,5382,3984,1398
26077006601,4445,3455,990
26077006701,2743,2054,689
26077006702,6426,4933,1493
26079950201,2272,1810,462
26079950202,2818,2227,591
26079950300,4923,3856,1067
26079950400,3984,3164,820
26079950601,2131,1776,355
26079950602,1811,1494,317
26081000100,2365,1859,506
26081000200,1640,1355,285
26081000300,5297,4357,940
26081000400,3136,2574,562
26081000500,3971,3215,756
26081000600,4660,3726,934
26081000700,3164,2478,686
26081000800,3172,2312,860
26081000900,3044,2338,706
26081001000,4478,3609,869
26081001102,4352,3469,883
26081001103,3786,2962,824
26081001104,1899,1685,214
26081001200,3272,2691,581
26081001300,3601,2569,1032
26081001400,2648,2325,323
26081001500,3751,2752,999
26081001600,5905,4454,1451
26081001700,4434,3737,697
26081001801,4770,4003,767
26081001802,1609,1382,227
26081001900,5682,4737,945
26081002000,3211,2975,236
26081002100,3076,2803,273
26081002200,5368,4659,709
26081002300,4106,3433,673
26081002400,2940,2558,382
26081002500,4843,4286,557
26081002600,4047,2634,1413
26081002700,3999,3258,741
26081002800,2018,1372,646
26081002900,1526,1266,260
26081003000,1725,1351,374
26081003100,3579,2373,1206
26081003200,5180,3607,1573
26081003300,3647,2818,829
26081003400,5126,4153,973
26081003500,5489,4094,1395
26081003600,2360,1590,770
26081003700,4486,3127,1359
26081003800,4785,2934,1851
26081003900,3376,2174,1202
26081004000,3711,2397,1314
26081004100,4963,3686,1277
26081004200,3877,3014,863
26081004300,3888,3103,785
26081004400,7491,6514,977
26081004501,3733,2907,826
26081004502,4338,3606,732
26081004600,6098,4434,1664
26081010101,6027,4642,1385
26081010102,2516,2037,479
26081010200,4334,3121,1213
26081010301,5401,3887,1514
26081010302,5924,4437,1487
26081010401,5309,4000,1309
26081010402,4086,3169,917
26081010601,4622,3420,1202
26081010602,8312,5926,2386
26081010700,5268,3872,1396
26081010802,6123,4739,1384
26081010803,6361,4771,1590
26081010804,2623,1794,829
26081010902,3846,3091,755
26081010903,7155,5458,1697
26081010904,7187,5238,1949
26081011001,4112,3029,1083
26081011002,4565,3452,1113
26081011101,4492,3551,941
26081011102,5276,3962,1314
26081011200,4113,3266,847
26081011301,4658,3637,1021
26081011302,6530,5251,1279
26081011401,2347,1874,473
26081011403,3084,2321,763
26081011405,3139,2442,697
26081011406,5509,4169,1340
26081011501,2013,1709,304
26081011502,5286,4326,960
26081011601,4378,3320,1058
26081011602,3263,2574,689
26081011701,5768,4446,1322
26081011702,4424,3475,949
26081011801,8270,6143,2127
26081011803,5130,4053,1077
26081011804,5166,4038,1128
26081011901,6982,5093,1889
26081011902,7406,5399,2007
26081012002,6387,4783,1604
26081012003,7076,5234,1842
26081012004,4985,3786,1199
26081012201,7236,5471,1765
26081012202,7146,5082,2064
26081012203,5285,3997,1288
26081012300,3410,2502,908
26081012400,3956,2714,1242
26081012500,4908,3315,1593
26081012604,6739,5064,1675
26081012605,4215,3420,795
26081012608,4057,3401,656
26081012609,2975,2169,806
26081012610,2559,2068,491
26081012611,2290,1853,437
26081012612,3457,2906,551
26081012702,5025,3683,1342
26081012703,5057,3620,1437
26081012704,2355,1741,614
26081012705,4616,3417,1199
26081012800,4529,3405,1124
26081012901,5682,4139,1543
26081012902,5268,4017,1251
26081013000,3801,3038,763
26081013100,5202,4083,1119
26081013200,7080,5464,1616
26081013300,5356,3667,1689
26081013400,5751,4355,1396
26081013500,4950,3714,1236
26081013600,2075,1521,554
26081013700,7371,5601,1770
26081013801,1630,1268,362
26081013803,3310,2474,836
26081013804,3640,2802,838
26081013900,6376,5123,1253
26081014000,6773,5245,1528
26081014100,1986,1527,459
26081014200,3938,2927,1011
26081014300,3125,2320,805
26081014503,7153,5282,1871
26081014504,5288,4078,1210
26081014505,5089,4029,1060
26081014506,2721,2161,560
26081014603,4798,3544,1254
26081014604,4775,3868,907
26081014605,6622,4801,1821
26081014606,5900,4217,1683
26081014701,4801,3353,1448
26081014703,5210,3847,1363
26081014704,3036,2300,736
26081014803,3691,2632,1059
26081014805,8220,6009,2211
26081014806,6056,4517,1539
26081014808,2314,1705,609
26081014809,6341,4899,1442
26081014810,5721,4035,1686
26081014811,4034,3315,719
26083000100,2046,1728,318
26085960100,2200,1977,223
26085961100,4687,3917,770
26085961200,2427,2043,384
26085961300,2782,2256,526
26087330000,3642,2884,758
26087330500,2914,2241,673
26087331000,1773,1403,370
26087331500,2694,2118,576
26087332000,5764,4403,1361
26087332500,3571,2692,879
26087333000,3148,2483,665
26087333500,5646,4530,1116
26087334000,2470,1966,504
26087334500,2232,1743,489
26087336000,5227,4218,1009
26087336500,997,979,18
26087337000,3614,2881,733
26087337500,4268,3267,1001
26087338000,4972,4005,967
26087338500,4706,3772,934
26087339000,3115,2414,701
26087339500,3703,2823,880
26087340000,4129,3208,921
26087340500,2832,2218,614
26087341000,4799,3870,929
26087341500,4368,3500,868
26087342000,4547,3695,852
26087342100,3488,2852,636
26089970100,2008,1785,223
26089970201,2733,2195,538
26089970202,2606,2178,428
26089970300,2828,2375,453
26089970400,1621,1468,153
26089970501,2738,2220,518
26089970502,2282,1870,412
26089970601,3927,3208,719
26089970602,1558,1302,256
26091060100,3662,2910,752
26091060301,4612,3740,872
26091060302,4098,3375,723
26091060401,3649,2933,716
26091060402,3035,2465,570
26091060500,3409,2696,713
26091060600,5743,4507,1236
26091060701,3649,2759,890
26091060702,3906,3044,862
26091060800,3361,2596,765
26091061200,1769,1379,390
26091061301,3482,2673,809
26091061302,3167,2295,872
26091061400,3540,2841,699
26091061500,6214,5116,1098
26091061600,4094,3066,1028
26091061701,4900,4235,665
26091061702,4480,3592,888
26091061800,3914,2959,955
26091061900,4582,3468,1114
26091062000,2726,2151,575
26091062100,4235,3355,880
26091062200,2478,1888,590
26091062300,5393,4317,1076
26091062400,5325,4158,1167
26093710100,2640,2000,640
26093710300,5488,4097,1391
26093710500,1924,1503,421
26093710700,1934,1536,398
26093711000,4166,3346,820
26093712101,3093,2432,661
26093712102,2929,2199,730
26093712601,4961,3867,1094
26093712602,3640,2605,1035
26093713100,4723,3780,943
26093713300,1973,1479,494
26093713500,3865,3009,856
26093713700,4695,3356,1339
26093720100,3608,2667,941
26093721100,3246,2589,657
26093722100,3231,2431,800
26093722300,2951,2250,701
26093722500,2420,1780,640
26093724001,2403,1931,472
26093724002,2485,1935,550
26093724003,2976,2263,713
26093725000,5300,4364,936
26093725101,4827,3844,983
26093730101,2937,2234,703
26093730102,4401,3386,1015
26093730600,3877,3084,793
26093731100,3870,2947,923
26093732100,3333,2713,620
26093733100,1823,1513,310
26093733603,3399,2696,703
26093733604,2668,2267,401
26093740200,3828,2905,923
26093740300,2378,1771,607
26093740500,2343,1904,439
26093740600,3135,2420,715
26093740700,2701,2157,544
26093740800,2746,2135,611
26093740900,2013,1490,523
26093741100,2227,1924,303
26093741601,1788,1535,253
26093741602,3431,2793,638
26093742201,3055,2445,610
26093742202,2172,1813,359
26093742403,5485,4388,1097
26093742500,2302,1822,480
26093742700,3687,3020,667
26093742900,3991,3074,917
26093743300,2527,1972,555
26093743400,3746,2958,788
26093743500,1940,1505,435
26093743600,2950,2404,546
26093743700,2701,2224,477
26093743800,3806,3206,600
26093743900,3589,2915,674
26093744200,3993,3192,801
26093744400,2049,1577,472
26093744600,2374,1858,516
26093744700,3005,2529,476
26093744800,4454,3466,988
26093744900,3664,2803,861
26095960100,3265,2568,697
26095960200,2074,1697,377
26097950100,1516,1296,220
26097950200,2318,1905,413
26097950300,1927,1630,297
26097950400,2739,2267,472
26097950500,2334,1966,368
26099206700,3767,3015,752
26099210000,4313,3435,878
26099211000,5875,4661,1214
26099212000,5318,4278,1040
26099214000,3051,2395,656
26099214500,4410,3492,918
26099215000,5564,4322,1242
26099215201,5947,4825,1122
26099215202,2826,2217,609
26099215300,4329,3453,876
26099215500,7595,5773,1822
26099216000,3780,3072,708
26099217000,2550,2081,469
26099218001,6097,4236,1861
26099218002,3472,2992,480
26099220002,4524,3670,854
26099220003,5218,3842,1376
26099220004,2375,1933,442
26099221100,7066,5579,1487
26099221200,5904,4858,1046
26099221500,1257,965,292
26099221800,5228,4046,1182
26099222103,2824,2253,571
26099222104,3222,2307,915
26099222105,4807,3714,1093
26099222106,4163,3181,982
26099222500,3922,3277,645
26099222800,3119,2508,611
26099223401,7516,5518,1998
26099223402,5185,4026,1159
26099223500,1729,1438,291
26099223801,4119,3282,837
26099223802,8272,5722,2550
26099223803,3509,2634,875
26099223901,5235,3660,1575
26099223902,3687,3261,426
26099224001,9049,6490,2559
26099224002,5154,3686,1468
26099224101,4430,3252,1178
26099224102,4160,3219,941
26099224201,3858,2920,938
26099224202,5767,4330,1437
26099224300,4809,3838,971
26099224400,4985,4047,938
26099224500,3823,3213,610
26099224600,6376,5020,1356
26099225100,3496,2743,753
26099225200,6826,5215,1611
26099225300,4443,3758,685
26099225401,4519,3709,810
26099225402,3196,2469,727
26099225500,5559,4420,1139
26099225600,4590,3808,782
26099225701,5424,4386,1038
26099225702,1503,1227,276
26099225800,7334,5723,1611
26099225900,5070,4105,965
26099226101,3402,2674,728
26099226102,4303,3269,1034
26099226400,2664,2025,639
26099226700,5052,4252,800
26099227000,7054,5839,1215
26099227300,4973,4153,820
26099228000,3742,3110,632
26099228100,1503,1240,263
26099230000,4754,4106,648
26099230200,5081,4080,1001
26099230300,4545,3539,1006
26099230400,3756,3036,720
26099230501,3798,2982,816
26099230502,200,146,54
26099230602,6487,5289,1198
26099230603,4067,3512,555
26099230604,3499,2912,587
26099230700,5259,4254,1005
26099230800,5152,3863,1289
26099230901,4544,3640,904
26099230902,2966,2362,604
26099231000,4303,3328,975
26099231100,3697,2951,746
26099231200,3985,3211,774
26099231400,5895,4666,1229
26099231500,5413,4289,1124
26099231600,4966,4054,912
26099231700,6387,5055,1332
26099231800,4371,3493,878
26099231900,6010,4795,1215
26099232000,2356,1935,421
26099232100,6361,5322,1039
26099232200,5401,4369,1032
26099232301,4874,3907,967
26099232400,5752,4651,1101
26099232500,4693,3670,1023
26099233000,5747,4614,1133
26099240000,4554,3185,1369
26099240300,4102,3336,766
26099240400,5415,4449,966
26099240500,2427,1830,597
26099240601,3508,2860,648
26099240602,3408,2819,589
26099240700,4277,3498,779
26099240801,1451,1250,201
26099240802,5102,4024,1078
26099240900,1834,1554,280
26099241000,4536,3725,811
26099241200,4695,3776,919
26099241300,2594,2008,586
26099241400,3182,2715,467
26099241500,3537,2972,565
26099241600,2591,1992,599
26099241700,4667,3575,1092
26099241800,5296,3979,1317
26099241900,4879,3964,915
26099242001,1265,1112,153
26099242002,1445,1229,216
26099242003,2418,2081,337
26099242100,2549,2117,432
26099242500,6895,5861,1034
26099243000,4662,3757,905
26099243501,2608,2135,473
26099243502,4048,3554,494
26099244000,2568,2085,483
26099245000,3427,2648,779
26099245100,3891,3132,759
26099245200,2301,1976,325
26099245300,4530,3697,833
26099245400,1548,1226,322
26099247100,833,661,172
26099247201,4104,3362,742
26099247202,2820,2328,492
26099247301,4682,3860,822
26099247302,1671,1482,189
26099247400,2205,1881,324
26099247500,1763,1490,273
26099247601,1682,1398,284
26099247602,4552,3858,694
26099250000,2176,1789,387
26099250100,2087,1733,354
26099250200,2654,2197,457
26099250300,3096,2652,444
26099250400,1402,1166,236
26099250500,2120,1716,404
26099250600,2823,2361,462
26099250700,2943,2485,458
26099250800,2865,2385,480
26099250900,2403,1969,434
26099251000,1639,1375,264
26099251100,1967,1634,333
26099251200,3294,2792,502
26099251300,2310,1854,456
26099251400,3065,2415,650
26099251500,1762,1445,317
26099251600,3163,2695,468
26099251700,2745,2308,437
26099251800,4231,3491,740
26099251900,2825,2305,520
26099252000,2475,2089,386
26099252100,2159,1807,352
26099252200,2747,2436,311
26099254000,1663,1335,328
26099254100,4307,3664,643
26099254200,4467,3547,920
26099254500,4289,3423,866
26099255000,4446,3614,832
26099255100,3109,2545,564
26099255200,4009,3327,682
26099255300,3922,3134,788
26099255400,2674,2117,557
26099255500,1616,1326,290
26099255600,3311,2591,720
26099255700,1797,1396,401
26099255800,2530,1970,560
26099255900,1759,1368,391
26099256000,2108,1673,435
26099256100,2684,2046,638
26099256200,1853,1401,452
26099256300,1927,1430,497
26099256400,1441,1110,331
26099256500,1631,1266,365
26099256600,3244,2593,651
26099256700,1793,1371,422
26099256800,1856,1374,482
26099258000,2699,2180,519
26099258100,3874,3016,858
26099258200,3064,2269,795
26099258300,2708,2155,553
26099258400,5358,4068,1290
26099258500,1986,1619,367
26099258600,4814,3610,1204
26099258700,2749,1966,783
26099258800,4015,3039,976
26099258900,3051,2230,821
26099260000,3320,2698,622
26099260100,2963,2441,522
26099260200,2320,1912,408
26099260300,3038,2514,524
26099260400,4454,3700,754
26099260600,2860,2292,568
26099260700,2941,2379,562
26099260800,2719,2191,528
26099260900,4846,3847,999
26099261000,4201,3406,795
26099261100,5337,4417,920
26099261200,2833,2256,577
26099261300,2862,2319,543
26099261400,2772,2211,561
26099261500,3512,2944,568
26099261601,1369,1151,218
26099261700,2330,1941,389
26099261800,2901,2298,603
26099261900,2946,2401,545
26099262000,3470,2739,731
26099262100,942,732,210
26099262200,4439,3630,809
26099262300,4291,3516,775
26099262400,3500,2770,730
26099262500,5435,4422,1013
26099262600,2514,2106,408
26099262700,4992,3919,1073
26099262800,2131,1692,439
26099262900,4168,3175,993
26099263200,3042,2266,776
26099263400,4035,3113,922
26099263500,4524,3525,999
26099263600,5128,3827,1301
26099263700,5121,3793,1328
26099263800,3097,2177,920
26099263900,3786,2623,1163
26099264000,1969,1353,616
26099264200,4061,3022,1039
26099267600,1487,1172,315
26099268000,5853,4710,1143
26099268100,2699,2087,612
26099268200,3864,3167,697
26099268300,3100,2161,939
26099268400,3585,2730,855
26101000100,3795,2995,800
26101000200,1983,1622,361
26101000300,1984,1643,341
26101000400,2441,2081,360
26101000500,3728,3265,463
26101000600,1643,1408,235
26101000700,4006,3292,714
26101000800,3238,2615,623
26101000900,2214,1834,380
26103000100,1886,1657,229
26103000200,2060,1784,276
26103000300,2115,1872,243
26103000400,1853,1578,275
26103000500,1262,1241,21
26103000600,2492,2167,325
26103000700,4216,3803,413
26103001100,1520,1299,221
26103001200,5469,4276,1193
26103001300,3745,2962,783
26103001500,3076,2356,720
26103001600,2291,1768,523
26103001700,2266,1725,541
26103001800,2670,2098,572
26103001900,1524,1222,302
26103002000,2182,1715,467
26103002100,2903,2234,669
26103002200,3096,2419,677
26103002300,2105,1791,314
26103002400,3064,2122,942
26103002500,2320,1820,500
26103002600,2162,1866,296
26103002801,2908,2338,570
26103002802,2383,2072,311
26103002901,3531,2897,634
26103002902,918,837,81
26105950100,2529,2039,490
26105950200,3659,3020,639
26105950300,3693,2956,737
26105950400,4328,3530,798
26105950500,3463,2712,751
26105950600,5143,4048,1095
26105950700,3278,2582,696
26105950800,2959,2383,576
26107960100,2490,1929,561
26107960200,2805,2277,528
26107960300,2890,2309,581
26107960400,4457,3506,951
26107960500,3454,2671,783
26107960600,3182,2705,477
26107960701,2317,1958,359
26107960702,3120,2451,669
26107960800,4921,3628,1293
26107960900,3139,2605,534
26107961001,3295,2733,562
26107961002,2591,1944,647
26107981300,1053,1030,23
26109960100,3460,2785,675
26109960200,4072,3159,913
26109960300,2335,1944,391
26109960400,3302,2839,463
26109960500,2917,2366,551
26109960600,3901,3127,774
26109960700,3515,2934,581
26111290100,3496,2831,665
26111290200,3483,2834,649
26111290300,4024,3126,898
26111290400,1775,1403,372
26111290500,1913,1449,464
26111290600,2366,1888,478
26111290700,3682,2927,755
26111290800,5449,4221,1228
26111290901,2931,2235,696
26111290902,5200,3825,1375
26111291000,6264,4942,1322
26111291101,3538,2864,674
26111291103,4223,3327,896
26111291104,5672,4308,1364
26111291200,5730,4396,1334
26111291300,4217,3309,908
26111291400,4061,3168,893
26111291500,3985,3097,888
26111291601,2493,2021,472
26111291602,4625,3763,862
26111291700,4367,3458,909
26113960101,1823,1453,370
26113960102,2189,1727,462
26113960200,3235,2534,701
26113960300,4926,3758,1168
26113960400,2879,2160,719
26115830100,3440,2882,558
26115830200,6450,4856,1594
26115830300,3859,3140,719
26115830400,4001,3177,824
26115830500,3927,3135,792
26115830600,2984,2343,641
26115830700,3785,2933,852
26115830801,5381,4054,1327
26115830802,2764,2150,614
26115830900,2701,2198,503
26115831000,3202,2514,688
26115831100,2850,2306,544
26115831201,3859,2806,1053
26115831202,3693,2930,763
26115831300,5120,4166,954
26115831400,7032,5623,1409
26115831500,3364,2846,518
26115831600,3351,2633,718
26115831700,4119,3017,1102
26115831800,1525,1133,392
26115831900,1606,1251,355
26115832000,1820,1397,423
26115832100,3002,2289,713
26115832200,1756,1470,286
26115832300,4376,3331,1045
26115832400,4315,3456,859
26115832500,4674,3655,1019
26115832600,2034,1673,361
26115832700,2605,2120,485
26115832800,4783,3789,994
26115832900,4347,3439,908
26115833000,4590,3604,986
26115833100,5059,3967,1092
26115833200,4103,3175,928
26115833300,6867,5497,1370
26115833500,5138,4030,1108
26115833600,3075,2427,648
26115833700,2606,2100,506
26115833800,5747,4597,1150
26115833900,4899,3899,1000
26117970100,4195,3267,928
26117970200,3655,2800,855
26117970300,3327,2628,699
26117970400,3495,2719,776
26117970501,4631,3440,1191
26117970502,3264,2461,803
26117970600,5271,4121,1150
26117970700,5220,4052,1168
26117970800,4478,3494,984
26117970900,3168,2477,691
26117971000,9542,8407,1135
26117971100,5191,3934,1257
26117971200,5847,4376,1471
26117971300,5330,4135,1195
26119910100,2238,1888,350
26119910200,1456,1266,190
26119910300,1784,1507,277
26119910400,2217,1858,359
26119910500,1458,1246,212
26121000100,4521,3623,898
26121000300,2881,2007,874
26121000401,4907,3633,1274
26121000402,4421,4193,228
26121000500,4906,3411,1495
26121000601,1692,1237,455
26121000800,3274,2451,823
26121000900,3435,2846,589
26121001000,1242,1162,80
26121001200,2189,1616,573
26121001300,2200,1391,809
26121001402,3644,2664,980
26121001500,4093,3204,889
26121001600,2641,2141,500
26121001700,4985,3917,1068
26121001800,4712,3566,1146
26121001901,4115,3167,948
26121001902,4699,3711,988
26121002000,3811,3032,779
26121002100,3246,2654,592
26121002200,4172,3238,934
26121002300,5719,4465,1254
26121002400,3292,2763,529
26121002501,3307,2569,738
26121002502,4581,3644,937
26121002601,3530,2710,820
26121002602,4601,3571,1030
26121002701,4681,3662,1019
26121002702,3322,2517,805
26121002800,6572,5288,1284
26121002900,5503,4207,1296
26121003000,4420,3303,1117
26121003100,5046,3736,1310
26121003200,6097,4485,1612
26121003300,5123,3922,1201
26121003400,4188,3259,929
26121003500,4157,3275,882
26121003600,6727,5056,1671
26121003701,2037,1663,374
26121003702,3707,2908,799
26121003800,3444,2739,705
26121003900,1902,1484,418
26121004000,2146,1712,434
26121004200,4052,3180,872
26121004300,1884,1321,563
26123970100,4746,3848,898
26123970300,3750,2948,802
26123970400,5279,4005,1274
26123970500,5017,3839,1178
26123970600,4011,3209,802
26123970700,4416,3444,972
26123970800,3381,2752,629
26123970900,5160,4008,1152
26123971000,4999,3822,1177
26123971100,4295,3198,1097
26123971200,4924,3675,1249
26125120000,2972,2341,631
26125120300,3284,2606,678
26125121000,3977,2893,1084
26125121400,4862,3471,1391
26125121500,3492,2693,799
26125121700,5194,4043,1151
26125121800,4894,3671,1223
26125122200,3707,2923,784
26125122400,6836,5310,1526
26125122700,3080,2452,628
26125122900,1761,1402,359
26125123000,2848,2231,617
26125123100,3064,2502,562
26125124000,6045,4692,1353
26125124500,5997,4665,1332
26125125000,3430,2779,651
26125125600,2758,2243,515
26125126200,2691,2117,574
26125126300,5152,3892,1260
26125126400,3756,2972,784
26125126500,3104,2437,667
26125127000,5881,4501,1380
26125127100,5714,4265,1449
26125127200,1681,1369,312
26125127300,4718,3957,761
26125127400,1613,1357,256
26125127500,6627,5110,1517
26125127600,5076,3718,1358
26125127700,6304,4945,1359
26125128000,3193,2438,755
26125128100,2697,2177,520
26125128200,3169,2441,728
26125128300,4495,3519,976
26125128400,3976,3052,924
26125128500,3038,2371,667
26125128600,3538,2714,824
26125128700,2120,1531,589
26125128800,1697,1310,387
26125128900,7323,5349,1974
26125129000,2960,2433,527
26125130000,3428,2830,598
26125130100,2452,1893,559
26125130200,5396,4239,1157
26125130300,4073,3083,990
26125130400,2873,2406,467
26125130500,2977,2455,522
26125130600,3056,2463,593
26125130700,6695,5180,1515
26125131100,2205,1754,451
26125131300,4796,3843,953
26125131400,2219,1768,451
26125131500,3727,2970,757
26125131600,2456,2007,449
26125131800,3769,2909,860
26125132100,6347,4992,1355
26125132500,3531,2839,692
26125132600,4223,3290,933
26125132700,2989,2446,543
26125133001,2807,2131,676
26125133002,3728,2847,881
26125133003,3991,3325,666
26125133101,4749,4204,545
26125133102,1918,1581,337
26125134000,4987,3796,1191
26125134300,4955,3934,1021
26125134400,4701,3683,1018
26125134500,3632,2846,786
26125134600,4019,3289,730
26125134700,3255,2700,555
26125134800,3083,2662,421
26125134900,3995,3355,640
26125135000,3481,2529,952
26125135100,5502,4315,1187
26125135200,3515,2821,694
26125135300,5181,3868,1313
26125136000,3333,2647,686
26125136101,5674,4126,1548
26125136102,4386,3758,628
26125136300,5222,3923,1299
26125136500,5650,4381,1269
26125136601,4904,3839,1065
26125136602,3574,2692,882
26125136700,6004,4744,1260
26125136800,6298,5302,996
26125137101,4160,3126,1034
26125137102,8327,5878,2449
26125137400,7154,5150,2004
26125137700,1717,1396,321
26125137800,3326,2617,709
26125138100,6704,4609,2095
26125138301,4492,3418,1074
26125138302,8366,5752,2614
26125138600,3553,2505,1048
26125139201,3877,3188,689
26125139202,2883,2241,642
26125139400,5142,3923,1219
26125140101,1605,1379,226
26125140301,4121,3517,604
26125140303,3820,3451,369
26125140500,2497,2160,337
26125140600,2420,1889,531
26125140700,2765,2188,577
26125140800,4655,3822,833
26125140900,4247,3440,807
26125141001,2974,2253,721
26125141002,2668,2148,520
26125141100,3143,2332,811
26125141200,3444,2448,996
26125141300,4113,3028,1085
26125141400,4724,3388,1336
26125141500,6243,4293,1950
26125141600,4473,3341,1132
26125141700,3198,2310,888
26125142000,2499,1899,600
26125142100,1641,1258,383
26125142200,2991,2163,828
26125142300,2298,1668,630
26125142400,3472,2439,1033
26125142500,1899,1500,399
26125142600,3542,2846,696
26125142700,4037,3098,939
26125143500,5724,4747,977
26125144100,4117,3357,760
26125144200,4341,3534,807
26125144301,3644,3028,616
26125144400,4953,3986,967
26125144500,2978,2556,422
26125144600,3891,3277,614
26125144701,3158,2535,623
26125144800,2577,2054,523
26125144900,4068,3448,620
26125145100,2163,1773,390
26125145200,3556,2941,615
26125145300,4225,3462,763
26125145400,4150,3409,741
26125145501,3490,2876,614
26125145502,3855,3103,752
26125145600,4629,3835,794
26125145700,2622,2103,519
26125145900,2711,2129,582
26125150000,5338,4521,817
26125150100,3573,2944,629
26125150200,2821,2254,567
26125150300,5422,4127,1295
26125150400,2934,2230,704
26125150500,3073,2367,706
26125150600,2983,2333,650
26125150700,4598,3469,1129
26125150800,4344,3382,962
26125150900,3691,2958,733
26125151000,5471,3986,1485
26125152000,4460,3610,850
26125152600,3966,2975,991
26125152700,3110,2290,820
26125152900,4324,3501,823
26125153000,2301,1851,450
26125153100,2309,1757,552
26125153200,1952,1695,257
26125153300,3855,2741,1114
26125154000,1723,1501,222
26125154100,2761,2284,477
26125154200,2764,2249,515
26125154500,2238,1874,364
26125154600,2823,2195,628
26125156000,2710,2258,452
26125156100,4482,3599,883
26125156200,6922,5426,1496
26125156300,4118,3080,1038
26125156400,4030,3178,852
26125156500,4498,3664,834
26125156900,3152,2452,700
26125157000,2324,1780,544
26125157100,1907,1534,373
26125157200,3799,2958,841
26125157300,3317,2790,527
26125157400,2547,1993,554
26125157500,3037,2686,351
26125157600,4531,3684,847
26125157700,2628,2222,406
26125157800,3551,3045,506
26125157900,2754,2181,573
26125158000,3844,2870,974
26125158100,3324,2486,838
26125158200,3431,2717,714
26125159000,4287,3395,892
26125160000,4088,3438,650
26125160300,3346,2964,382
26125160400,2865,2424,441
26125160500,4265,3445,820
26125160600,4805,3926,879
26125160700,1615,1324,291
26125160800,4025,3460,565
26125160900,4382,3671,711
26125161000,2119,1788,331
26125161100,3930,3495,435
26125161200,5005,4043,962
26125161300,3693,3001,692
26125161400,3923,2894,1029
26125161500,1891,1532,359
26125161600,2997,2646,351
26125161700,2768,2358,410
26125161800,4222,3445,777
26125161900,2384,2071,313
26125162000,4063,3047,1016
26125162100,3504,2943,561
26125162200,1219,1007,212
26125162300,3908,3302,606
26125162400,2028,1594,434
26125162500,3661,3020,641
26125165000,3004,2537,467
26125165100,4271,3575,696
26125165200,4322,3307,1015
26125166000,2489,2119,370
26125166100,3329,2755,574
26125166200,2937,2315,622
26125166400,3346,2683,663
26125166500,2958,2217,741
26125166600,3494,3037,457
26125166700,2493,1977,516
26125166800,3412,2716,696
26125166900,3529,2848,681
26125167000,5534,4500,1034
26125167300,3723,3160,563
26125167400,5054,4063,991
26125167500,5790,4566,1224
26125167800,4978,4120,858
26125167900,2879,2349,530
26125168100,2375,1916,459
26125168400,3742,2925,817
26125168500,2776,2451,325
26125168601,2734,2174,560
26125168602,3664,3113,551
26125168700,3660,3116,544
26125168800,2414,1959,455
26125168901,4121,3278,843
26125168902,2555,2279,276
26125170000,2553,1999,554
26125170100,2806,2236,570
26125170200,3380,2674,706
26125170300,2663,2085,578
26125170400,3792,3133,659
26125171000,5056,3813,1243
26125171100,3370,2854,516
26125171200,2235,1828,407
26125171300,2994,2435,559
26125171400,6441,4893,1548
26125171500,4896,3818,1078
26125171600,2424,1761,663
26125172400,2144,1801,343
26125172500,2374,1781,593
26125173000,4333,3848,485
26125173100,1580,1404,176
26125173200,2680,2300,380
26125173300,1479,1278,201
26125173400,5072,4423,649
26125173500,2663,2390,273
26125173600,1383,1227,156
26125175000,2780,2370,410
26125175100,4494,3811,683
26125175200,3821,3127,694
26125175300,3888,3191,697
26125180000,2532,2103,429
26125180100,2754,2315,439
26125180200,3365,2925,440
26125180300,2738,2350,388
26125181001,3410,3062,348
26125181100,2828,2388,440
26125181200,6425,5187,1238
26125181300,5521,4622,899
26125181400,2847,2412,435
26125181500,2338,1947,391
26125181600,5099,4149,950
26125183000,3715,3317,398
26125183100,4480,3711,769
26125183200,3364,2900,464
26125183300,2964,2584,380
26125183400,2498,2098,400
26125183500,2064,1808,256
26125183600,4356,3576,780
26125183700,5379,4435,944
26125183800,4598,3820,778
26125183900,2356,2009,347
26125184000,2959,2409,550
26125184100,2867,2458,409
26125184200,4174,3521,653
26125184300,2809,2405,404
26125184400,2630,2299,331
26125184500,2358,2084,274
26125184600,3080,2678,402
26125184700,1560,1378,182
26125187000,2627,2105,522
26125188001,3881,2892,989
26125188100,2507,1860,647
26125190200,4746,3403,1343
26125190400,3786,2859,927
26125190500,2633,1972,661
26125190700,5205,3776,1429
26125190800,3697,2865,832
26125191000,1765,1446,319
26125191100,2479,1994,485
26125191200,4690,3797,893
26125191300,4101,3126,975
26125192000,6186,4903,1283
26125192200,6059,4457,1602
26125192400,4984,3868,1116
26125192500,3129,2269,860
26125192700,3202,2397,805
26125193000,3266,2544,722
26125193100,3859,3009,850
26125193300,4812,3950,862
26125193400,4564,3407,1157
26125193500,3487,2614,873
26125193600,2744,2161,583
26125193700,4718,3650,1068
26125194000,5739,4512,1227
26125194100,3132,2469,663
26125194200,2063,1732,331
26125194300,4422,3443,979
26125194400,3859,3265,594
26125194500,1282,1189,93
26125194600,4431,3465,966
26125196000,6345,4867,1478
26125196100,6573,4997,1576
26125196200,4055,3192,863
26125196300,3862,3094,768
26125196400,4015,3207,808
26125196500,5591,4264,1327
26125196600,2402,1798,604
26125196700,2861,2146,715
26125196800,4699,3658,1041
26125196900,3765,2856,909
26125197000,5147,3898,1249
26125197100,2987,2277,710
26125197200,3846,2893,953
26125197300,4810,4021,789
26125197400,2356,2017,339
26125197500,4136,3216,920
26125197600,1944,1638,306
26125197701,5304,3983,1321
26125197702,2270,1799,471
26125197900,3837,2923,914
26125198000,3914,2937,977
26125198100,2575,2339,236
26125981300,2742,2722,20
26125981500,94,72,22
26127010300,7111,5229,1882
26127010400,4081,3125,956
26127010500,3037,2261,776
26127010600,5614,4314,1300
26127010800,2876,2440,436
26127010900,2280,1861,419
26127011000,1660,1392,268
26129950100,2256,1888,368
26129950200,3185,2552,633
26129950300,1563,1329,234
26129950400,2986,2490,496
26129950500,4609,3712,897
26129950600,2640,2143,497
26129950901,1736,1340,396
26129950902,1795,1462,333
26131970100,1611,1391,220
26131970200,2431,2139,292
26131970300,1774,1617,157
26133970100,3986,3078,908
26133970200,4063,3050,1013
26133970300,3197,2469,728
26133970400,3164,2382,782
26133970501,2120,1677,443
26133970502,2052,1609,443
26133970600,4309,3260,1049
26135970201,1544,1342,202
26135970202,1665,1303,362
26135970300,1642,1378,264
26135970400,1936,1511,425
26135970500,1432,1197,235
26137950100,2805,2240,565
26137950200,5721,4499,1222
26137950300,5936,4614,1322
26137950400,2160,1786,374
26137950500,3830,3108,722
26137950600,4639,3657,982
26139020100,5286,4043,1243
26139020200,4828,3400,1428
26139020400,4572,3439,1133
26139020501,3625,2736,889
26139020503,3847,2891,956
26139020504,2627,2189,438
26139020600,3317,2751,566
26139020900,4623,3728,895
26139021000,5614,4624,990
26139021100,4920,3873,1047
26139021201,6016,4405,1611
26139021203,4036,3122,914
26139021204,3004,2568,436
26139021301,3343,2572,771
26139021303,2737,2038,699
26139021304,5936,4645,1291
26139021401,3441,2590,851
26139021402,5361,4213,1148
26139021501,4906,3850,1056
26139021502,3889,3105,784
26139021603,4603,3404,1199
26139021604,7033,5224,1809
26139021605,3965,2932,1033
26139021606,4969,3816,1153
26139021700,5275,3587,1688
26139021801,4837,3574,1263
26139021802,4686,3429,1257
26139021901,5129,3740,1389
26139021903,5175,3891,1284
26139021904,3206,2326,880
26139022001,6106,4342,1764
26139022002,4107,3351,756
26139022103,1497,1210,287
26139022105,5994,4500,1494
26139022106,3873,3025,848
26139022107,1231,1012,219
26139022108,6030,4889,1141
26139022206,4792,3728,1064
26139022207,4035,3205,830
26139022208,4934,3541,1393
26139022600,2222,1752,470
26139022900,6336,4646,1690
26139023001,7654,5167,2487
26139023003,4242,2932,1310
26139023004,4163,2849,1314
26139023101,5538,3917,1621
26139023102,6330,4642,1688
26139023200,2565,1906,659
26139023500,5264,3588,1676
26139023600,2492,1834,658
26139024300,5327,3899,1428
26139024401,6043,4604,1439
26139024402,4499,3125,1374
26139024501,5477,5029,448
26139024502,7267,7126,141
26139024600,7288,5159,2129
26139024901,3687,2934,753
26139024902,2986,2919,67
26139025101,3642,2757,885
26139025102,3654,2889,765
26139025200,5727,4433,1294
26139025500,4366,3325,1041
26139025700,5971,4735,1236
26139025800,6055,4393,1662
26141950100,1795,1599,196
26141950200,2669,2200,469
26141950300,2063,1792,271
26141950400,2436,1949,487
26141950500,2608,2171,437
26141950600,1411,1274,137
26143970100,1712,1497,215
26143970200,1746,1487,259
26143970300,2878,2344,534
26143970401,1144,1015,129
26143970402,688,626,62
26143970500,1017,921,96
26143970600,2138,1898,240
26143970700,2477,2190,287
26143971001,1637,1390,247
26143971002,1034,892,142
26143971003,1524,1247,277
26143971100,2711,2280,431
26143971200,2753,2351,402
26145000100,653,497,156
26145000200,1382,939,443
26145000400,982,815,167
26145000600,1477,1116,361
26145000700,1330,1076,254
26145000800,2258,1703,555
26145000900,2812,2008,804
26145001000,3314,2431,883
26145001100,2804,1788,1016
26145001200,2820,2032,788
26145001300,2173,1583,590
26145001400,2628,1971,657
26145001500,3669,2770,899
26145001600,3434,2425,1009
26145001700,1751,1324,427
26145001800,1415,1071,344
26145001900,1740,1243,497
26145002000,3351,2498,853
26145002100,4154,3241,913
26145010101,6028,4774,1254
26145010102,4578,3404,1174
26145010200,4911,3472,1439
26145010303,3566,2964,602
26145010304,5013,4112,901
26145010305,3392,2726,666
26145010306,5187,4146,1041
26145010401,2635,2167,468
26145010402,5695,4645,1050
26145010404,2707,2155,552
26145010405,2845,2382,463
26145010501,2603,2080,523
26145010502,5612,4675,937
26145010600,2484,1843,641
26145010700,5750,4520,1230
26145010800,2197,1758,439
26145011001,3070,2219,851
26145011002,2339,1691,648
26145011100,1649,1268,381
26145011200,1874,1512,362
26145011301,3133,2554,579
26145011302,3749,3076,673
26145011500,2539,1950,589
26145011600,3664,2869,795
26145011701,1660,1370,290
26145011702,2241,1849,392
26145011800,1975,1590,385
26145011901,1792,1493,299
26145011902,2277,1868,409
26145012001,3550,2860,690
26145012002,3824,3037,787
26145012003,4557,3781,776
26145012100,3955,3109,846
26145012200,1618,1250,368
26145012300,2892,2331,561
26145012400,1842,1474,368
26145012500,3829,3067,762
26145012600,3421,2733,688
26145012700,4649,3703,946
26145012900,4722,3673,1049
26145013000,4065,3249,816
26145013100,5888,4674,1214
26147620000,4719,3512,1207
26147621000,3488,2647,841
26147622000,4047,3039,1008
26147623000,2986,2188,798
26147624000,1598,1290,308
26147625001,1486,1236,250
26147626001,1938,1513,425
26147627000,2542,2064,478
26147628000,3481,2706,775
26147629000,2678,2232,446
26147630100,1359,1200,159
26147630400,5900,4550,1350
26147631100,1931,1603,328
26147631600,2052,1747,305
26147632000,4077,3242,835
26147633100,2828,2259,569
26147633200,2695,2141,554
26147634100,3804,3047,757
26147634600,5805,4567,1238
26147635000,6216,4986,1230
26147636000,4576,3445,1131
26147637100,3940,2991,949
26147637200,3821,2916,905
26147637300,2236,1897,339
26147640100,2296,1858,438
26147640200,2442,1914,528
26147640600,2347,1853,494
26147641000,3509,2785,724
26147642000,5464,4329,1135
26147643000,3704,3148,556
26147644000,4228,3441,787
26147645000,3257,2640,617
26147646000,4510,3661,849
26147647000,2977,2681,296
26147648000,959,899,60
26147649000,4196,3422,774
26147650100,3952,3103,849
26147650200,1015,909,106
26147651100,1871,1504,367
26147651200,2122,1654,468
26147651600,4112,3235,877
26147652100,2405,1919,486
26147652600,3180,2506,674
26147655100,4917,3863,1054
26147655600,3319,2602,717
26147657100,1987,1471,516
26147657200,5362,4251,1111
26147658100,2515,1981,534
26147658500,3514,2815,699
26149040100,3640,2741,899
26149040200,1909,1352,557
26149040300,2933,2276,657
26149040400,2236,1611,625
26149040500,2901,2074,827
26149040600,3140,2349,791
26149040700,3160,2273,887
26149040800,3321,2383,938
26149040900,4098,3266,832
26149041000,3528,2753,775
26149041101,4104,3091,1013
26149041102,3194,2558,636
26149041200,2950,2274,676
26149041301,3224,2461,763
26149041302,3380,2535,845
26149041400,4997,3901,1096
26149041500,4381,3240,1141
26149041600,3843,2849,994
26151970100,1667,1387,280
26151970200,2442,1820,622
26151970300,3452,2576,876
26151970400,3835,2927,908
26151970500,2301,1954,347
26151970600,2037,1760,277
26151970700,1300,1156,144
26151970800,5774,4453,1321
26151970900,4913,3925,988
26151971000,4292,3341,951
26151971100,3492,2589,903
26151971200,5106,4025,1081
26153000100,2513,2062,451
26153000200,2455,2112,343
26153000300,3079,2477,602
26155030100,5694,4558,1136
26155030200,3449,2769,680
26155030300,5744,4508,1236
26155030400,2862,2298,564
26155030500,3370,2565,805
26155030600,1786,1373,413
26155030700,2208,1678,530
26155030800,3319,2524,795
26155031301,4088,3246,842
26155031302,4048,3238,810
26155031401,6231,4870,1361
26155031402,3687,2977,710
26155031501,3565,2793,772
26155031502,2667,1990,677
26155031600,3528,2831,697
26155031700,4068,3333,735
26155031800,4024,3308,716
26155031900,3756,3021,735
26157000100,4283,3377,906
26157000200,3039,2340,699
26157000300,3057,2446,611
26157000400,3298,2585,713
26157000500,5064,4051,1013
26157000600,4565,3535,1030
26157000700,3325,2679,646
26157000800,3643,2886,757
26157000900,5201,3947,1254
26157001000,5274,4126,1148
26157001100,3429,2693,736
26157001200,4367,3488,879
26157001300,4778,3800,978
26159010101,4357,3389,968
26159010102,2418,1921,497
26159010201,3444,2642,802
26159010202,2518,1942,576
26159010300,1823,1648,175
26159010400,2482,1967,515
26159010500,3696,2825,871
26159010600,2510,1885,625
26159010901,3833,2965,868
26159010902,3981,3021,960
26159011003,3939,2981,958
26159011004,3631,2789,842
26159011300,4522,3453,1069
26159011400,4303,3096,1207
26159011500,3338,2618,720
26159011601,3823,2983,840
26159011602,2320,1857,463
26159011801,2516,2003,513
26159011802,4365,3499,866
26159011900,5855,4289,1566
26159012001,4008,2970,1038
26159012002,1905,1462,443
26161400100,1958,1871,87
26161400300,4212,3897,315
26161400400,3014,2455,559
26161400500,7235,6849,386
26161400600,5090,4487,603
26161400700,2569,2300,269
26161400800,3410,3214,196
26161402100,2917,2721,196
26161402201,5503,5280,223
26161402300,2813,2441,372
26161402500,2311,1881,430
26161402601,4091,3574,517
26161402700,5396,4368,1028
26161403100,1542,1204,338
26161403200,3369,2699,670
26161403300,4220,3355,865
26161403400,3114,2516,598
26161403500,3026,2501,525
26161403600,5818,5022,796
26161403800,3153,2556,597
26161404100,3069,2488,581
26161404200,1983,1656,327
26161404300,2696,2133,563
26161404400,2275,1734,541
26161404500,4421,4001,420
26161404600,4751,4056,695
26161405100,2264,1811,453
26161405200,4897,4155,742
26161405300,5133,4008,1125
26161405400,2048,1700,348
26161405500,2365,1952,413
26161405600,4544,3461,1083
26161406000,3673,2979,694
26161407000,5215,4136,1079
26161407400,6466,4508,1958
26161407600,3151,2487,664
26161410100,3306,2815,491
26161410200,3145,2827,318
26161410300,3871,3338,533
26161410400,3584,2948,636
26161410500,2153,1822,331
26161410600,3007,1929,1078
26161410700,1454,1273,181
26161410800,1711,1442,269
26161410900,1433,1201,232
26161411000,2490,2305,185
26161411200,2665,2048,617
26161411700,2331,1856,475
26161411900,3743,2985,758
26161412000,3728,2899,829
26161412100,3732,2891,841
26161412300,2990,2172,818
26161412600,2602,2436,166
26161412700,4983,3902,1081
26161413000,3635,2889,746
26161413200,5190,3840,1350
26161413401,4607,3418,1189
26161413402,5586,4078,1508
26161413403,1962,1599,363
26161414000,3193,2689,504
26161414200,2930,2439,491
26161414300,3025,2472,553
26161414500,3073,2320,753
26161414700,1584,1455,129
26161414900,3704,2858,846
26161415200,2407,2027,380
26161415400,2123,1813,310
26161415600,2594,1866,728
26161415800,3608,2878,730
26161416000,3686,2653,1033
26161416200,5169,3957,1212
26161420000,3745,2980,765
26161420200,3338,2620,718
26161421100,3865,2926,939
26161422201,3582,2714,868
26161422202,3923,3101,822
26161423400,6368,5083,1285
26161423600,2606,2024,582
26161425000,4380,3408,972
26161426001,2252,1771,481
26161426002,2036,1521,515
26161431000,4626,3736,890
26161432000,4764,3953,811
26161444000,6696,5166,1530
26161445000,2656,2190,466
26161446200,2252,1954,298
26161446400,3215,2448,767
26161447000,3311,2644,667
26161448000,4024,3006,1018
26161453000,5212,4204,1008
26161454001,1257,1007,250
26161454002,3719,2811,908
26161455000,5072,3814,1258
26161456000,5914,4553,1361
26161461000,7371,5598,1773
26161464000,7018,5492,1526
26161465001,2136,1677,459
26161465002,3810,3137,673
26161466000,2604,2094,510
26161980101,6052,5856,196
26161980102,3713,3691,22
26161980300,2012,1995,17
26161980500,2376,2357,19
26161980600,1603,1581,22
26163500100,3996,2752,1244
26163500200,3037,2088,949
26163500300,2149,1464,685
26163500400,751,551,200
26163500500,1507,1076,431
26163500600,2692,1860,832
26163500700,4109,2779,1330
26163500800,2569,1784,785
26163500900,3706,2573,1133
26163501000,2945,2029,916
26163501100,3328,2287,1041
26163501200,1609,1102,507
26163501300,3078,2175,903
26163501400,3624,2685,939
26163501500,4056,2893,1163
26163501600,1955,1467,488
26163501700,2218,1765,453
26163501800,4117,3202,915
26163501900,2490,1720,770
26163502000,1858,1289,569
26163502600,3321,2318,1003
26163502700,2359,1852,507
26163503100,2996,2221,775
26163503200,3002,2068,934
26163503300,3407,2308,1099
26163503400,886,673,213
26163503500,2709,1937,772
26163503600,1476,1080,396
26163503900,1730,1265,465
26163504000,1093,772,321
26163504100,1173,895,278
26163504200,1644,1218,426
26163504300,1834,1402,432
26163504400,1416,1045,371
26163505100,2888,2253,635
26163505200,2943,2204,739
26163505400,1927,1417,510
26163505600,4078,2992,1086
26163505700,2936,2299,637
26163505800,3337,2221,1116
26163506100,1875,1379,496
26163506200,1814,1353,461
26163506300,1860,1361,499
26163506400,842,697,145
26163506500,1963,1459,504
26163506600,2713,1970,743
26163506700,1023,770,253
26163506800,3904,2906,998
26163506900,3579,2551,1028
26163507000,2720,1886,834
26163507100,2266,1690,576
26163507200,1003,750,253
26163507300,2285,1687,598
26163507400,2488,1891,597
26163507500,2221,1681,540
26163508000,1098,835,263
26163508100,1271,963,308
26163509000,1975,1511,464
26163509100,4563,3214,1349
26163510600,5499,3661,1838
26163511200,1188,940,248
26163511300,2231,1511,720
26163511400,2005,1675,330
26163511900,1559,1320,239
26163512800,2415,1819,596
26163513200,1504,1183,321
26163513300,1971,1669,302
26163513700,2982,2307,675
26163513800,2367,1945,422
26163513900,1556,1165,391
26163514100,1732,1304,428
26163514200,1828,1485,343
26163514300,2163,1726,437
26163514500,861,654,207
26163515200,1315,1120,195
26163515300,2708,2439,269
26163515400,1358,1128,230
26163515700,4618,4417,201
26163516000,2235,1722,513
26163516400,1097,978,119
26163516500,2560,2441,119
26163516600,2377,1679,698
26163516700,3218,2604,614
26163516800,569,474,95
26163516900,2111,1948,163
26163517000,2978,2852,126
26163517100,1552,1479,73
26163517200,1758,1650,108
26163517300,2131,1683,448
26163517500,2856,2528,328
26163518000,2280,2016,264
26163518900,2121,1462,659
26163519000,1091,879,212
26163519100,1037,861,176
26163519200,1440,1164,276
26163519300,1208,1057,151
26163520200,3650,3550,100
26163520300,2622,2505,117
26163520400,1940,1583,357
26163520700,3151,3067,84
26163520800,1242,1185,57
26163521100,1544,1259,285
26163521400,1403,1211,192
26163521500,1354,1031,323
26163521800,1466,1179,287
26163521900,2943,2409,534
26163522000,1789,1341,448
26163522300,1193,982,211
26163522400,924,614,310
26163522500,1442,1181,261
26163522800,1186,913,273
26163523100,1336,948,388
26163523200,3247,2252,995
26163523300,2914,2023,891
26163523400,2196,1669,527
26163523800,3759,2544,1215
26163524001,2553,1797,756
26163524101,3730,2583,1147
26163524200,4366,2884,1482
26163524300,2626,1776,850
26163524500,83,71,12
26163524600,1401,1016,385
26163524700,3768,2954,814
26163524800,2586,1958,628
26163525400,1795,1312,483
26163525700,4403,2906,1497
26163525800,1781,1140,641
26163525900,2610,1771,839
26163526000,3043,1948,1095
26163526100,2753,1679,1074
26163526200,3026,1869,1157
26163526300,3345,2104,1241
26163526400,1417,964,453
26163526500,1796,1312,484
26163527900,1835,1386,449
26163530100,2336,1867,469
26163530200,3546,2903,643
26163530300,1341,1026,315
26163530400,1283,901,382
26163530500,2253,1713,540
26163530800,1394,1092,302
26163530900,1698,1281,417
26163531100,946,785,161
26163531200,2242,1793,449
26163531300,1153,893,260
26163531400,1518,1154,364
26163531501,1276,982,294
26163531502,809,580,229
26163531600,1644,1290,354
26163531700,1645,1247,398
26163531800,1500,1127,373
26163531900,866,657,209
26163532100,2162,1780,382
26163532400,1569,1255,314
26163532600,2068,1733,335
26163532700,558,406,152
26163533000,1426,1131,295
26163533100,1388,1055,333
26163533200,1104,839,265
26163533300,1196,922,274
26163533400,2215,1646,569
26163533600,1390,1035,355
26163533800,1921,1445,476
26163533900,3356,2917,439
26163534100,1691,1316,375
26163534200,2991,2257,734
26163534300,1087,820,267
26163534400,1474,1135,339
26163534700,3056,2214,842
26163534800,2205,1641,564
26163535000,2411,1808,603
26163535100,1717,1267,450
26163535200,2019,1516,503
26163535300,3950,2862,1088
26163535600,3727,2896,831
26163535700,1313,897,416
26163535800,3944,2966,978
26163536100,3327,2417,910
26163536200,2165,1545,620
26163536300,2736,1997,739
26163536400,2145,1609,536
26163536500,2097,1597,500
26163536600,2535,1905,630
26163536700,1055,805,250
26163536800,1667,1154,513
26163536900,3374,2418,956
26163537000,3334,2381,953
26163537100,1946,1432,514
26163537200,583,450,133
26163537300,1987,1511,476
26163537500,2714,1988,726
26163537600,3365,2522,843
26163537700,2874,2165,709
26163537800,1545,1125,420
26163538100,2136,1803,333
26163538200,1972,1624,348
26163538300,2162,1772,390
26163538400,3330,2707,623
26163538500,5184,3943,1241
26163538600,4758,3619,1139
26163538700,3823,2911,912
26163538800,1549,1219,330
26163538900,3465,2786,679
26163539000,2769,2061,708
26163539100,1788,1362,426
26163539200,4863,3908,955
26163539300,3793,2945,848
26163539400,3707,2819,888
26163539500,2921,2379,542
26163539600,3197,2439,758
26163539700,2072,1675,397
26163540100,3201,2361,840
26163540200,3183,2322,861
26163540300,3746,2770,976
26163540400,2632,2026,606
26163540500,3466,2563,903
26163540600,3274,2416,858
26163540700,3193,2400,793
26163540800,2110,1627,483
26163540900,3420,2641,779
26163541000,3775,2729,1046
26163541100,2921,2066,855
26163541200,2046,1563,483
26163541300,2664,1920,744
26163541400,2642,2025,617
26163541500,3625,2897,728
26163541700,2538,2054,484
26163541800,2533,1966,567
26163542100,4547,3419,1128
26163542200,3644,2755,889
26163542300,2255,1740,515
26163542400,2651,1923,728
26163542500,2475,1972,503
26163542600,3168,2343,825
26163542900,3319,2682,637
26163543000,1778,1413,365
26163543100,2455,1915,540
26163543200,3008,2291,717
26163543300,3315,2516,799
26163543400,3132,2344,788
26163543500,1210,822,388
26163543700,1785,1157,628
26163543900,785,601,184
26163544000,2534,1985,549
26163544100,2222,1620,602
26163544200,2005,1488,517
26163544300,2428,1795,633
26163544800,1775,1289,486
26163545100,1026,753,273
26163545200,2641,1900,741
26163545500,3878,2590,1288
26163545600,5319,3326,1993
26163545700,2925,1987,938
26163545800,5518,3508,2010
26163545900,3758,2530,1228
26163546000,2925,2008,917
26163546100,3952,2645,1307
26163546201,3067,2214,853
26163546301,1792,1334,458
26163546600,1996,1407,589
26163546700,2816,2091,725
26163547000,3512,2586,926
26163547100,4714,3311,1403
26163547200,3982,2753,1229
26163550100,3945,3088,857
26163550200,4109,3293,816
26163550300,3541,2614,927
26163550400,1648,1354,294
26163550500,4030,3089,941
26163550600,2696,2099,597
26163550700,5817,4433,1384
26163550800,1635,1312,323
26163550900,2570,2114,456
26163551100,5347,4318,1029
26163551200,3982,3083,899
26163551300,4383,3473,910
26163551400,4431,3350,1081
26163551500,2441,1863,578
26163551600,4237,2907,1330
26163551700,3399,2733,666
26163551800,3759,2968,791
26163552000,3701,2612,1089
26163552100,5760,3867,1893
26163552200,4685,3241,1444
26163552300,4656,3222,1434
26163552400,3524,2308,1216
26163552801,6102,3719,2383
26163553000,918,763,155
26163553100,1295,999,296
26163553200,572,446,126
26163553601,1931,1541,390
26163553800,1370,1088,282
26163554100,4247,3229,1018
26163554200,3160,2474,686
26163554300,5157,4036,1121
26163554400,3404,2628,776
26163554500,2766,2166,600
26163554600,3756,2994,762
26163554700,3297,2643,654
26163554800,3611,2993,618
26163554900,3352,2618,734
26163555100,4697,3628,1069
26163555300,3402,2576,826
26163555401,2918,2244,674
26163555500,3050,2458,592
26163555600,2687,2162,525
26163556100,3360,2742,618
26163556200,2783,2416,367
26163556300,3263,2747,516
26163556400,4508,3753,755
26163556500,2172,1945,227
26163556600,3427,2798,629
26163556700,2680,2177,503
26163556800,1810,1510,300
26163556900,3686,2891,795
26163557000,3074,2437,637
26163557100,2626,2186,440
26163557200,2081,1761,320
26163557300,2220,1782,438
26163557400,3363,2683,680
26163557500,3922,3101,821
26163557600,3039,2509,530
26163557700,4258,3631,627
26163557901,4431,3713,718
26163558000,4296,3417,879
26163558100,3451,2854,597
26163558200,4461,3621,840
26163558301,1906,1634,272
26163558400,3903,3269,634
26163558500,3863,3217,646
26163558600,1926,1655,271
26163558700,2729,2151,578
26163558800,2743,2218,525
26163558900,1866,1520,346
26163559000,2710,2114,596
26163559100,2626,2057,569
26163559200,2096,1680,416
26163559800,2891,2236,655
26163560100,2793,2331,462
26163560201,2034,1734,300
26163560202,3562,2974,588
26163560300,3598,2949,649
26163560400,6471,5339,1132
26163561200,7688,5516,2172
26163561301,4350,3263,1087
26163561302,4055,3069,986
26163561600,4056,3418,638
26163561700,2366,1843,523
26163561900,7117,5602,1515
26163562300,2173,1766,407
26163562400,5439,4325,1114
26163562500,1975,1758,217
26163562600,3764,3069,695
26163562700,3631,2868,763
26163562800,3461,2884,577
26163562900,3326,2794,532
26163563200,3022,2387,635
26163563300,3023,2514,509
26163563400,5019,3854,1165
26163563500,6023,4545,1478
26163563600,2078,1622,456
26163563700,1928,1456,472
26163563800,2954,2371,583
26163563900,2650,2113,537
26163564000,2044,1746,298
26163564100,4541,3621,920
26163564200,3944,3012,932
26163564300,2689,2129,560
26163564401,6131,4608,1523
26163564402,6452,4550,1902
26163564501,6122,4207,1915
26163564502,3670,2898,772
26163564503,3498,2804,694
26163564504,8340,6381,1959
26163564600,7112,5392,1720
26163564700,4849,3672,1177
26163564800,4819,3914,905
26163564900,2557,1760,797
26163565001,5194,4029,1165
26163565100,3691,2995,696
26163565200,5239,4388,851
26163565301,1927,1578,349
26163565302,4478,3574,904
26163565600,2088,1647,441
26163565700,3529,2831,698
26163565800,3751,3079,672
26163565900,2626,2102,524
26163566400,1118,886,232
26163566500,2376,1953,423
26163566600,2036,1658,378
26163566700,3977,3136,841
26163566800,3057,2355,702
26163566900,5149,4048,1101
26163567000,3505,2631,874
26163567100,3721,2964,757
26163567201,3577,2787,790
26163567202,3106,2559,547
26163567300,4643,3695,948
26163567400,2732,2399,333
26163567800,4992,4099,893
26163567900,2905,2344,561
26163568000,2266,1946,320
26163568200,3838,3044,794
26163568300,4259,3410,849
26163568400,3799,2990,809
26163568500,4489,3334,1155
26163568700,3806,2935,871
26163568800,3756,3238,518
26163568900,2697,2322,375
26163569100,2504,1975,529
26163569200,2747,2253,494
26163569300,3688,3059,629
26163569400,2857,2345,512
26163569500,2791,2247,544
26163569600,3497,2777,720
26163569700,4328,3536,792
26163569800,2494,1999,495
26163569900,2474,1936,538
26163570100,4107,3115,992
26163570200,3043,2179,864
26163570400,5360,3922,1438
26163570500,3646,2725,921
26163570600,2192,1418,774
26163570800,2935,2043,892
26163570900,2560,1932,628
26163571000,2245,1656,589
26163571500,5226,3754,1472
26163571600,1929,1456,473
26163571700,2758,2000,758
26163571800,3640,2771,869
26163571900,3035,2384,651
26163572000,2213,1631,582
26163572100,7106,5072,2034
26163572200,7155,5412,1743
26163572400,1512,1146,366
26163572500,1906,1423,483
26163572600,5439,4206,1233
26163572700,4624,3655,969
26163572800,5929,4563,1366
26163572900,2660,2061,599
26163573000,3340,2449,891
26163573100,4820,3565,1255
26163573300,4463,2902,1561
26163573400,5706,4150,1556
26163573501,5119,3194,1925
26163573600,7392,4970,2422
26163573701,2070,1464,606
26163573702,7178,4838,2340
26163573800,5715,3762,1953
26163573900,6018,3877,2141
26163574000,6694,4403,2291
26163574100,4875,3244,1631
26163574203,3265,2642,623
26163574301,3774,2729,1045
26163574600,5352,4031,1321
26163574700,4979,3703,1276
26163574800,4588,3369,1219
26163574900,1895,1607,288
26163575000,4702,3826,876
26163575100,2712,2181,531
26163575200,4389,3391,998
26163575300,3804,3024,780
26163575401,3437,2709,728
26163575500,4184,3219,965
26163575600,1861,1443,418
26163576001,1922,1541,381
26163576100,6260,4930,1330
26163576200,2566,2049,517
26163576300,2383,1877,506
26163576400,3596,2922,674
26163576500,3901,3147,754
26163576600,4361,3435,926
26163576700,3649,2992,657
26163577000,4419,3339,1080
26163577100,3251,2294,957
26163577200,3495,2598,897
26163577300,3386,2556,830
26163577400,3613,2812,801
26163577500,3591,2750,841
26163577600,4006,3044,962
26163577700,2437,1882,555
26163577800,5173,3984,1189
26163577900,4206,3220,986
26163578000,2668,2108,560
26163578500,6408,4373,2035
26163578600,6443,4674,1769
26163579100,1734,1239,495
26163579200,3060,2191,869
26163579300,2430,1721,709
26163579501,1520,1114,406
26163579600,3318,2367,951
26163579700,2966,2262,704
26163579800,1494,1106,388
26163579900,5789,4567,1222
26163580100,1920,1571,349
26163580200,2818,2223,595
26163580300,2765,2184,581
26163580400,2594,2114,480
26163580500,2953,2458,495
26163580600,3105,2470,635
26163580700,3484,2999,485
26163580800,1511,1214,297
26163580900,3908,3170,738
26163581101,3849,3184,665
26163581200,3736,3231,505
26163581500,2385,1870,515
26163581600,5811,4834,977
26163581800,2665,2136,529
26163581900,4614,3647,967
26163582000,3049,2574,475
26163582100,3894,3220,674
26163583001,2568,1990,578
26163583101,3963,3049,914
26163583200,2924,2267,657
26163583300,2562,2045,517
26163583400,4987,3976,1011
26163583500,2695,2181,514
26163583600,2593,2086,507
26163583700,3705,2986,719
26163583800,4540,3688,852
26163583900,4056,3166,890
26163584000,4670,3529,1141
26163584100,1822,1460,362
26163584200,3619,2882,737
26163584300,2054,1615,439
26163584400,3166,2544,622
26163584501,2636,2210,426
26163584600,2014,1568,446
26163584700,2511,2033,478
26163584801,3311,2011,1300
26163584802,2907,2047,860
26163585500,1822,1413,409
26163585600,3948,2936,1012
26163585700,2095,1642,453
26163585800,4955,3695,1260
26163585900,3169,2582,587
26163586201,7088,5155,1933
26163586300,2056,1628,428
26163587000,4008,3223,785
26163587900,7015,5293,1722
26163588001,3290,2813,477
26163588002,2871,2356,515
26163588101,1370,1069,301
26163588102,1265,1069,196
26163588200,3134,2718,416
26163588300,5708,4538,1170
26163588400,5722,4616,1106
26163589300,3609,2858,751
26163589401,2405,1977,428
26163589402,3646,2697,949
26163590401,7844,5815,2029
26163590500,6570,5182,1388
26163590600,2477,2032,445
26163591501,3912,2954,958
26163591502,3475,2708,767
26163591600,2287,1771,516
26163591700,7337,5879,1458
26163591800,6189,4774,1415
26163591900,5305,4207,1098
26163592000,4689,3457,1232
26163593001,5451,4398,1053
26163593200,3931,3206,725
26163593301,3541,2723,818
26163594000,2532,2160,372
26163594100,4387,3510,877
26163594200,2520,2054,466
26163594300,3141,2550,591
26163594401,2857,2276,581
26163594500,3082,2571,511
26163595000,3790,3093,697
26163595100,5527,4508,1019
26163595201,3164,2568,596
26163596100,3670,3070,600
26163596200,4321,3401,920
26163596300,2797,2211,586
26163597000,4997,4021,976
26163598000,3240,2601,639
26163599001,5274,3968,1306
26163599100,5247,3908,1339
26163982400,99,92,7
26163983400,256,241,15
26163985100,154,136,18
26163985300,220,208,12
26165380100,5121,3741,1380
26165380200,5083,3835,1248
26165380300,2695,2197,498
26165380400,4779,3819,960
26165380500,6684,5179,1505
26165380600,3169,2360,809
26165380700,2771,2080,691
26165380800,3371,2683,688
27001770100,2244,1916,328
27001770200,2278,1851,427
27001770300,3298,2634,664
27001770401,1308,1109,199
27001770402,1562,1198,364
27001790501,1887,1626,261
27001790503,1749,1536,213
27001790504,1371,1164,207
27003050107,3108,2246,862
27003050108,5510,3979,1531
27003050109,5510,4222,1288
27003050110,2661,2102,559
27003050111,3615,2842,773
27003050114,3063,2400,663
27003050115,5866,4463,1403
27003050116,4536,3428,1108
27003050208,3191,2476,715
27003050210,4159,3344,815
27003050215,4133,3266,867
27003050216,6042,4419,1623
27003050217,3499,2549,950
27003050218,3220,2480,740
27003050219,2947,2303,644
27003050220,6827,5073,1754
27003050222,5581,4103,1478
27003050223,2972,2262,710
27003050224,3886,2820,1066
27003050226,3159,2421,738
27003050227,4587,3326,1261
27003050228,6767,4992,1775
27003050229,5516,4480,1036
27003050230,2891,2059,832
27003050232,3896,2929,967
27003050233,3087,2355,732
27003050234,3295,2505,790
27003050235,2994,2266,728
27003050236,4321,3230,1091
27003050237,5584,4250,1334
27003050238,4485,3171,1314
27003050239,2851,2031,820
27003050240,3315,2402,913
27003050241,2960,2203,757
27003050401,3012,2301,711
27003050402,3585,2938,647
27003050501,3184,2693,491
27003050504,2547,1985,562
27003050505,5593,4228,1365
27003050602,2540,1853,687
27003050605,5798,4528,1270
27003050606,2010,1582,428
27003050607,4539,3474,1065
27003050608,4810,3700,1110
27003050609,3919,3109,810
27003050611,3630,2835,795
27003050612,2873,2227,646
27003050702,3194,2481,713
27003050704,4779,3684,1095
27003050706,3503,2543,960
27003050707,6233,4781,1452
27003050709,2519,2070,449
27003050710,3564,2741,823
27003050711,5129,3882,1247
27003050712,4559,3513,1046
27003050807,4303,3193,1110
27003050808,2193,1725,468
27003050810,4745,3788,957
27003050811,3008,2347,661
27003050816,6769,4730,2039
27003050818,7828,5323,2505
27003050819,5574,3831,1743
27003050820,3357,2468,889
27003050821,4885,3694,1191
27003050822,2967,2125,842
27003050823,4137,3066,1071
27003050824,4037,3145,892
27003050825,3148,2230,918
27003050826,3690,2819,871
27003050827,2509,1839,670
27003050828,3318,2501,817
27003050829,3754,2736,1018
27003050901,2248,1712,536
27003050902,5025,3917,1108
27003051001,3040,2440,600
27003051002,3943,3101,842
27003051101,5254,4109,1145
27003051102,4774,3580,1194
27003051103,3606,2572,1034
27003051201,3958,3010,948
27003051202,3943,3010,933
27003051203,5493,4424,1069
27003051206,2562,2021,541
27003051302,4698,3528,1170
27003051304,2428,1903,525
27003051305,3511,2654,857
27003051400,5737,4376,1361
27003051501,3335,2486,849
27003051502,3222,2622,600
27003051600,5334,4184,1150
27005450100,3199,2192,1007
27005450200,2247,1690,557
27005450300,5258,3993,1265
27005450400,2754,2098,656
27005450500,4813,3617,1196
27005450600,3433,2777,656
27005450700,3339,2656,683
27005450800,2527,1938,589
27005450900,3660,2923,737
27005940000,3953,2852,1101
27007450101,2303,1638,665
27007450102,4792,3551,1241
27007450201,1489,1123,366
27007450202,5611,4364,1247
27007450300,4613,3579,1034
27007450400,2904,2244,660
27007450500,1732,1338,394
27007450600,5018,4259,759
27007450703,1946,1434,512
27007450704,3693,2894,799
27007450705,2118,1563,555
27007450706,2336,1758,578
27007940001,5506,3407,2099
27007940002,2167,1624,543
27009020100,5999,4329,1670
27009020202,2815,2090,725
27009020203,2991,2091,900
27009020205,3402,2558,844
27009020206,2583,2160,423
27009020300,3949,2878,1071
27009021102,4565,3515,1050
27009021103,3512,2692,820
27009021104,4735,3411,1324
27009021201,6828,5231,1597
27011950100,1358,1069,289
27011950200,1732,1357,375
27011950300,2076,1649,427
27013170100,5448,4035,1413
27013170200,8140,6202,1938
27013170300,3040,2426,614
27013170400,4167,3482,685
27013170500,4636,3711,925
27013170600,2373,1951,422
27013170700,2554,2108,446
27013170800,4943,3781,1162
27013170900,2988,2369,619
27013171000,3500,2613,887
27013171101,6002,5442,560
27013171202,7391,6312,1079
27013171300,3787,2847,940
27013171400,3382,2606,776
27013171500,2618,2014,604
27013171600,4143,3171,972
27015960101,1893,1530,363
27015960102,1274,977,297
27015960200,4565,3606,959
27015960300,3232,2481,751
27015960400,4740,3860,880
27015960500,3685,2817,868
27015960600,3103,2376,727
27015960700,3420,2663,757
27017070100,5340,4021,1319
27017070200,4145,3230,915
27017070300,5612,4145,1467
27017070401,3606,2799,807
27017070402,4265,3366,899
27017070501,3647,3203,444
27017070502,3132,2418,714
27017070600,3375,2666,709
27017940000,3085,2231,854
27019090101,3077,2211,866
27019090102,3001,2259,742
27019090200,4687,3338,1349
27019090302,6412,4312,2100
27019090303,3773,2932,841
27019090304,3144,2346,798
27019090401,7624,5200,2424
27019090402,6500,4756,1744
27019090501,2750,1919,831
27019090502,3056,2160,896
27019090503,2606,1921,685
27019090601,4000,3185,815
27019090602,2949,2115,834
27019090702,3723,2533,1190
27019090703,4728,3696,1032
27019090704,2139,1742,397
27019090801,7300,5621,1679
27019090802,2371,1666,705
27019090901,3188,2422,766
27019090902,2044,1596,448
27019091001,5280,3943,1337
27019091002,6768,4545,2223
27019091100,7554,5304,2250
27019091201,5112,3863,1249
27019091202,3136,2305,831
27021940001,4214,3422,792
27021940002,3344,2210,1134
27021960100,2002,1620,382
27021960200,2375,2044,331
27021960301,1000,931,69
27021960302,1282,1141,141
27021960600,3123,2562,561
27021960700,4539,3471,1068
27021960801,3651,2891,760
27021960803,2100,1614,486
27021960804,2436,1934,502
27023950300,2047,1632,415
27023950400,2344,1750,594
27023950500,2302,1755,547
27023950601,3005,2251,754
27023950602,2900,2205,695
27025110100,4170,3350,820
27025110201,2728,2290,438
27025110202,4463,3442,1021
27025110301,4084,3125,959
27025110302,6703,4924,1779
27025110402,4589,3538,1051
27025110403,5122,3787,1335
27025110404,4279,3271,1008
27025110501,4128,3322,806
27025110503,4373,3405,968
27025110504,2391,1976,415
27025110600,5421,4011,1410
27025110700,4170,3128,1042
27027020300,3003,2521,482
27027020400,3875,3473,402
27027020500,5122,4016,1106
27027020600,4384,3428,956
27027020700,2638,2145,493
27027030106,2123,1597,526
27027030107,1667,1237,430
27027030108,5695,3889,1806
27027030109,3890,2891,999
27027030110,5567,3788,1779
27027030111,5016,3453,1563
27027030112,4648,3383,1265
27027030201,5915,4321,1594
27027030202,5014,3648,1366
27027030300,4045,3063,982
27027030400,2716,1981,735
27029000100,2580,1981,599
27029000200,2827,2127,700
27029000300,3117,2309,808
27031480101,1522,1226,296
27031480102,1926,1682,244
27031480200,2152,1801,351
27033270100,2758,2105,653
27033270200,2311,1826,485
27033270300,3199,2428,771
27033270400,3249,2410,839
27035950100,2065,1805,260
27035950204,1992,1711,281
27035950401,4181,3163,1018
27035950402,1613,1321,292
27035950501,2643,2192,451
27035950502,2763,2262,501
27035950701,2725,2222,503
27035950702,3047,2342,705
27035950801,1846,1549,297
27035950802,2936,2268,668
27035950901,2998,2311,687
27035950902,2587,2091,496
27035951000,4217,3185,1032
27035951100,4868,3698,1170
27035951200,2843,2202,641
27035951301,5384,4034,1350
27035951303,3968,3102,866
27035951304,2522,1907,615
27035951400,5341,3990,1351
27035951600,2559,2108,451
27035951700,3025,2540,485
27037060101,3776,2916,860
27037060102,2890,2220,670
27037060103,2793,2119,674
27037060104,5849,4670,1179
27037060105,5307,4195,1112
27037060201,2670,2061,609
27037060202,3534,2772,762
27037060301,4437,3384,1053
27037060302,3654,2804,850
27037060401,2601,1968,633
27037060402,3594,2726,868
27037060502,4489,3389,1100
27037060503,4994,3885,1109
27037060505,6704,5058,1646
27037060506,5499,4524,975
27037060507,3285,2673,612
27037060508,5886,4415,1471
27037060509,5735,4640,1095
27037060603,4590,3596,994
27037060604,3394,2834,560
27037060605,1850,1480,370
27037060606,2902,2339,563
27037060709,5898,4450,1448
27037060710,4468,3315,1153
27037060711,4821,3870,951
27037060713,3211,2524,687
27037060714,4594,3602,992
27037060716,3650,2855,795
27037060717,2408,1782,626
27037060721,2671,2224,447
27037060725,4314,3486,828
27037060726,3158,2469,689
27037060727,3570,2884,686
27037060728,5477,4124,1353
27037060729,3930,3123,807
27037060731,5142,3775,1367
27037060732,5526,4189,1337
27037060733,4118,3169,949
27037060734,4683,3619,1064
27037060735,5113,4031,1082
27037060737,5078,4193,885
27037060738,3771,2872,899
27037060739,5857,4442,1415
27037060742,3704,2923,781
27037060743,1544,1112,432
27037060744,1688,1305,383
27037060745,4719,3574,1145
27037060746,3524,2825,699
27037060747,3818,2973,845
27037060748,3583,2738,845
27037060749,1558,1326,232
27037060750,4361,3539,822
27037060751,2609,1990,619
27037060752,3335,2526,809
27037060753,2340,1730,610
27037060754,4931,3694,1237
27037060805,3671,2556,1115
27037060806,5813,4515,1298
27037060811,5632,4405,1227
27037060812,6085,4548,1537
27037060813,4752,3780,972
27037060814,6051,4558,1493
27037060815,5376,3981,1395
27037060816,6776,4655,2121
27037060819,6341,4606,1735
27037060822,1416,1073,343
27037060823,4297,3312,985
27037060824,3609,2876,733
27037060828,5335,4091,1244
27037060829,3948,2980,968
27037060830,4146,2979,1167
27037060831,7174,4724,2450
27037060832,5436,3861,1575
27037060833,4362,3156,1206
27037060834,2837,2121,716
27037060835,5642,3849,1793
27037060836,5015,3469,1546
27037060837,5582,3630,1952
27037060838,4431,3482,949
27037060839,5263,3731,1532
27037060840,3408,2607,801
27037060841,3466,2641,825
27037060902,4495,3283,1212
27037060904,3797,2889,908
27037060905,5974,4085,1889
27037060906,3212,2352,860
27037060907,8103,5378,2725
27037061001,4283,3141,1142
27037061003,2674,1841,833
27037061005,2356,1739,617
27037061007,4800,3665,1135
27037061008,2294,1807,487
27037061009,7316,4833,2483
27037061010,3575,2471,1104
27037061011,2635,2037,598
27037061102,4560,3595,965
27037061105,2502,1907,595
27037061106,2839,2258,581
27037061109,3239,2529,710
27037061110,3100,2364,736
27037061111,3083,2422,661
27037061112,3279,2505,774
27037061401,3111,2429,682
27037061402,3774,2823,951
27037061501,2357,1870,487
27037061502,3055,2378,677
27039950100,4445,3349,1096
27039950200,4030,2951,1079
27039950300,2320,1718,602
27039950400,3546,2657,889
27039950500,6526,4664,1862
27041450100,3307,2576,731
27041450200,3780,2983,797
27041450500,4905,3712,1193
27041450601,3497,2707,790
27041450602,3120,2431,689
27041450702,2894,2296,598
27041450703,2475,2058,417
27041450704,3204,2583,621
27041450800,3660,2847,813
27041450900,3627,2858,769
27041451000,4537,3529,1008
27043460100,1830,1424,406
27043460200,2139,1675,464
27043460300,1799,1401,398
27043460400,3175,2537,638
27043460500,2317,1822,495
27043460600,2661,2011,650
27045960100,3430,2610,820
27045960200,4767,3572,1195
27045960300,3560,2786,774
27045960400,3238,2406,832
27045960500,3161,2313,848
27045960600,3072,2424,648
27047180100,2851,2170,681
27047180200,2594,2018,576
27047180300,3352,2629,723
27047180400,3216,2519,697
27047180500,4350,3456,894
27047180600,4049,3018,1031
27047180700,2440,1948,492
27047180800,2452,1871,581
27047180900,3416,2635,781
27047181000,2175,1763,412
27049080101,4036,3289,747
27049080102,5889,4515,1374
27049080201,3015,2381,634
27049080202,4299,3361,938
27049080300,4140,3370,770
27049080400,4165,3034,1131
27049080500,3518,2764,754
27049080600,4795,3770,1025
27049080700,3412,2701,711
27049080800,4517,3344,1173
27049080900,5796,4372,1424
27051070100,3310,2496,814
27051070200,2764,2159,605
27053000101,3351,2453,898
27053000102,5178,3775,1403
27053000300,3264,2570,694
27053000601,4760,3877,883
27053000603,2955,2398,557
27053001100,2219,1802,417
27053001700,2482,1930,552
27053002200,1695,1015,680
27053002400,2746,2389,357
27053002700,2816,1926,890
27053003200,1844,1312,532
27053003300,2633,1606,1027
27053003801,3085,2886,199
27053003802,3462,3239,223
27053005901,3069,2660,409
27053005902,3619,2586,1033
27053006800,4211,3856,355
27053007700,5710,5041,669
27053007801,1972,1495,477
27053008100,3497,3202,295
27053008200,4277,3626,651
27053008300,2106,1511,595
27053008400,2896,2016,880
27053008500,4069,3039,1030
27053009500,2865,2144,721
27053009600,3321,2618,703
27053010600,2844,2162,682
27053010700,2491,1912,579
27053011000,3539,2800,739
27053011703,4274,3247,1027
27053011704,3379,2561,818
27053011800,4721,3731,990
27053011998,4292,3514,778
27053012001,6331,4765,1566
27053012003,5290,3967,1323
27053012101,3004,2259,745
27053012102,2935,2441,494
27053020101,3386,2508,878
27053020102,2226,1783,443
27053020201,2996,2156,840
27053020202,5278,3732,1546
27053020301,2973,2117,856
27053020302,2670,1935,735
27053020303,4361,3109,1252
27053020304,3841,2693,1148
27053020400,5169,3921,1248
27053020500,4090,2971,1119
27053020600,2404,1792,612
27053020700,4342,3377,965
27053020801,2167,1710,457
27053020804,3037,2318,719
27053020902,2314,1792,522
27053020903,3263,2582,681
27053021001,5835,4717,1118
27053021002,2104,1659,445
27053021100,1957,1571,386
27053021200,4532,3598,934
27053021300,4853,3895,958
27053021400,3304,2606,698
27053021501,4550,3660,890
27053021502,3965,3002,963
27053021503,5203,4044,1159
27053021504,3717,2958,759
27053021505,4819,3824,995
27053021601,4573,3770,803
27053021602,5984,5059,925
27053021700,5160,4231,929
27053021800,2351,1855,496
27053021900,4484,3688,796
27053022000,2119,1985,134
27053022101,2990,2504,486
27053022102,2647,2222,425
27053022200,4888,4036,852
27053022301,2506,2120,386
27053022302,3315,2689,626
27053022400,3863,3067,796
27053022700,3632,2952,680
27053022801,2235,1601,634
27053022802,3703,3161,542
27053022901,5635,4939,696
27053022902,1837,1399,438
27053023000,4609,3996,613
27053023100,1943,1345,598
27053023201,2357,1923,434
27053023202,3926,3162,764
27053023300,6362,5212,1150
27053023401,4521,3725,796
27053023402,1913,1323,590
27053023501,3864,3035,829
27053023502,6434,5114,1320
27053023600,3900,2802,1098
27053023700,5366,4002,1364
27053023801,5439,3727,1712
27053023802,3064,2143,921
27053023901,3715,2729,986
27053023902,2071,1500,571
27053023903,3513,2795,718
27053024003,4886,3781,1105
27053024004,4473,4015,458
27053024005,2748,2538,210
27053024006,2078,1607,471
27053024100,3432,2801,631
27053024200,3190,2615,575
27053024300,4510,3963,547
27053024400,4335,3736,599
27053024500,2328,1858,470
27053024600,4069,3309,760
27053024700,3433,2695,738
27053024801,2576,1914,662
27053024802,3106,2324,782
27053024903,2378,1655,723
27053024904,3637,2775,862
27053025100,3343,2853,490
27053025201,5225,3754,1471
27053025205,5234,4012,1222
27053025301,3208,2742,466
27053025302,4438,3532,906
27053025401,4165,3207,958
27053025403,4089,3273,816
27053025601,2679,2231,448
27053025603,3849,3205,644
27053025605,3874,3264,610
27053025702,4989,3982,1007
27053025703,2329,1801,528
27053025704,4894,3833,1061
27053025801,3448,2883,565
27053025802,2443,1927,516
27053025803,3296,2674,622
27053025805,2931,2394,537
27053025905,3745,3119,626
27053025906,6099,4888,1211
27053025907,4952,4115,837
27053025908,4026,3416,610
27053025909,3024,2436,588
27053026005,4005,3023,982
27053026006,3126,2426,700
27053026007,5072,4046,1026
27053026013,4571,3431,1140
27053026014,5214,4022,1192
27053026015,5548,4266,1282
27053026019,5123,3897,1226
27053026020,4848,3909,939
27053026021,4136,3200,936
27053026023,3810,2943,867
27053026024,3644,2902,742
27053026025,2800,2050,750
27053026026,4868,3480,1388
27053026027,4267,3317,950
27053026028,3166,2259,907
27053026101,3487,2764,723
27053026103,2830,2288,542
27053026104,4433,3896,537
27053026201,3240,2392,848
27053026202,2936,2267,669
27053026205,3295,2543,752
27053026206,3320,2678,642
27053026207,4140,3187,953
27053026208,3141,2444,697
27053026301,3820,3106,714
27053026302,3417,2593,824
27053026403,3551,2919,632
27053026404,5598,4583,1015
27053026405,2501,2007,494
27053026406,4072,3612,460
27053026505,3581,2828,753
27053026507,5185,4150,1035
27053026508,4930,4039,891
27053026509,4497,3587,910
27053026510,3439,2954,485
27053026511,3532,2844,688
27053026514,4801,3848,953
27053026515,2072,1726,346
27053026516,3931,3281,650
27053026605,4207,3180,1027
27053026606,5030,3732,1298
27053026609,3009,2338,671
27053026610,4411,3374,1037
27053026611,4902,3845,1057
27053026614,3925,2915,1010
27053026615,7806,5561,2245
27053026616,9818,6124,3694
27053026617,2287,1836,451
27053026702,2688,2246,442
27053026706,3360,2681,679
27053026707,5188,4060,1128
27053026708,5399,4227,1172
27053026711,3068,2442,626
27053026712,3233,2537,696
27053026713,4190,3367,823
27053026717,6408,4749,1659
27053026718,3725,2884,841
27053026719,5783,4110,1673
27053026720,5143,3631,1512
27053026721,2833,2244,589
27053026722,5286,3521,1765
27053026723,4647,3341,1306
27053026724,4134,3345,789
27053026725,3591,2833,758
27053026726,4265,3179,1086
27053026807,5977,4460,1517
27053026809,4834,3340,1494
27053026811,6398,4425,1973
27053026812,8840,6440,2400
27053026814,7225,5129,2096
27053026815,5648,4118,1530
27053026816,7087,5078,2009
27053026818,5255,3684,1571
27053026819,4578,3381,1197
27053026822,5158,4080,1078
27053026823,5133,3914,1219
27053026824,6023,4225,1798
27053026825,3337,2421,916
27053026826,4452,3300,1152
27053026827,2078,1512,566
27053026828,4455,3205,1250
27053026903,4696,3570,1126
27053026906,7580,5803,1777
27053026907,5596,4378,1218
27053026908,6047,4660,1387
27053026910,7212,5260,1952
27053026911,5250,3792,1458
27053026912,8711,6216,2495
27053027001,3358,2516,842
27053027002,5498,4161,1337
27053027101,7483,5328,2155
27053027102,6185,4661,1524
27053027202,1741,1307,434
27053027203,3691,3165,526
27053027204,3867,2914,953
27053027205,3037,2252,785
27053027300,4434,3742,692
27053027400,4283,3137,1146
27053027501,4523,3763,760
27053027503,4376,3259,1117
27053027504,3403,2595,808
27053027601,4057,3156,901
27053027602,5341,4348,993
27053027701,3789,2798,991
27053027702,2307,1734,573
27053027703,4473,3073,1400
27053100200,3764,2960,804
27053100400,3388,2299,1089
27053100500,1978,1665,313
27053100700,3139,2413,726
27053100800,4209,2877,1332
27053100900,5005,3364,1641
27053101200,4913,4061,852
27053101300,1887,1307,580
27053101600,3174,2055,1119
27053101800,4153,3314,839
27053101900,2833,2472,361
27053102000,2317,1634,683
27053102100,2809,1729,1080
27053102500,2746,2398,348
27053102600,2023,1643,380
27053102800,2999,1930,1069
27053103000,1779,1629,150
27053103100,2161,1920,241
27053103400,3063,1877,1186
27053103600,3093,2948,145
27053103700,4282,4068,214
27053103900,4320,4099,221
27053104001,2756,2454,302
27053104002,4309,3953,356
27053104100,3245,2427,818
27053104400,2576,2500,76
27053104801,4314,2978,1336
27053104802,4709,4219,490
27053104901,6900,6793,107
27053104902,6121,5590,531
27053105100,2768,2287,481
27053105201,3008,2875,133
27053105204,2865,2669,196
27053105400,4440,4208,232
27053105500,3822,3348,474
27053105600,4920,4522,398
27053105700,3062,2894,168
27053106000,3431,2574,857
27053106200,3817,3077,740
27053106400,1817,1530,287
27053106500,4872,4224,648
27053106600,2517,2176,341
27053106700,5075,4759,316
27053106900,2842,2553,289
27053107000,3971,3289,682
27053107400,1799,1453,346
27053107500,1882,1571,311
27053107600,3566,2930,636
27053108000,3585,3265,320
27053108600,2944,2180,764
27053108700,4013,3158,855
27053108800,3698,3009,689
27053108900,2310,1873,437
27053109000,1805,1485,320
27053109100,4998,4396,602
27053109200,3473,3206,267
27053109300,4032,3390,642
27053109400,2192,1563,629
27053109700,2311,1755,556
27053109800,4412,3304,1108
27053109900,4034,3296,738
27053110000,1683,1204,479
27053110100,2845,2298,547
27053110200,3667,2912,755
27053110400,3351,2643,708
27053110500,5250,4464,786
27053110800,4331,3437,894
27053110900,3497,2749,748
27053111100,3375,2670,705
27053111200,3333,2514,819
27053111300,5210,3876,1334
27053111400,4014,2911,1103
27053111500,5651,4363,1288
27053111600,3214,2432,782
27053122500,3584,2879,705
27053122600,2447,2016,431
27053125500,3707,2965,742
27053125600,5233,4757,476
27053125700,3852,2535,1317
27053125800,5208,3610,1598
27053125900,4904,3268,1636
27053126000,5056,3813,1243
27053126101,2746,2608,138
27053126102,6867,6451,416
27053126201,3153,2809,344
27053126202,4387,4205,182
27053126300,2679,1986,693
27053980100,432,408,24
27055020100,5796,4511,1285
27055020200,3463,2772,691
27055020300,2597,1990,607
27055020500,3318,2510,808
27055020900,3669,2853,816
27057070100,5036,3714,1322
27057070200,2255,1890,365
27057070300,1991,1621,370
27057070400,2904,2274,630
27057070500,3007,2275,732
27057070600,3886,3006,880
27057070700,2265,1774,491
27059130100,3553,2749,804
27059130200,3523,2607,916
27059130302,2897,2314,583
27059130303,5853,4388,1465
27059130304,4099,2963,1136
27059130400,3979,3112,867
27059130501,5290,4225,1065
27059130502,7925,5641,2284
27059130600,4016,3219,797
27061480101,1074,845,229
27061480102,1406,1215,191
27061480301,1368,1092,276
27061480302,2008,1509,499
27061480303,911,747,164
27061480401,1470,1293,177
27061480402,1376,1109,267
27061480403,850,725,125
27061480500,2464,1971,493
27061480600,2783,2245,538
27061480701,1589,1240,349
27061480702,3545,2777,768
27061480801,2433,1899,534
27061480803,1743,1310,433
27061480804,2053,1672,381
27061480805,2541,2020,521
27061480901,1724,1306,418
27061480902,5061,3847,1214
27061481001,2116,1595,521
27061481002,3857,3065,792
27061940000,2642,2021,621
27063480100,2175,1714,461
27063480200,2078,1612,466
27063480300,2353,1794,559
27063480400,3383,2606,777
27065480100,3409,2735,674
27065480200,3689,2864,825
27065480300,3975,3091,884
27065480400,4959,3853,1106
27067770900,2962,2160,802
27067780100,2639,2063,576
27067780200,2374,1902,472
27067780300,4189,3280,909
27067780400,3654,2884,770
27067780500,5180,3679,1501
27067780600,5238,3934,1304
27067780700,4083,3093,990
27067780800,2230,1560,670
27067781000,5585,4129,1456
27067781100,2691,2054,637
27067781200,2907,2121,786
27069090100,2362,1824,538
27069090200,1845,1490,355
27071790100,1934,1537,397
27071790201,2234,1827,407
27071790202,2798,2203,595
27071790300,2889,2433,456
27071790500,2207,1831,376
27073180100,2237,1779,458
27073180200,1652,1317,335
27073180300,2830,2177,653
27075370101,1869,1641,228
27075370102,2812,2285,527
27075370300,2378,1929,449
27075370400,3846,2989,857
27077460300,1536,1231,305
27077460401,1302,1069,233
27077460402,925,766,159
27079950101,3582,2548,1034
27079950102,3798,2889,909
27079950200,4680,3526,1154
27079950300,4722,3611,1111
27079950400,3666,2943,723
27079950500,4239,3210,1029
27079950600,3987,3114,873
27081201001,2944,2257,687
27081201002,2696,2063,633
27083360100,3538,2677,861
27083360200,3206,2382,824
27083360300,5588,3991,1597
27083360400,4256,3228,1028
27083360500,3848,2947,901
27083360600,2773,2115,658
27083360700,2060,1521,539
27085950100,5378,4194,1184
27085950200,4036,3179,857
27085950301,3408,2749,659
27085950302,3098,2412,686
27085950401,5831,4421,1410
27085950402,1864,1475,389
27085950500,2715,2130,585
27085950600,4639,3526,1113
27085950700,5802,4408,1394
27087940100,2945,2076,869
27087940300,2466,1781,685
27089080100,2212,1741,471
27089080200,2196,1662,534
27089080300,1987,1548,439
27089080400,2645,1952,693
27091790100,2930,2288,642
27091790200,2475,1965,510
27091790300,2318,1793,525
27091790400,1722,1356,366
27091790501,1799,1467,332
27091790502,4423,3510,913
27091790600,4358,3294,1064
27093560100,5207,3760,1447
27093560200,5164,4003,1161
27093560300,3827,2969,858
27093560400,3015,2285,730
27093560500,3214,2525,689
27093560600,2973,2285,688
27095170400,5510,3970,1540
27095170500,4541,3543,998
27095170600,2851,2174,677
27095170700,5765,4504,1261
27095970100,2179,1820,359
27095970200,2885,2135,750
27095970300,2728,2144,584
27097780100,3180,2547,633
27097780200,3883,3029,854
27097780300,6410,4775,1635
27097780400,2591,2005,586
27097780500,5181,3814,1367
27097780600,5672,4518,1154
27097780700,2667,2018,649
27097780800,4426,3270,1156
27099000100,2371,1803,568
27099000200,2962,2224,738
27099000300,5154,3717,1437
27099000410,4890,3643,1247
27099000600,3190,2306,884
27099000800,3841,2830,1011
27099000900,4505,3292,1213
27099001000,3465,2712,753
27099001200,1867,1437,430
27099001300,4382,3372,1010
27099001400,3402,2481,921
27101900100,1849,1493,356
27101900200,3221,2456,765
27101900300,3109,2452,657
27103480100,3428,2606,822
27103480200,6585,5025,1560
27103480300,4912,3611,1301
27103480400,5753,4880,873
27103480501,7013,5270,1743
27103480502,3256,2438,818
27103480600,3507,2751,756
27105105100,2728,2099,629
27105105200,3068,2342,726
27105105300,2341,1765,576
27105105400,4911,3270,1641
27105105500,3711,2486,1225
27105105600,5531,4094,1437
27107960100,2463,1891,572
27107960200,1812,1402,410
27107960300,2166,1682,484
27109000100,1565,1513,52
27109000200,5699,4507,1192
27109000300,3133,2473,660
27109000400,2948,2396,552
27109000500,2951,2500,451
27109000600,4584,3789,795
27109000901,6876,5008,1868
27109000902,3795,2927,868
27109000903,4489,3524,965
27109001000,5264,4031,1233
27109001100,3722,2986,736
27109001201,4796,3797,999
27109001202,3973,3007,966
27109001203,7064,5031,2033
27109001301,5181,4131,1050
27109001302,4562,3504,1058
27109001401,4654,3667,987
27109001403,7640,5622,2018
27109001404,7099,4857,2242
27109001501,3025,2409,616
27109001502,2407,1935,472
27109001503,2311,1832,479
27109001601,4856,3686,1170
27109001602,3025,2377,648
27109001603,4564,3508,1056
27109001701,4814,3578,1236
27109001702,4784,3685,1099
27109001703,5726,4455,1271
27109001800,5579,3912,1667
27109001901,3925,2841,1084
27109001902,4835,3524,1311
27109002000,6591,4934,1657
27109002100,6868,4973,1895
27109002200,3830,2969,861
27109002300,5712,4337,1375
27111960102,2787,2135,652
27111960103,2334,1970,364
27111960300,3526,2547,979
27111960400,2255,1928,327
27111960500,5765,4317,1448
27111960600,4578,3427,1151
27111960700,2516,2035,481
27111960800,3149,2479,670
27111960900,5853,4630,1223
27111961000,4896,3874,1022
27111961100,4471,3393,1078
27111961200,2464,2010,454
27111961300,4084,3104,980
27111961400,2604,2155,449
27111961500,3257,2582,675
27111961600,2308,1878,430
27111961700,3234,2572,662
27113090100,2411,1784,627
27113090200,2548,2007,541
27113090300,2122,1594,528
27113090400,2932,2355,577
27113090500,3979,3114,865
27115950100,2387,1956,431
27115950200,2913,2277,636
27115950300,2671,2175,496
27115950401,963,768,195
27115950402,3596,3056,540
27115950500,4770,3668,1102
27115950600,4684,3563,1121
27115950700,3443,2729,714
27115950800,3449,2794,655
27117460100,1589,1206,383
27117460200,1725,1342,383
27117460300,2511,1868,643
27117460400,1624,1224,400
27117460500,1975,1440,535
27119020100,4732,3417,1315
27119020200,1489,1154,335
27119020300,3199,2221,978
27119020400,2041,1558,483
27119020500,2591,1927,664
27119020600,5657,4353,1304
27119020700,2120,1656,464
27119020800,2166,1679,487
27119020900,3691,2863,828
27119021000,3506,2687,819
27121970100,2322,1816,506
27121970200,2931,2265,666
27121970300,2598,2015,583
27121970400,3457,2712,745
27123030100,4598,3783,815
27123030201,5090,4174,916
27123030202,2056,1849,207
27123030300,5788,4580,1208
27123030400,6253,4628,1625
27123030500,6312,3943,2369
27123030601,6067,4006,2061
27123030602,4395,3148,1247
27123030702,5651,4105,1546
27123030703,4702,3274,1428
27123030704,4756,3261,1495
27123030800,5632,3914,1718
27123030900,3808,2533,1275
27123031000,4657,3164,1493
27123031100,4423,3143,1280
27123031200,2991,2368,623
27123031300,2441,1640,801
27123031400,3114,2182,932
27123031500,3136,2091,1045
27123031600,4573,3016,1557
27123031701,2954,1952,1002
27123031702,6380,4144,2236
27123031801,5330,3658,1672
27123031802,4422,3206,1216
27123031900,3169,2621,548
27123032000,2767,2243,524
27123032100,3190,2707,483
27123032200,2557,2152,405
27123032300,3589,2768,821
27123032400,3010,2141,869
27123032500,4301,2981,1320
27123032600,3319,2264,1055
27123032700,2776,1849,927
27123033000,2302,1723,579
27123033100,1816,1318,498
27123033200,4009,3513,496
27123033300,3178,2702,476
27123033400,3519,2989,530
27123033500,3435,2389,1046
27123033600,1602,960,642
27123033700,1786,1259,527
27123033800,1827,1372,455
27123033900,1584,1182,402
27123034000,1742,1540,202
27123034201,3574,3338,236
27123034203,2850,2631,219
27123034204,2871,2790,81
27123034400,2198,1595,603
27123034500,4303,2945,1358
27123034601,5714,4062,1652
27123034602,4609,3236,1373
27123034701,4804,3512,1292
27123034702,4274,3093,1181
27123034900,5355,4863,492
27123035000,2610,2149,461
27123035100,3456,3068,388
27123035200,3414,2777,637
27123035300,3950,3246,704
27123035500,2292,2081,211
27123035700,2560,1985,575
27123035800,3052,2792,260
27123035900,898,800,98
27123036000,2781,2380,401
27123036100,1607,1061,546
27123036300,4087,3354,733
27123036400,4013,3171,842
27123036500,3985,3251,734
27123036600,4449,3582,867
27123036700,5135,4440,695
27123036800,2344,1921,423
27123036900,2392,2013,379
27123037000,2841,2200,641
27123037100,5073,3806,1267
27123037200,6061,4342,1719
27123037402,4128,3109,1019
27123037403,6832,4792,2040
27123037500,5286,4006,1280
27123037601,4165,3479,686
27123037603,3105,2528,577
27123037604,2373,2055,318
27123040101,2877,2306,571
27123040102,4124,3227,897
27123040200,1920,1683,237
27123040301,1803,1444,359
27123040302,5250,4068,1182
27123040401,3577,2770,807
27123040402,5987,4663,1324
27123040502,2612,2063,549
27123040503,3572,2988,584
27123040504,4110,3327,783
27123040601,5859,4556,1303
27123040603,5177,4149,1028
27123040605,3527,2756,771
27123040606,4208,3333,875
27123040704,6045,4789,1256
27123040705,4278,3302,976
27123040706,4876,3777,1099
27123040707,4555,3606,949
27123040708,3751,2984,767
27123040709,3416,2677,739
27123040801,3587,2640,947
27123040804,2111,1706,405
27123040805,4241,3580,661
27123040901,2223,1728,495
27123040902,4286,3103,1183
27123041001,3461,2652,809
27123041002,3484,2697,787
27123041103,3645,2996,649
27123041104,3157,2542,615
27123041105,5961,4567,1394
27123041106,3889,2896,993
27123041107,6242,4892,1350
27123041200,4205,3267,938
27123041301,3859,3145,714
27123041302,4232,3655,577
27123041400,5817,4581,1236
27123041500,5392,4506,886
27123041601,6235,5052,1183
27123041602,3836,3034,802
27123041700,2978,2434,544
27123041800,3905,3050,855
27123041900,3503,2745,758
27123042001,1866,1614,252
27123042002,2271,1979,292
27123042101,6052,4924,1128
27123042102,4747,3648,1099
27123042201,1504,1130,374
27123042202,5351,4101,1250
27123042301,3059,2462,597
27123042302,5246,4008,1238
27123042401,6482,5098,1384
27123042402,6649,5011,1638
27123042501,5965,4600,1365
27123042503,3248,2548,700
27123042504,4248,3317,931
27123042601,4647,3511,1136
27123042602,2292,1815,477
27123042700,5425,4194,1231
27123042800,2513,1616,897
27123042900,3989,3308,681
27123043001,4574,3763,811
27123043002,2003,1668,335
27125010100,1835,1369,466
27125010200,2100,1618,482
27127750100,2830,2015,815
27127750200,3256,2486,770
27127750300,2114,1576,538
27127750400,2829,2201,628
27127750500,2676,1908,768
27127750600,1720,1335,385
27129790100,2614,2023,591
27129790200,1821,1434,387
27129790300,1823,1367,456
27129790400,2642,1997,645
27129790500,3086,2374,712
27129790600,2737,2153,584
27131070101,3411,2592,819
27131070102,4270,2908,1362
27131070200,5676,4376,1300
27131070300,4445,3551,894
27131070400,4315,3451,864
27131070501,4092,3636,456
27131070503,3386,2517,869
27131070504,3942,2986,956
27131070601,4120,3172,948
27131070602,4933,4458,475
27131070701,3069,2844,225
27131070702,4095,3089,1006
27131070801,3854,2754,1100
27131070802,4036,3016,1020
27131070901,5690,4198,1492
27131070902,3763,2658,1105
27133570100,2347,1759,588
27133570200,4212,3103,1109
27133570300,3145,2395,750
27135970100,4002,2991,1011
27135970200,2101,1606,495
27135970300,3995,3029,966
27135970400,3523,2664,859
27135970500,1710,1372,338
27137000100,4340,3328,1012
27137000200,4602,3559,1043
27137000301,5140,4402,738
27137000302,3360,2847,513
27137000400,5206,4482,724
27137000500,3365,2656,709
27137000600,5216,4064,1152
27137000700,2958,2199,759
27137000900,3598,3052,546
27137001000,2094,1708,386
27137001100,1574,1312,262
27137001200,1628,1386,242
27137001300,1803,1549,254
27137001400,2410,2164,246
27137001600,1446,1182,264
27137001700,1300,1156,144
27137001800,2280,1736,544
27137001900,2010,1860,150
27137002000,1294,1131,163
27137002200,1166,1090,76
27137002300,4136,3344,792
27137002400,1053,808,245
27137002600,2032,1554,478
27137002900,1606,1340,266
27137003000,1437,1132,305
27137003300,2430,1863,567
27137003400,1428,1149,279
27137003600,1635,1333,302
27137003700,2002,1545,457
27137003800,2951,2376,575
27137010100,2946,2277,669
27137010200,1618,1315,303
27137010301,4795,3745,1050
27137010302,4758,3569,1189
27137010400,3501,2800,701
27137010500,3837,2898,939
27137010601,2881,2319,562
27137010602,3682,2928,754
27137011101,1493,1167,326
27137011102,5580,4440,1140
27137011200,3187,2535,652
27137011300,2103,1705,398
27137011401,1509,1288,221
27137011402,1657,1404,253
27137012100,4803,3842,961
27137012200,1908,1470,438
27137012300,2526,2023,503
27137012400,4382,3363,1019
27137012500,2635,2070,565
27137012600,4775,3733,1042
27137012700,2336,1837,499
27137012800,2920,2303,617
27137013000,2029,1733,296
27137013100,2403,1837,566
27137013200,3989,3167,822
27137013300,3493,2777,716
27137013400,2896,2334,562
27137013500,1687,1326,361
27137013600,1853,1531,322
27137013800,1678,1375,303
27137013900,2307,1897,410
27137014000,2020,1570,450
27137014100,1397,1179,218
27137015100,2904,2440,464
27137015200,3418,2796,622
27137015300,3265,2761,504
27137015401,1964,1701,263
27137015402,1208,1043,165
27137015501,1390,1207,183
27137015502,1200,1006,194
27137015503,896,715,181
27137015600,2967,2330,637
27137015700,4213,3979,234
27137015800,3722,3032,690
27139080100,2325,1747,578
27139080201,2914,2288,626
27139080202,5975,4275,1700
27139080204,3868,2770,1098
27139080206,4318,3193,1125
27139080207,5417,3767,1650
27139080208,3343,2240,1103
27139080209,4305,3357,948
27139080303,5948,4526,1422
27139080304,7231,4833,2398
27139080305,6931,4980,1951
27139080306,2942,1992,950
27139080307,6697,4486,2211
27139080400,4130,3136,994
27139080500,2711,2325,386
27139080600,4876,3771,1105
27139080700,4206,2913,1293
27139080801,6611,4491,2120
27139080802,2269,1800,469
27139080903,8831,6518,2313
27139080905,5943,4432,1511
27139080906,5397,4100,1297
27139080907,3200,2431,769
27139080908,4510,3344,1166
27139081001,5135,3806,1329
27139081002,3756,2767,989
27139081101,3050,2283,767
27139081102,2184,1690,494
27139081103,6187,4320,1867
27139081200,6501,4790,1711
27139081301,3250,2509,741
27139081302,5967,4192,1775
27141030103,4098,3088,1010
27141030104,3783,2791,992
27141030105,4758,3486,1272
27141030106,7667,5371,2296
27141030201,4620,3283,1337
27141030202,2953,2194,759
27141030301,2986,2381,605
27141030302,3227,2504,723
27141030405,3782,2795,987
27141030406,6118,4250,1868
27141030407,4366,3016,1350
27141030408,5581,3888,1693
27141030409,5103,3854,1249
27141030410,5397,3947,1450
27141030503,6938,5439,1499
27141030504,5506,3985,1521
27141030505,7734,5466,2268
27141030506,4969,3816,1153
27141031500,7597,5958,1639
27143170198,4271,3291,980
27143170200,3483,2694,789
27143170300,3244,2519,725
27143170400,3838,2899,939
27145000301,3567,2708,859
27145000303,2396,2193,203
27145000304,5586,3704,1882
27145000401,6387,4636,1751
27145000402,5756,4502,1254
27145000501,2158,1758,400
27145000502,5928,4502,1426
27145000601,3391,2609,782
27145000602,2922,2222,700
27145000701,2885,2259,626
27145000801,3766,2963,803
27145000901,4833,3879,954
27145001002,6213,5055,1158
27145001003,3986,3270,716
27145010101,8086,5446,2640
27145010103,4782,3427,1355
27145010104,5676,4210,1466
27145010200,5801,4491,1310
27145010401,3888,2978,910
27145010402,4179,3047,1132
27145010403,3100,2268,832
27145010500,3778,2815,963
27145010600,3960,2911,1049
27145010900,3615,2755,860
27145011000,3832,2985,847
27145011101,3242,2530,712
27145011102,3797,2822,975
27145011201,3192,2425,767
27145011202,3220,2550,670
27145011302,6906,5248,1658
27145011305,3364,2924,440
27145011306,2768,2142,626
27145011307,1683,1552,131
27145011308,6061,4519,1542
27145011400,5034,3813,1221
27145011500,6531,4946,1585
27145011600,2023,1840,183
27147960100,5017,3588,1429
27147960200,6311,4737,1574
27147960300,6419,4726,1693
27147960400,4351,3358,993
27147960500,2832,2205,627
27147960600,3571,2828,743
27147960700,5295,3902,1393
27147960800,3610,2722,888
27149480100,2319,1824,495
27149480200,3873,3083,790
27149480300,3479,2522,957
27151960100,2491,1866,625
27151960200,3572,2772,800
27151960300,1623,1242,381
27151960400,2152,1661,491
27153790100,3300,2501,799
27153790200,2768,1932,836
27153790300,3188,2298,890
27153790400,3409,2617,792
27153790500,2514,1923,591
27153790600,4127,3011,1116
27153790700,4038,3050,988
27153790800,1918,1550,368
27155460100,2043,1619,424
27155460200,1317,1010,307
27157490100,2834,2409,425
27157490200,3290,2694,596
27157490300,4090,3261,829
27157490400,4306,3316,990
27157490500,3259,2477,782
27157490600,3608,2586,1022
27159480100,3477,2599,878
27159480200,5468,4180,1288
27159480300,5120,3811,1309
27161790100,3541,2640,901
27161790200,2617,2025,592
27161790300,3065,2353,712
27161790400,5550,4213,1337
27161790500,4195,3322,873
27163070103,5957,4526,1431
27163070104,2952,2326,626
27163070105,4147,3295,852
27163070107,3758,2651,1107
27163070108,3797,2802,995
27163070204,6736,5075,1661
27163070205,3984,3212,772
27163070206,3334,2743,591
27163070207,5002,3633,1369
27163070208,4028,2948,1080
27163070301,1689,1266,423
27163070303,4781,3733,1048
27163070304,5180,3899,1281
27163070403,3777,3022,755
27163070404,4346,3136,1210
27163070405,5097,3767,1330
27163070406,6245,4680,1565
27163070501,3526,2753,773
27163070502,4035,3322,713
27163070602,2808,2195,613
27163070603,2450,1838,612
27163070604,3961,3003,958
27163070703,3282,2626,656
27163070704,2510,1876,634
27163070705,3976,3048,928
27163070706,3395,2767,628
27163070801,1523,1517,6
27163070802,378,375,3
27163070906,5211,4104,1107
27163070907,5359,4149,1210
27163070909,5617,4409,1208
27163070910,5141,4051,1090
27163070911,4736,3728,1008
27163070912,3082,2384,698
27163071001,5089,3949,1140
27163071003,3797,2859,938
27163071006,5053,3918,1135
27163071010,5169,3960,1209
27163071011,2943,2201,742
27163071012,5143,4001,1142
27163071013,5201,3951,1250
27163071014,4129,3059,1070
27163071016,4477,3291,1186
27163071019,13470,8824,4646
27163071020,4274,2838,1436
27163071021,4789,3676,1113
27163071022,3610,2555,1055
27163071023,5093,3665,1428
27163071024,2558,1881,677
27163071025,4104,3130,974
27163071101,3445,2812,633
27163071102,4758,3791,967
27163071207,8830,6313,2517
27163071208,5242,3917,1325
27163071209,5938,4315,1623
27163071210,5712,4154,1558
27163071211,5323,3661,1662
27163071300,5520,4167,1353
27163071400,8101,6120,1981
27165950100,3503,2638,865
27165950200,4862,3582,1280
27165950300,2888,2196,692
27167950100,3080,2336,744
27167950200,3426,2638,788
27169670101,4299,3356,943
27169670102,3049,2343,706
27169670200,3224,2652,572
27169670301,2836,2321,515
27169670302,3376,2906,470
27169670400,4185,3420,765
27169670500,5195,4879,316
27169670600,3932,3335,597
27169670700,3636,3021,615
27169670801,2296,1823,473
27169670802,4847,3908,939
27169670900,3516,2643,873
27169671000,5280,3775,1505
27171100101,8453,6128,2325
27171100102,9983,6554,3429
27171100202,1547,1176,371
27171100203,5801,4397,1404
27171100205,4060,3013,1047
27171100206,6356,4358,1998
27171100300,5849,4417,1432
27171100401,1921,1505,416
27171100402,3367,2575,792
27171100500,4770,3589,1181
27171100701,6632,4980,1652
27171100704,4672,3460,1212
27171100705,3467,2510,957
27171100706,5464,4018,1446
27171100707,3480,2589,891
27171100803,6884,4688,2196
27171100804,7584,5033,2551
27171100805,6960,4868,2092
27171100806,4306,2769,1537
27171100807,4841,3460,1381
27171100900,7456,5565,1891
27171101001,4831,3363,1468
27171101002,4538,3347,1191
27171101101,7320,5186,2134
27171101102,1508,1105,403
27171101200,4133,3183,950
27171101300,5154,3553,1601
27173970100,2999,2353,646
27173970200,2362,1796,566
27173970300,2302,1789,513
27173970400,1865,1411,454
28001000101,4080,3406,674
28001000102,2493,2047,446
28001000200,3614,2903,711
28001000300,1788,1431,357
28001000400,2783,2019,764
28001000500,3696,2912,784
28001000600,2118,1663,455
28001000700,1703,1456,247
28001000800,3266,2515,751
28001000900,3997,3176,821
28003950100,5443,4281,1162
28003950201,3241,2439,802
28003950202,3613,2737,876
28003950300,3282,2653,629
28003950401,2864,2264,600
28003950402,1945,1535,410
28003950501,3982,3168,814
28003950502,2510,1743,767
28003950600,3794,2945,849
28003950700,4066,3101,965
28005950100,4877,3942,935
28005950200,3401,2705,696
28005950301,2064,1664,400
28005950302,2378,1928,450
28007060100,2424,1903,521
28007060200,2308,1824,484
28007060300,3095,2373,722
28007060400,2735,2145,590
28007060500,3926,2798,1128
28007060600,3401,2450,951
28009950101,2664,2148,516
28009950102,2758,2203,555
28009950200,2224,1727,497
28011950100,3088,2295,793
28011950200,2516,1918,598
28011950300,2904,2218,686
28011950400,3784,3073,711
28011950500,5104,3778,1326
28011950601,2841,2227,614
28011950602,3781,2994,787
28011950701,4053,2970,1083
28011950702,2914,2189,725
28013950100,3598,2865,733
28013950200,1516,1210,306
28013950300,2943,2373,570
28013950400,2805,2171,634
28013950500,2404,1813,591
28015950100,4923,3981,942
28015950201,3632,3014,618
28015950202,1443,1127,316
28017950100,3651,2891,760
28017950200,3506,2700,806
28017950300,4783,3587,1196
28017950401,2221,1747,474
28017950402,2945,2297,648
28019950100,2458,2001,457
28019950200,4105,3175,930
28019950300,1683,1271,412
28021950100,3133,2421,712
28021950200,1194,926,268
28021950300,4808,3876,932
28023950100,4010,3201,809
28023950201,3939,2955,984
28023950202,1789,1350,439
28023950300,3214,2468,746
28023950400,2663,2053,610
28025950100,5246,4105,1141
28025950200,2278,1882,396
28025950300,3216,2399,817
28025950400,4131,3156,975
28025950500,3765,3072,693
28027950100,2995,2190,805
28027950200,2545,2068,477
28027950300,2678,2011,667
28027950400,3433,2668,765
28027950500,4493,3181,1312
28027950600,955,745,210
28027950700,4291,3052,1239
28029950101,2517,1954,563
28029950102,3178,2384,794
28029950200,4996,4008,988
28029950300,4392,3568,824
28029950400,4485,3353,1132
28029950501,3139,2428,711
28029950502,2700,2062,638
28029950600,2961,2308,653
28031950100,4724,3674,1050
28031950200,2000,1514,486
28031950300,4242,3299,943
28031950401,3807,2900,907
28031950402,3567,2739,828
28033070101,2933,2145,788
28033070102,4513,3347,1166
28033070210,6784,4982,1802
28033070221,4289,3159,1130
28033070222,4639,3620,1019
28033070310,3656,2800,856
28033070322,3669,2711,958
28033070323,5687,4040,1647
28033070324,4677,3303,1374
28033070325,2884,2032,852
28033070411,1590,1206,384
28033070412,4064,3045,1019
28033070421,3203,2369,834
28033070422,2443,1822,621
28033070521,3477,2533,944
28033070522,4120,3263,857
28033070523,7391,5655,1736
28033070524,3792,3022,770
28033070610,2715,2021,694
28033070631,4365,3342,1023
28033070632,4368,3332,1036
28033070633,5186,3954,1232
28033070634,1733,1301,432
28033070635,7750,5618,2132
28033070721,6249,4615,1634
28033070722,6728,4750,1978
28033070723,5205,3933,1272
28033070724,2914,2274,640
28033070811,6436,4959,1477
28033070812,5333,3912,1421
28033070821,5115,3931,1184
28033070822,4852,3548,1304
28033070830,7336,5272,2064
28033070900,5967,4257,1710
28033071001,6040,4550,1490
28033071002,4936,3639,1297
28033071121,4459,3244,1215
28033071122,2661,2007,654
28033071123,4115,3086,1029
28033071124,3850,2875,975
28033071200,3190,2540,650
28035000200,2525,2145,380
28035000300,3019,2317,702
28035000500,1099,847,252
28035000601,3528,2618,910
28035000602,3222,2154,1068
28035000700,3019,2606,413
28035000800,5872,4721,1151
28035000900,5080,4913,167
28035001000,4441,3650,791
28035001100,3558,2834,724
28035010101,6769,4877,1892
28035010103,2113,1569,544
28035010104,4440,3238,1202
28035010201,2976,2414,562
28035010202,3790,2983,807
28035010300,3554,2629,925
28035010400,4287,3188,1099
28035010500,4497,3540,957
28035010601,4322,3350,972
28035010602,4068,3033,1035
28035010700,1979,1594,385
28037950101,1877,1443,434
28037950102,3260,2631,629
28037950200,2538,1995,543
28039950101,6568,4865,1703
28039950102,4840,3632,1208
28039950200,2521,1962,559
28039950302,3096,2313,783
28039950303,3301,2490,811
28039950304,4024,2991,1033
28041950101,3091,2285,806
28041950102,4608,4115,493
28041950201,3119,2371,748
28041950202,2712,2053,659
28043950101,1824,1425,399
28043950102,3895,3112,783
28043950201,1922,1492,430
28043950202,3431,2705,726
28043950300,2907,2129,778
28043950400,2550,1916,634
28043950500,5100,3918,1182
28045030101,1974,1619,355
28045030102,2824,2323,501
28045030201,1522,1208,314
28045030202,1418,1172,246
28045030203,3199,2440,759
28045030301,2162,1752,410
28045030302,2182,1781,401
28045030303,3447,2423,1024
28045030304,1972,1476,496
28045030400,1989,1651,338
28045030501,3020,2412,608
28045030502,2381,1957,424
28045030503,4172,3461,711
28045030603,2634,1960,674
28045030604,4887,3707,1180
28045030605,4279,3298,981
28045030606,1991,1562,429
28047000600,1496,1292,204
28047000900,2925,2394,531
28047001203,2688,1846,842
28047001204,2932,2335,597
28047001205,2861,2330,531
28047001206,1443,1187,256
28047001207,2037,1485,552
28047001301,1239,1039,200
28047001302,1875,1558,317
28047001401,1399,1264,135
28047001402,1034,892,142
28047001503,1610,1255,355
28047001504,1929,1562,367
28047001505,2444,1785,659
28047001506,2580,2015,565
28047001600,3714,2896,818
28047001701,2561,1935,626
28047001702,1173,978,195
28047001703,2285,1709,576
28047001800,2614,1964,650
28047001900,2870,2245,625
28047002001,1369,1127,242
28047002002,1951,1410,541
28047002300,2117,1618,499
28047002401,1691,1122,569
28047002402,2706,1940,766
28047002500,1835,1338,497
28047002600,3799,2771,1028
28047002701,3373,2532,841
28047002702,3425,2664,761
28047002801,1535,1300,235
28047002802,1569,1339,230
28047002900,1724,1484,240
28047003001,2032,1452,580
28047003002,2003,1521,482
28047003103,2361,1761,600
28047003104,3090,2376,714
28047003105,3817,3028,789
28047003106,2730,2144,586
28047003107,2706,2015,691
28047003208,4332,3308,1024
28047003209,4968,3528,1440
28047003210,1897,1411,486
28047003211,2105,1595,510
28047003212,2319,1648,671
28047003213,3867,3035,832
28047003214,1652,1242,410
28047003215,4666,3327,1339
28047003216,2251,1774,477
28047003217,2845,2122,723
28047003305,2150,1591,559
28047003306,1676,1423,253
28047003307,611,494,117
28047003308,3172,2372,800
28047003309,4079,3038,1041
28047003310,1157,911,246
28047003311,2614,2110,504
28047003312,2057,1636,421
28047003313,2138,1708,430
28047003403,2488,1956,532
28047003405,5736,4214,1522
28047003406,3478,2548,930
28047003407,4674,3658,1016
28047003408,2151,1658,493
28047003409,3567,2761,806
28047003506,3288,2531,757
28047003507,3956,3074,882
28047003508,3708,2777,931
28047003509,4223,3228,995
28047003510,4094,3087,1007
28047003511,2477,1867,610
28047003512,3423,2548,875
28047003513,1513,1132,381
28047003514,6029,4356,1673
28047003600,1132,930,202
28047003700,3670,2606,1064
28047003800,1134,1014,120
28047003901,1130,854,276
28047003902,2218,1723,495
28047004000,2403,1730,673
28049000100,4793,3740,1053
28049000200,5491,4219,1272
28049000301,2147,1420,727
28049000302,4047,3209,838
28049000400,3136,2395,741
28049000500,5106,3938,1168
28049000600,2918,2358,560
28049000700,5019,3728,1291
28049000800,3950,2933,1017
28049000900,1594,1305,289
28049001000,1190,955,235
28049001100,1539,1316,223
28049001200,1629,1327,302
28049001300,4557,3748,809
28049001400,3380,2791,589
28049001500,3384,2978,406
28049001600,3360,2940,420
28049002100,2698,2107,591
28049002200,1870,1409,461
28049002300,2436,1793,643
28049002400,3788,2998,790
28049002500,1712,1388,324
28049002700,1142,1042,100
28049003000,1595,1235,360
28049003200,859,714,145
28049003300,5373,3783,1590
28049003400,2786,1896,890
28049003500,3064,2119,945
28049003600,3341,2386,955
28049003700,2444,1732,712
28049003800,2416,1746,670
28049010102,5344,4063,1281
28049010103,4085,3233,852
28049010104,2151,1795,356
28049010201,2903,2135,768
28049010202,5662,4586,1076
28049010203,2454,1775,679
28049010301,2954,2346,608
28049010304,6305,4882,1423
28049010305,3349,2431,918
28049010400,5387,4535,852
28049010501,4847,3714,1133
28049010502,3817,3030,787
28049010600,4370,3516,854
28049010700,6322,5449,873
28049010801,1469,1118,351
28049010804,1677,1266,411
28049010805,3870,2857,1013
28049010806,4229,3288,941
28049010807,3373,2779,594
28049010808,4103,3271,832
28049010809,2688,2092,596
28049010901,2471,1905,566
28049010902,1531,1210,321
28049011001,4906,3709,1197
28049011002,3903,2769,1134
28049011101,2827,2135,692
28049011103,6095,4559,1536
28049011104,5641,4291,1350
28049011105,4641,3539,1102
28049011201,2829,2287,542
28049011203,4248,3363,885
28049011204,4902,3874,1028
28049011300,3631,2961,670
28049011400,1114,863,251
28049011500,2554,2331,223
28049011600,2326,1820,506
28051950100,3715,2759,956
28051950200,3972,3122,850
28051950300,2337,1778,559
28051950400,2069,1613,456
28051950501,2712,2108,604
28051950502,2195,1601,594
28053950100,2114,1574,540
28053950200,2017,1623,394
28053950300,3654,2675,979
28055950100,1338,1157,181
28057950100,4711,3662,1049
28057950201,2764,2124,640
28057950202,3493,2684,809
28057950300,3949,3136,813
28057950400,5134,3967,1167
28057950500,3812,2956,856
28059040103,4042,3152,890
28059040104,3044,2258,786
28059040105,4645,3587,1058
28059040106,2884,2090,794
28059040203,5153,3892,1261
28059040205,3644,2784,860
28059040206,4994,3767,1227
28059040207,4691,3530,1161
28059040208,2563,1981,582
28059040301,4841,3719,1122
28059040302,2970,2300,670
28059040401,4322,3126,1196
28059040402,4444,3587,857
28059040500,3685,3079,606
28059040600,5585,4369,1216
28059040701,3857,2877,980
28059040702,6209,4807,1402
28059040801,2643,2054,589
28059040802,4181,3139,1042
28059040901,6160,4297,1863
28059040902,4398,3293,1105
28059040903,3190,2277,913
28059041001,1886,1513,373
28059041002,3424,2567,857
28059041101,2634,1923,711
28059041102,3921,3021,900
28059041301,4210,3420,790
28059041302,1447,1204,243
28059041400,2796,2315,481
28059041500,1161,967,194
28059041600,2194,1763,431
28059041700,1960,1590,370
28059041800,2473,2071,402
28059041900,2272,1762,510
28059042000,4810,3450,1360
28059042100,3242,2370,872
28059042201,2401,1763,638
28059042202,2212,1679,533
28059042500,2325,1823,502
28059042600,2684,2073,611
28059042700,865,702,163
28059042900,2190,1735,455
28061950101,2580,2019,561
28061950102,1467,1250,217
28061950200,2029,1585,444
28061950301,2078,1532,546
28061950302,3042,2309,733
28061950401,2446,1936,510
28061950402,2725,2077,648
28063950101,1787,1279,508
28063950102,2441,1908,533
28063950103,1476,1182,294
28063950200,1556,1209,347
28065950101,1898,1470,428
28065950102,3200,2551,649
28065950201,3043,2380,663
28065950202,3180,2563,617
28067950101,4432,3311,1121
28067950102,2135,1596,539
28067950201,2741,2132,609
28067950202,2788,2102,686
28067950301,4768,3670,1098
28067950302,3475,2704,771
28067950401,3758,2746,1012
28067950402,5354,3858,1496
28067950500,3839,2822,1017
28067950601,4760,3437,1323
28067950602,2241,1601,640
28067950700,3037,2342,695
28067950801,2868,2198,670
28067950802,2462,1863,599
28067950901,3497,2670,827
28067950902,4258,3299,959
28067951000,3975,3230,745
28067951101,2986,2259,727
28067951102,3859,2928,931
28069030100,4875,3892,983
28069030200,4113,3277,836
28071950100,4636,3532,1104
28071950201,3363,2707,656
28071950203,3218,2796,422
28071950204,2048,1834,214
28071950301,6353,6153,200
28071950303,2040,1639,401
28071950304,2039,1675,364
28071950402,3714,3047,667
28071950403,4192,3229,963
28071950404,5134,4083,1051
28071950502,2694,2108,586
28071950504,3490,2748,742
28071950505,3694,3146,548
28071950506,3817,2886,931
28071950507,5381,4075,1306
28073020101,3385,2395,990
28073020102,6752,4790,1962
28073020203,3076,2190,886
28073020204,4595,3325,1270
28073020205,4575,3473,1102
28073020206,4524,3335,1189
28073020303,3849,2882,967
28073020304,4661,3581,1080
28073020305,3653,2601,1052
28073020306,3512,2706,806
28073020307,1678,1395,283
28073020308,2963,2432,531
28073020401,2209,1658,551
28073020402,4636,3397,1239
28073020501,3896,2896,1000
28073020502,3322,2366,956
28073020600,2936,2261,675
28075000200,2318,1809,509
28075000300,2037,1486,551
28075000401,1123,804,319
28075000402,3106,2049,1057
28075000600,1492,1104,388
28075000700,3562,2404,1158
28075000800,1671,1392,279
28075000900,4497,3236,1261
28075001000,3811,2814,997
28075001101,3436,2701,735
28075001102,3731,2997,734
28075010203,2145,1774,371
28075010204,3555,2802,753
28075010205,5454,4146,1308
28075010206,1719,1263,456
28075010301,5587,4264,1323
28075010303,3803,3009,794
28075010304,2902,2200,702
28075010400,2754,2398,356
28075010501,2785,2019,766
28075010502,3158,2399,759
28075010601,3537,2738,799
28075010602,3604,2789,815
28075010700,1149,962,187
28077960100,3830,2919,911
28077960200,4284,3212,1072
28077960300,3902,2911,991
28079040100,3023,2344,679
28079040401,3307,2565,742
28079040402,2756,1922,834
28079040500,3055,2370,685
28079040600,5844,4136,1708
28079040700,3290,2506,784
28081950101,5340,3882,1458
28081950102,3435,2668,767
28081950202,5897,4470,1427
28081950203,2140,1629,511
28081950204,5619,4307,1312
28081950301,4694,3584,1110
28081950302,3586,2806,780
28081950401,4001,3003,998
28081950403,2615,2080,535
28081950404,5282,4097,1185
28081950501,1920,1400,520
28081950502,3562,2875,687
28081950601,3991,2965,1026
28081950602,3781,3010,771
28081950700,3596,2723,873
28081950800,3334,2523,811
28081950901,3170,2273,897
28081950902,4060,3074,986
28081951001,3642,2904,738
28081951002,3681,2667,1014
28081951101,2514,1993,521
28081951102,3483,2763,720
28083950100,735,567,168
28083950200,3102,2152,950
28083950300,4362,3426,936
28083950400,4797,3611,1186
28083950600,5659,4381,1278
28083950700,1777,1338,439
28083950800,3749,2658,1091
28083950900,4158,2853,1305
28085950100,4015,3082,933
28085950201,3382,2562,820
28085950202,2958,2313,645
28085950301,3859,2956,903
28085950302,3332,2439,893
28085950401,2596,1979,617
28085950402,4383,3306,1077
28085950500,4742,3596,1146
28085950601,3144,2417,727
28085950602,2496,1864,632
28087000102,2531,1873,658
28087000103,5224,3833,1391
28087000104,1473,1071,402
28087000301,3953,3237,716
28087000302,3733,3006,727
28087000403,4205,3228,977
28087000404,4008,3070,938
28087000405,5969,4454,1515
28087000406,1958,1544,414
28087000500,3943,3154,789
28087000600,3658,2604,1054
28087000700,4489,3685,804
28087000800,2801,2110,691
28087000901,2528,2064,464
28087000902,2879,2292,587
28087001000,2218,1818,400
28087001100,1696,1332,364
28087980000,1613,1276,337
28089030104,2617,2118,499
28089030105,3595,2784,811
28089030107,2588,2207,381
28089030108,4495,3401,1094
28089030109,3985,3297,688
28089030110,3654,2685,969
28089030111,1874,1492,382
28089030112,2983,2372,611
28089030202,5173,3830,1343
28089030203,3097,2353,744
28089030204,4667,3473,1194
28089030205,2905,2357,548
28089030206,2173,1861,312
28089030207,3945,2992,953
28089030208,6440,4700,1740
28089030301,6409,4686,1723
28089030302,6636,5301,1335
28089030401,9936,7294,2642
28089030402,10178,7322,2856
28089030403,1362,1106,256
28089030501,2396,1783,613
28089030502,3886,2544,1342
28089030600,3447,2608,839
28089030900,5851,4652,1199
28089031000,1918,1536,382
28089031100,2935,2207,728
28091950100,5611,4398,1213
28091950200,3362,2487,875
28091950300,3120,2239,881
28091950400,3747,3082,665
28091950500,4178,3132,1046
28091950600,4423,3331,1092
28093950101,2466,2002,464
28093950102,3676,2930,746
28093950201,3883,3141,742
28093950202,3658,3072,586
28093950301,3756,2909,847
28093950302,3142,2504,638
28093950401,2482,1864,618
28093950402,4654,3992,662
28093950501,2118,1737,381
28093950502,3917,3005,912
28095950101,2635,2076,559
28095950102,2647,2025,622
28095950201,2836,2241,595
28095950202,4298,3271,1027
28095950300,3410,2582,828
28095950400,3116,2455,661
28095950501,3030,2423,607
28095950502,3985,3092,893
28095950600,3158,2511,647
28095950700,2239,1787,452
28095950800,2826,2165,661
28097950100,2624,2188,436
28097950200,2352,1889,463
28097950301,2580,2021,559
28097950302,2266,1643,623
28099010101,2752,2117,635
28099010102,3048,2181,867
28099010200,2924,2255,669
28099010400,3589,2733,856
28099010500,2876,2149,727
28099010600,4945,3659,1286
28099010700,4891,3485,1406
28099940100,4062,2640,1422
28101050100,3349,2595,754
28101050200,3559,2671,888
28101050301,3588,2857,731
28101050302,2799,1939,860
28101050400,4499,3470,1029
28101050500,3497,2612,885
28103950100,4805,3660,1145
28103950200,3086,2401,685
28103950300,2394,1744,650
28105950101,5875,4830,1045
28105950102,3476,2941,535
28105950201,3600,2978,622
28105950202,3415,2714,701
28105950300,3579,2579,1000
28105950401,5577,5386,191
28105950402,2353,1972,381
28105950500,3894,3288,606
28105950601,5469,4790,679
28105950603,2800,2217,583
28105950604,3212,2543,669
28105950701,4298,3313,985
28105950702,4240,3235,1005
28107950101,3040,2347,693
28107950102,3589,2747,842
28107950201,1719,1221,498
28107950202,953,724,229
28107950301,2923,2370,553
28107950302,2235,1725,510
28107950400,5385,4123,1262
28107950501,2707,2025,682
28107950502,3802,2861,941
28107950601,4140,3173,967
28107950602,2715,1819,896
28109950101,3098,2424,674
28109950102,2552,2014,538
28109950201,2683,2114,569
28109950202,2771,2171,600
28109950300,3339,2755,584
28109950403,3716,2857,859
28109950404,3636,2815,821
28109950405,3957,3021,936
28109950406,2416,1733,683
28109950503,4150,3136,1014
28109950504,3410,2753,657
28109950505,3803,2848,955
28109950506,4705,3727,978
28109950600,4500,3481,1019
28109950701,4823,3626,1197
28109950702,2586,1862,724
28111950101,4511,3536,975
28111950102,3629,2839,790
28111950200,3371,2636,735
28113950102,4470,3424,1046
28113950103,1962,1425,537
28113950104,3504,2600,904
28113950200,5270,4043,1227
28113950300,4524,3192,1332
28113950400,3122,2515,607
28113950501,4886,3560,1326
28113950502,2140,1711,429
28113950601,2772,2142,630
28113950602,3665,2879,786
28113950700,4009,3185,824
28115950101,4220,3266,954
28115950102,5920,4280,1640
28115950200,5053,3769,1284
28115950300,5662,4298,1364
28115950400,4954,3734,1220
28115950500,5375,3939,1436
28117950101,3391,2643,748
28117950102,2370,1815,555
28117950201,3254,2493,761
28117950202,2996,2278,718
28117950301,3044,2559,485
28117950302,3584,2728,856
28117950400,4515,3521,994
28117950500,1854,1389,465
28119950100,1582,1238,344
28119950200,1574,1257,317
28119950300,3020,2390,630
28121020101,5668,4207,1461
28121020103,4934,3665,1269
28121020104,4701,3469,1232
28121020105,2249,1642,607
28121020208,6606,5314,1292
28121020209,4505,3704,801
28121020210,5061,3855,1206
28121020212,3606,2655,951
28121020213,1383,1065,318
28121020214,4143,3016,1127
28121020215,4804,3618,1186
28121020216,3867,3126,741
28121020217,4018,3215,803
28121020218,5535,4238,1297
28121020219,4958,3959,999
28121020301,3146,2331,815
28121020303,5015,3836,1179
28121020304,2719,2328,391
28121020401,4720,3454,1266
28121020402,5877,4523,1354
28121020500,4349,4284,65
28121020601,3732,2731,1001
28121020602,5100,3830,1270
28121020703,1935,1536,399
28121020705,6994,5244,1750
28121020801,2622,2052,570
28121020803,2223,1692,531
28121020804,7248,5178,2070
28121020805,2806,2112,694
28121020806,6030,4385,1645
28121020901,3115,2377,738
28121020902,4352,3333,1019
28121021001,6221,4680,1541
28121021003,5361,4103,1258
28121021004,5047,3738,1309
28121021005,2309,1753,556
28121980000,72,62,10
28123020101,3314,2420,894
28123020102,3286,2345,941
28123020200,4753,3602,1151
28123020301,2994,2263,731
28123020302,2258,1700,558
28123020400,3189,2178,1011
28123020500,4690,3172,1518
28123020600,3506,2621,885
28125950100,2000,1548,452
28125950200,1800,1371,429
28127950101,1800,1394,406
28127950102,3030,2294,736
28127950200,3167,2406,761
28127950301,2654,2025,629
28127950302,3247,2489,758
28127950401,2311,1767,544
28127950402,1860,1446,414
28127950403,3362,2597,765
28127950500,4518,3311,1207
28129950100,4607,3601,1006
28129950201,2736,2098,638
28129950202,2537,2013,524
28129950301,2472,1870,602
28129950302,1857,1443,414
28131020100,3703,2876,827
28131020203,3750,2887,863
28131020204,3903,2982,921
28131020205,3686,3022,664
28131020206,3291,2527,764
28133950100,6504,5519,985
28133950200,4144,3256,888
28133950300,2255,1671,584
28133950401,3220,2446,774
28133950402,5222,3946,1276
28133950500,2389,1887,502
28133950600,2237,1731,506
28135950100,3881,3141,740
28135950200,2434,1772,662
28135950300,4001,3372,629
28135950400,2399,1878,521
28137950100,5342,4252,1090
28137950201,2945,2270,675
28137950202,3639,2906,733
28137950301,4081,3199,882
28137950302,6335,4720,1615
28137950400,5722,4365,1357
28139950100,4748,3598,1150
28139950201,4377,3326,1051
28139950202,2016,1547,469
28139950300,2867,2190,677
28139950401,5020,3853,1167
28139950402,2787,2210,577
28141950101,2050,1692,358
28141950102,1382,1098,284
28141950200,2519,1950,569
28141950301,2938,2345,593
28141950302,3101,2432,669
28141950401,3314,2669,645
28141950402,3546,2716,830
28143950101,2190,1652,538
28143950102,3504,2511,993
28143950200,4082,2930,1152
28145950100,4443,3453,990
28145950200,5292,3965,1327
28145950300,4335,3306,1029
28145950400,3795,2881,914
28145950500,5927,4482,1445
28145950600,3985,3033,952
28147950101,3286,2525,761
28147950102,3079,2377,702
28147950200,1544,1235,309
28147950301,3366,2623,743
28147950302,2609,2041,568
28149950101,1763,1334,429
28149950102,3144,2461,683
28149950200,3724,2737,987
28149950300,2522,1871,651
28149950400,2441,1918,523
28149950500,2362,1738,624
28149950600,5377,4310,1067
28149950700,2107,1645,462
28149950800,3811,2958,853
28149950901,4686,3631,1055
28149950902,3586,2692,894
28149951101,5043,3912,1131
28149951102,4156,3105,1051
28151000100,1438,1138,300
28151000200,1588,1254,334
28151000300,2742,2024,718
28151000400,2183,1583,600
28151000600,2485,1938,547
28151000701,3519,2694,825
28151000702,3587,2884,703
28151000800,3272,2561,711
28151000900,2701,2008,693
28151001000,1021,803,218
28151001100,1231,943,288
28151001200,2048,1610,438
28151001300,2170,1529,641
28151001400,4066,2955,1111
28151001500,4305,3350,955
28151001600,1759,1363,396
28151001700,2435,1910,525
28151002000,1135,865,270
28151002100,1237,865,372
28153950101,2353,1820,533
28153950102,2750,2000,750
28153950200,4455,3402,1053
28153950301,2132,1668,464
28153950302,3149,2400,749
28153950401,2866,2174,692
28153950402,2074,1568,506
28155950100,4731,3529,1202
28155950200,3494,2750,744
28155950300,1701,1342,359
28157950100,3350,2580,770
28157950201,2056,1643,413
28157950202,3181,2656,525
28159950100,3049,2507,542
28159950200,3448,2717,731
28159950300,3785,2712,1073
28159950400,3346,2560,786
28159950500,4086,3154,932
28161950100,3457,2751,706
28161950200,4253,3344,909
28161950301,2645,2141,504
28161950302,2126,1744,382
28163950100,7987,7095,892
28163950200,3056,2208,848
28163950300,4700,3281,1419
28163950400,1621,1306,315
28163950500,3653,2596,1057
28163950601,2746,2236,510
28163950602,2980,2407,573
29001950100,3706,2755,951
29001950200,2811,2196,615
29001950300,2925,2407,518
29001950400,4193,3193,1000
29001950501,3923,3215,708
29001950502,3263,2568,695
29001950900,2149,1799,350
29001951000,2344,2327,17
29003010100,6212,4695,1517
29003010201,3962,2970,992
29003010202,2939,2186,753
29003010300,1975,1507,468
29003010400,3047,2345,702
29005950100,3058,2423,635
29005950200,2247,1745,502
29007950100,3796,3181,615
29007950200,4791,3718,1073
29007950300,3634,2490,1144
29007950400,2720,2052,668
29007950500,3724,2758,966
29007950600,2648,2027,621
29007950700,3649,2844,805
29009960101,2938,2332,606
29009960102,2660,2247,413
29009960201,2655,1933,722
29009960202,3234,2418,816
29009960301,3740,2698,1042
29009960302,3026,2229,797
29009960401,3962,3075,887
29009960402,3603,2719,884
29009960500,6150,4617,1533
29009960600,2566,2318,248
29011960100,2865,2171,694
29011960200,3804,2855,949
29011960300,4968,3747,1221
29013070100,4985,3887,1098
29013070200,4055,3098,957
29013070300,4470,3413,1057
29013070400,2532,1978,554
29015460100,3230,2467,763
29015460200,2383,1800,583
29015460300,4603,3748,855
29015460400,2204,1918,286
29015460701,1260,1086,174
29015460702,1611,1451,160
29015460801,1633,1346,287
29015460802,2470,2100,370
29017950100,4115,3254,861
29017950200,3858,2953,905
29017950300,2594,2039,555
29019000200,1698,1547,151
29019000300,2622,2412,210
29019000500,5226,4962,264
29019000600,4558,3625,933
29019000700,3345,2804,541
29019000900,1389,1139,250
29019001001,5042,4381,661
29019001003,4108,3153,955
29019001004,4170,3375,795
29019001105,3350,3028,322
29019001106,6434,5418,1016
29019001107,3912,3190,722
29019001108,2901,2429,472
29019001109,5811,4547,1264
29019001110,7723,5566,2157
29019001201,6064,4670,1394
29019001202,5315,4232,1083
29019001300,4074,3391,683
29019001401,6421,4758,1663
29019001402,5964,4536,1428
29019001503,4339,3224,1115
29019001505,3504,2638,866
29019001506,3167,2500,667
29019001507,3277,2474,803
29019001508,5723,4276,1447
29019001602,4626,3712,914
29019001603,3694,2741,953
29019001604,4506,3482,1024
29019001702,5745,4277,1468
29019001703,3658,2680,978
29019001704,4711,3383,1328
29019001803,4414,3374,1040
29019001806,5526,3969,1557
29019001807,5570,3872,1698
29019001901,4530,3528,1002
29019001903,4870,3620,1250
29019001904,4225,3141,1084
29019002000,5458,4060,1398
29019002100,4023,3344,679
29019002200,7917,7794,123
29021000100,6343,4853,1490
29021000200,4336,3369,967
29021000300,2701,2093,608
29021000400,1563,1178,385
29021000500,2852,2236,616
29021000600,4814,4124,690
29021000701,4576,3984,592
29021000702,4334,3490,844
29021000900,4521,3378,1143
29021001000,2279,1698,581
29021001100,2259,1783,476
29021001200,1890,1583,307
29021001500,4912,3611,1301
29021001600,2556,1924,632
29021001700,4308,3288,1020
29021001800,3338,2627,711
29021002100,2188,1661,527
29021002200,1956,1529,427
29021002300,2229,1764,465
29021002400,1907,1378,529
29021002500,1973,1545,428
29021002700,3514,2700,814
29021002800,4842,3826,1016
29021002900,3059,2383,676
29021003001,2961,2271,690
29021003002,2582,1850,732
29023950101,3675,2876,799
29023950102,1872,1480,392
29023950201,5476,4153,1323
29023950202,6018,4616,1402
29023950301,3745,2883,862
29023950302,3289,2645,644
29023950400,3171,2284,887
29023950500,2285,1739,546
29023950600,3834,2959,875
29023950700,2587,1871,716
29023950800,2808,2153,655
29023950900,3370,2639,731
29025950100,2614,1996,618
29025950201,2979,2355,624
29025950202,3222,2422,800
29027070100,4798,3658,1140
29027070200,3298,2690,608
29027070301,4021,3449,572
29027070302,3308,2711,597
29027070400,5720,4590,1130
29027070500,4900,3804,1096
29027070601,3495,2684,811
29027070602,3255,2452,803
29027070701,2296,1748,548
29027070702,3821,2943,878
29027070800,5371,4009,1362
29029950101,2561,1993,568
29029950102,2403,2057,346
29029950201,3635,3073,562
29029950202,2755,2316,439
29029950301,1487,1244,243
29029950302,931,818,113
29029950401,2087,1541,546
29029950402,1878,1529,349
29029950500,3707,2801,906
29029950600,3885,3091,794
29029950701,2099,1859,240
29029950702,1005,908,97
29029950801,2626,2068,558
29029950802,3781,2894,887
29029950900,3027,2342,685
29029951101,1580,1445,135
29029951102,1231,1108,123
29029951201,1060,967,93
29029951202,1007,892,115
29031880100,6095,4742,1353
29031880200,4133,3157,976
29031880300,5273,4004,1269
29031880401,5778,4421,1357
29031880402,2500,1937,563
29031880501,5536,4004,1532
29031880502,4283,3319,964
29031880600,7583,6038,1545
29031880700,5025,4024,1001
29031880800,4347,4003,344
29031880900,2561,1999,562
29031881000,1749,1448,301
29031881100,3229,2573,656
29031881200,6794,5356,1438
29031881301,3804,3047,757
29031881302,2511,1944,567
29031881400,2429,1809,620
29031881500,5066,4173,893
29031881600,3014,2298,716
29033960100,2225,1724,501
29033960200,2419,1921,498
29033960300,3851,3014,837
29035960100,3256,2502,754
29035960200,1946,1569,377
29037060001,4796,3760,1036
29037060003,3615,2621,994
29037060004,5345,4047,1298
29037060100,1413,972,441
29037060202,4854,3695,1159
29037060305,4789,3560,1229
29037060306,6714,5068,1646
29037060307,4891,3632,1259
29037060308,4474,3413,1061
29037060309,4475,3277,1198
29037060401,2238,1773,465
29037060402,3326,2549,777
29037060500,2916,2236,680
29037060601,4916,3474,1442
29037060602,4028,2977,1051
29037060700,3581,2755,826
29037060800,6203,4872,1331
29037060904,3229,2363,866
29037061001,4545,3655,890
29037061002,7414,5603,1811
29037061100,4179,3325,854
29037061200,4032,3063,969
29037061300,6581,4993,1588
29037061400,5270,3970,1300
29039870101,2647,1952,695
29039870102,3419,2411,1008
29039870200,4857,3683,1174
29039870300,3265,2595,670
29041470100,2220,1752,468
29041470200,2372,1860,512
29041470300,2816,2138,678
29043020101,3106,2457,649
29043020102,6333,4547,1786
29043020201,4508,3400,1108
29043020202,6771,5182,1589
29043020204,4714,3382,1332
29043020205,6682,4875,1807
29043020206,4566,3348,1218
29043020207,5045,3551,1494
29043020302,6449,4760,1689
29043020303,5764,4172,1592
29043020304,3675,2677,998
29043020307,4571,3439,1132
29043020308,2946,2050,896
29043020309,1930,1512,418
29043020310,6528,4682,1846
29043020401,3869,2939,930
29043020402,4032,3007,1025
29043020501,4252,3276,976
29043020502,3101,2425,676
29045950100,1927,1421,506
29045950200,1936,1523,413
29045950300,2771,2121,650
29047020201,5423,4259,1164
29047020202,4867,4039,828
29047020300,6688,5215,1473
29047020400,2561,2017,544
29047020500,6252,4678,1574
29047020602,4417,3206,1211
29047020603,4196,3221,975
29047020604,5484,4154,1330
29047020802,2656,2113,543
29047020803,2906,2308,598
29047020901,6107,4816,1291
29047020902,2562,1982,580
29047021001,3716,2949,767
29047021003,4115,3315,800
29047021004,3068,2430,638
29047021101,5123,4090,1033
29047021103,3772,2992,780
29047021104,3187,2594,593
29047021105,3736,2973,763
29047021204,5679,4269,1410
29047021208,6058,4676,1382
29047021209,4461,3450,1011
29047021210,4368,3580,788
29047021211,2804,2184,620
29047021212,6754,4868,1886
29047021213,3193,2344,849
29047021214,1417,1076,341
29047021303,5065,3411,1654
29047021307,7622,5708,1914
29047021309,5911,3933,1978
29047021311,2866,1847,1019
29047021312,7620,4840,2780
29047021313,8275,6246,2029
29047021314,7251,5293,1958
29047021401,4628,3730,898
29047021403,2995,2259,736
29047021404,4816,3807,1009
29047021601,4767,3245,1522
29047021602,3505,2759,746
29047021701,5379,4127,1252
29047021703,2543,1969,574
29047021704,3322,2503,819
29047021806,4066,3248,818
29047021807,4233,2879,1354
29047021808,4648,3216,1432
29047021809,4566,3413,1153
29047021810,3033,2378,655
29047021811,3537,2691,846
29047021812,5577,4004,1573
29047021900,6768,4965,1803
29047022000,6540,4849,1691
29047022100,5343,4711,632
29047022200,4110,3010,1100
29047022301,3180,2409,771
29047022302,5599,4125,1474
29049960100,5430,3989,1441
29049960201,3045,2354,691
29049960202,4012,3003,1009
29049960300,4228,3382,846
29049960400,4469,3502,967
29051010300,4815,3817,998
29051010401,3714,2875,839
29051010402,2987,2279,708
29051010500,4313,3394,919
29051010600,3661,2889,772
29051010701,6009,4659,1350
29051010702,5083,3886,1197
29051010801,5920,4446,1474
29051010802,3670,2859,811
29051010901,3568,2784,784
29051010902,2698,2198,500
29051020198,7347,6268,1079
29051020200,4632,3400,1232
29051020300,3494,2663,831
29051020400,6531,4866,1665
29051020500,2761,2097,664
29051020600,4167,3250,917
29051020700,1909,1533,376
29053950100,3341,2534,807
29053950200,2640,2238,402
29053950300,4078,3171,907
29053950400,2434,1859,575
29053950500,4610,3494,1116
29055450101,1794,1446,348
29055450103,3209,2358,851
29055450104,2883,2224,659
29055450200,3771,3001,770
29055450301,2227,1787,440
29055450302,4326,3335,991
29055450401,1979,1548,431
29055450402,2867,2147,720
29057480100,4621,3616,1005
29057480200,2948,2340,608
29059480100,4760,3534,1226
29059480200,5337,4148,1189
29059480301,2799,2160,639
29059480302,4175,3155,1020
29061470100,3217,2540,677
29061470200,5213,3712,1501
29063080101,2157,1631,526
29063080102,5065,4299,766
29063080200,3807,2997,810
29065960100,4448,3455,993
29065960200,4945,3882,1063
29065960300,2188,1731,457
29065960400,2840,2177,663
29067950100,2764,2209,555
29067950200,4605,3614,991
29067950500,4209,3251,958
29069360100,2131,1577,554
29069360200,2568,1976,592
29069360300,3658,2871,787
29069360400,3751,2788,963
29069360500,2936,2183,753
29069360600,4290,3081,1209
29069360700,3576,2688,888
29069360800,2082,1602,480
29069360900,1666,1299,367
29069361000,1625,1252,373
29071800101,2534,1944,590
29071800102,2065,1658,407
29071800103,2224,1783,441
29071800104,1857,1425,432
29071800201,5231,4149,1082
29071800202,6435,5036,1399
29071800301,2969,2287,682
29071800302,4714,3723,991
29071800401,5406,4159,1247
29071800403,4052,3156,896
29071800404,2941,2286,655
29071800501,4116,3266,850
29071800502,2902,2238,664
29071800603,4211,3113,1098
29071800604,3665,2676,989
29071800605,4377,3314,1063
29071800606,5021,3778,1243
29071800702,3326,2595,731
29071800703,4458,3436,1022
29071800704,2992,2370,622
29071800801,5385,4235,1150
29071800802,1962,1576,386
29071800901,2793,2134,659
29071800903,3314,2561,753
29071800904,3893,2880,1013
29071801000,3650,2940,710
29071801101,4088,3160,928
29071801102,4101,3199,902
29073960100,2453,2002,451
29073960200,1690,1377,313
29073960300,2889,2285,604
29073960400,3239,2450,789
29073960500,4523,3578,945
29075960100,2848,2196,652
29075960200,3314,2399,915
29077000101,949,888,61
29077000102,1595,1518,77
29077000200,4629,4503,126
29077000300,3126,2690,436
29077000400,4349,3638,711
29077000501,2228,1703,525
29077000502,3371,2918,453
29077000600,2612,2032,580
29077000700,4607,4108,499
29077000800,3414,2843,571
29077000900,5097,4472,625
29077001000,2202,1811,391
29077001100,3461,2840,621
29077001200,3821,3101,720
29077001301,2234,1799,435
29077001302,2540,2249,291
29077001401,2861,2584,277
29077001402,1950,1699,251
29077001500,5201,4132,1069
29077001700,3217,2551,666
29077001800,3340,2589,751
29077001900,3000,2274,726
29077002200,4595,3625,970
29077002300,5433,4428,1005
29077002402,4115,3310,805
29077002502,5630,4511,1119
29077002600,4997,3978,1019
29077002700,2539,2245,294
29077002800,1849,1579,270
29077002900,4038,3346,692
29077003003,178,134,44
29077003004,5327,4259,1068
29077003100,3041,2370,671
29077003200,4152,3106,1046
29077003300,3728,2776,952
29077003600,2791,2089,702
29077003701,5631,4434,1197
29077003702,2916,2333,583
29077003801,3798,3045,753
29077003802,3959,3135,824
29077003900,3409,2790,619
29077004002,4069,3243,826
29077004003,5179,4097,1082
29077004004,2705,2346,359
29077004005,3165,2661,504
29077004104,3699,2755,944
29077004105,4858,3716,1142
29077004106,4523,3295,1228
29077004107,4015,3217,798
29077004108,2421,1916,505
29077004109,5383,3989,1394
29077004201,4881,4004,877
29077004202,6703,5203,1500
29077004303,2011,1541,470
29077004304,2134,1596,538
29077004305,5231,3820,1411
29077004306,3905,3017,888
29077004401,3449,2843,606
29077004402,3632,2841,791
29077004500,2807,2373,434
29077004601,4282,3190,1092
29077004602,3486,2642,844
29077004700,6014,4656,1358
29077004802,8041,5866,2175
29077004803,6099,4422,1677
29077004804,5632,3964,1668
29077004805,3308,2424,884
29077004900,6396,4867,1529
29077005001,3655,2795,860
29077005002,7178,5241,1937
29077005100,4000,3022,978
29077005201,3063,2416,647
29077005202,3791,2959,832
29077005500,4267,3241,1026
29077005600,3502,2803,699
29077005700,3791,3144,647
29077005801,2689,2349,340
29077005802,3021,2535,486
29079960100,2084,1515,569
29079960200,2069,1494,575
29079960300,2244,1673,571
29079960400,3411,2676,735
29081950100,3169,2389,780
29081950200,2239,1711,528
29081950300,2749,2139,610
29083950100,2891,2133,758
29083950200,3606,2894,712
29083950300,3182,2463,719
29083950400,2917,2328,589
29083950500,3994,3080,914
29083950600,5356,4189,1167
29085470100,2652,2116,536
29085470300,2234,1994,240
29085470501,1549,1217,332
29085470502,1844,1599,245
29087960100,1164,913,251
29087960200,1379,1066,313
29087960300,1680,1333,347
29089960100,2987,2257,730
29089960200,3272,2483,789
29089960300,3892,3163,729
29091090101,2542,1929,613
29091090102,2786,2087,699
29091090200,3974,3029,945
29091090300,4545,3476,1069
29091090400,4585,3482,1103
29091090500,4833,3644,1189
29091090600,4886,3765,1121
29091090700,5079,3823,1256
29091090801,3264,2608,656
29091090802,3256,2438,818
29093950100,2509,2025,484
29093950200,2481,1977,504
29093950300,2686,2066,620
29093950400,1861,1465,396
29095000300,2087,1704,383
29095000600,4653,3186,1467
29095000700,4056,2875,1181
29095000800,4334,2998,1336
29095000900,3005,2173,832
29095001000,2910,2017,893
29095001100,2378,2300,78
29095001800,3161,2183,978
29095001900,3380,2366,1014
29095002000,2315,1613,702
29095002100,4470,2887,1583
29095002200,3224,2321,903
29095002300,2149,1536,613
29095003400,3288,2276,1012
29095003700,1049,795,254
29095003800,1538,1134,404
29095004300,2794,2416,378
29095004400,1495,1437,58
29095004600,2689,2204,485
29095005100,1620,1421,199
29095005200,1038,862,176
29095005300,1437,1105,332
29095005400,826,619,207
29095005500,927,649,278
29095005601,1726,1262,464
29095005602,1420,1011,409
29095005700,2285,1637,648
29095005801,2172,1686,486
29095006000,1478,1079,399
29095006100,2695,1970,725
29095006300,1737,1444,293
29095006500,1632,1401,231
29095006600,1833,1631,202
29095006700,1807,1717,90
29095006900,1338,1296,42
29095007100,2993,2840,153
29095007200,2044,1765,279
29095007301,1818,1749,69
29095007302,1377,1339,38
29095007400,4397,3945,452
29095007500,2727,2362,365
29095007600,2294,1702,592
29095007700,1665,1364,301
29095007802,2258,1679,579
29095007900,3498,2514,984
29095008000,3022,2279,743
29095008100,2113,1730,383
29095008200,2913,2463,450
29095008300,2337,1787,550
29095008400,2800,2082,718
29095008500,3573,2653,920
29095008600,5385,4355,1030
29095008700,2558,1971,587
29095008800,3430,2594,836
29095008900,1950,1437,513
29095009000,4219,3284,935
29095009100,3735,3116,619
29095009200,2890,2339,551
29095009300,2394,2094,300
29095009400,4391,3752,639
29095009500,3160,2279,881
29095009600,1555,966,589
29095009700,1592,1174,418
29095009800,3484,2896,588
29095009900,2130,1841,289
29095010001,1801,1580,221
29095010002,3575,2966,609
29095010103,2417,1911,506
29095010105,3510,3040,470
29095010201,1836,1443,393
29095010203,4042,3281,761
29095010204,4379,3534,845
29095010500,4803,3566,1237
29095010600,3044,2364,680
29095010702,3811,2902,909
29095011001,2451,1898,553
29095011002,2479,1884,595
29095011100,3168,2523,645
29095011200,3366,2566,800
29095011300,4810,3571,1239
29095011405,2886,1753,1133
29095011406,6000,4310,1690
29095011407,3333,2555,778
29095011408,1546,1232,314
29095011409,1581,1256,325
29095011410,2553,1981,572
29095011501,4271,3217,1054
29095011502,1752,1243,509
29095011601,2759,2254,505
29095011602,2333,1912,421
29095011701,2113,1611,502
29095011702,2257,1764,493
29095011800,5477,4091,1386
29095011900,3771,2917,854
29095012000,3647,2864,783
29095012100,5871,4565,1306
29095012200,6548,5116,1432
29095012300,3505,2826,679
29095012400,4216,3401,815
29095012501,3727,2911,816
29095012502,3056,2451,605
29095012600,4803,3847,956
29095012702,4214,3322,892
29095012703,2307,1849,458
29095012802,3772,2978,794
29095012803,2142,1682,460
29095012804,6120,4719,1401
29095012903,3577,2719,858
29095012904,2645,2018,627
29095012906,4562,3405,1157
29095013003,4842,3762,1080
29095013100,2983,2251,732
29095013203,4102,2718,1384
29095013208,3022,2249,773
29095013210,2564,1902,662
29095013301,4165,3332,833
29095013307,2659,2038,621
29095013309,5040,3768,1272
29095013313,5162,3876,1286
29095013401,2802,2032,770
29095013405,1981,1456,525
29095013407,2574,2137,437
29095013410,4037,3152,885
29095013416,2344,1736,608
29095013417,2918,2494,424
29095013418,2742,2322,420
29095013502,6065,4373,1692
29095013504,3488,2566,922
29095013606,1445,1132,313
29095013612,7107,5268,1839
29095013613,2588,2327,261
29095013614,1456,988,468
29095013615,2052,1687,365
29095013705,1408,1103,305
29095013706,4211,3032,1179
29095013707,2975,2317,658
29095013708,3279,2541,738
29095013801,5724,4219,1505
29095013803,5267,4003,1264
29095013804,3122,2247,875
29095013902,1776,1283,493
29095013904,7294,5288,2006
29095013916,6323,4502,1821
29095013917,3837,2985,852
29095013918,3264,2693,571
29095014002,1797,1430,367
29095014004,3141,2310,831
29095014005,5284,3863,1421
29095014006,6614,4733,1881
29095014008,3931,2934,997
29095014009,3097,2086,1011
29095014111,4054,2826,1228
29095014112,1801,1264,537
29095014120,3079,2298,781
29095014121,7003,4950,2053
29095014122,2455,1808,647
29095014123,3140,2252,888
29095014124,3550,2615,935
29095014125,2074,1598,476
29095014126,5497,4045,1452
29095014127,1884,1486,398
29095014128,5238,3996,1242
29095014203,4155,3072,1083
29095014205,3725,2750,975
29095014206,5093,4064,1029
29095014300,5483,4279,1204
29095014400,2951,2305,646
29095014501,4106,3334,772
29095014503,1287,1200,87
29095014504,3538,3031,507
29095014601,5469,4381,1088
29095014603,3685,2846,839
29095014604,4984,4103,881
29095014701,3903,3289,614
29095014702,5143,4150,993
29095014804,3328,2613,715
29095014806,4576,3410,1166
29095014902,1950,1442,508
29095014903,5636,4167,1469
29095014904,6713,4884,1829
29095014905,5184,3878,1306
29095015000,3653,2781,872
29095015100,5935,4416,1519
29095015200,2646,2542,104
29095015300,3010,2302,708
29095015401,2138,1390,748
29095015402,1341,933,408
29095015500,1328,1004,324
29095015600,2483,1841,642
29095015701,2219,2155,64
29095015702,3191,3028,163
29095015800,1932,1853,79
29095015900,1955,1883,72
29095016000,1756,1306,450
29095016100,1906,1582,324
29095016200,2052,1714,338
29095016300,2082,1588,494
29095016400,1741,1265,476
29095016500,1868,1379,489
29095016600,1619,1185,434
29095016700,3366,3125,241
29095016801,2178,2046,132
29095016802,1338,1165,173
29095016900,2361,1781,580
29095017000,2510,1978,532
29095017100,3814,2856,958
29095017200,4573,3522,1051
29095017300,3354,2771,583
29095017400,2807,2190,617
29095017500,2012,1548,464
29095017600,5118,4068,1050
29095017700,5365,4018,1347
29095017800,3809,3407,402
29095017900,5099,4154,945
29095018000,3599,2822,777
29095018101,5159,3786,1373
29095018102,3148,2066,1082
29095018200,4166,2643,1523
29095018500,4559,3416,1143
29095018600,3000,2282,718
29095019301,4070,2995,1075
29095019302,3168,2441,727
29095988300,97,91,6
29097010100,3730,3044,686
29097010200,4673,3702,971
29097010301,4072,3363,709
29097010302,4620,3447,1173
29097010400,5609,4549,1060
29097010500,5144,3999,1145
29097010601,3070,2212,858
29097010602,2893,2148,745
29097010700,2703,2068,635
29097010800,4235,3175,1060
29097010901,2882,2240,642
29097010902,4082,3184,898
29097011000,3733,2973,760
29097011100,1762,1360,402
29097011201,3060,2318,742
29097011202,3682,2805,877
29097011301,5127,3686,1441
29097011302,4068,2813,1255
29097011400,5898,4353,1545
29097011501,5442,3957,1485
29097011502,4648,3315,1333
29097011600,5203,3584,1619
29097011700,7195,5279,1916
29097011800,5054,3608,1446
29097011900,3991,3063,928
29097012000,5255,3990,1265
29097012100,3909,2880,1029
29097012201,3680,2744,936
29097012202,3341,2456,885
29099700107,3731,2789,942
29099700111,3671,2882,789
29099700113,4495,3408,1087
29099700114,4304,3314,990
29099700115,4016,3175,841
29099700116,3084,2320,764
29099700117,6963,5391,1572
29099700118,6219,4960,1259
29099700119,2116,1599,517
29099700120,6096,4471,1625
29099700121,3887,3050,837
29099700122,4087,3267,820
29099700123,2893,2261,632
29099700124,4831,3421,1410
29099700206,5692,4165,1527
29099700207,3559,2698,861
29099700208,6784,5228,1556
29099700209,3760,2780,980
29099700210,3853,3042,811
29099700211,5161,4003,1158
29099700212,2927,2233,694
29099700213,3122,2429,693
29099700302,5581,4277,1304
29099700303,4652,3743,909
29099700305,3814,2985,829
29099700306,3572,2832,740
29099700401,4769,3777,992
29099700402,6552,5048,1504
29099700502,6120,4825,1295
29099700503,3234,2568,666
29099700504,4278,3405,873
29099700603,6420,4720,1700
29099700604,6331,4841,1490
29099700605,6429,4833,1596
29099700606,2946,2195,751
29099700607,2779,2167,612
29099700700,4605,3594,1011
29099700801,5795,4382,1413
29099700802,5577,4125,1452
29099700900,5810,4432,1378
29099701001,4753,3585,1168
29099701002,4072,3129,943
29099701101,4506,3467,1039
29099701102,5285,4250,1035
29099701200,5941,4617,1324
29099701300,3400,2610,790
29099701401,4093,3226,867
29099701403,3871,3000,871
29099701404,6303,4831,1472
29101960101,5957,4761,1196
29101960102,3185,2399,786
29101960200,5259,4035,1224
29101960301,6057,4557,1500
29101960302,3841,2934,907
29101960401,3310,3143,167
29101960402,2821,2337,484
29101960501,3477,2666,811
29101960502,4136,3109,1027
29101960600,3299,2688,611
29101960701,2096,1624,472
29101960702,2918,2097,821
29101960900,4761,3644,1117
29101980000,2896,1854,1042
29103960100,1808,1347,461
29103960200,1936,1491,445
29105960101,4596,3533,1063
29105960102,3600,2830,770
29105960201,3074,2364,710
29105960202,2855,2229,626
29105960301,3319,2509,810
29105960302,4067,3089,978
29105960400,3934,2934,1000
29105960500,5627,4353,1274
29105960600,4967,3556,1411
29107090100,5130,4042,1088
29107090200,5837,4459,1378
29107090300,1327,1019,308
29107090401,3532,2707,825
29107090402,3115,2439,676
29107090500,3716,2926,790
29107090601,6467,4821,1646
29107090602,3860,2987,873
29109470100,3916,2972,944
29109470201,3537,2671,866
29109470202,4335,3369,966
29109470300,5221,3732,1489
29109470401,4014,2857,1157
29109470402,2890,2083,807
29109470501,2980,2304,676
29109470502,3542,2731,811
29109470601,4872,3619,1253
29109470602,2694,2074,620
29111970100,3745,3039,706
29111970200,2164,1577,587
29111970300,2346,1853,493
29111970400,1777,1432,345
29113810100,4178,3176,1002
29113810203,5660,4219,1441
29113810204,1794,1365,429
29113810205,3964,3046,918
29113810206,2067,1575,492
29113810305,6752,5000,1752
29113810306,2789,2237,552
29113810307,4626,3383,1243
29113810308,7826,5559,2267
29113810309,5519,4128,1391
29113810310,5693,4086,1607
29113810401,5092,3819,1273
29113810402,3614,2792,822
29115490100,1568,1236,332
29115490200,2215,1618,597
29115490300,2757,2111,646
29115490400,2709,2162,547
29115490500,2625,1983,642
29117480100,3800,3189,611
29117480200,2975,2314,661
29117480300,3440,2759,681
29117480400,2743,2022,721
29117480500,1599,1189,410
29119070101,3697,2826,871
29119070102,2621,1932,689
29119070200,4491,3269,1222
29119070300,6276,4386,1890
29119070401,3285,2490,795
29119070402,2933,2271,662
29121960100,2244,1713,531
29121960200,2553,1856,697
29121960300,3775,2950,825
29121960400,4036,3126,910
29121960500,2601,2021,580
29123960100,3377,2607,770
29123960201,3024,2392,632
29123960202,2704,2011,693
29123960300,3521,2738,783
29125880100,2628,2045,583
29125880298,2491,1971,520
29125880300,3313,2589,724
29127960100,4542,3495,1047
29127960200,3276,2534,742
29127960300,3672,2749,923
29127960400,4868,3811,1057
29127960500,2580,1950,630
29127960600,3482,2701,781
29127960800,2813,2132,681
29127960900,3292,2552,740
29129470100,1274,1008,266
29129470200,2264,1719,545
29131962501,3364,2523,841
29131962502,2294,1677,617
29131962600,3386,2586,800
29131962701,2161,1737,424
29131962702,2961,2243,718
29131962801,2490,1946,544
29131962802,3813,2901,912
29131962901,2842,2160,682
29131962902,1411,1111,300
29133950100,3097,2769,328
29133950200,4007,3042,965
29133950300,1647,1260,387
29133950400,3826,2871,955
29135385100,4015,3109,906
29135385200,4486,3270,1216
29135385300,3442,2346,1096
29135385400,3530,2802,728
29137960100,3539,2711,828
29137960200,2550,2065,485
29137960300,2577,1938,639
29139970100,2300,1790,510
29139970200,3666,2818,848
29139970300,2952,2367,585
29139970400,2404,1873,531
29141470100,6272,4271,2001
29141470200,3809,2846,963
29141470300,2847,2190,657
29141470401,1032,902,130
29141470402,1741,1459,282
29141470501,1662,1505,157
29141470502,1245,1091,154
29141470503,2398,1956,442
29143960100,4459,3502,957
29143960200,1740,1327,413
29143960300,3169,2404,765
29143960400,2090,1594,496
29143960500,1944,1444,500
29143960600,3032,2269,763
29145020100,4132,2986,1146
29145020200,5206,3800,1406
29145020300,3382,2537,845
29145020401,3375,2596,779
29145020402,3637,2795,842
29145020501,4186,3326,860
29145020502,5446,4318,1128
29145020601,5608,4415,1193
29145020602,5089,4000,1089
29145020700,4452,3313,1139
29145020800,6608,5003,1605
29145020900,4228,3187,1041
29145021000,3299,2466,833
29147470100,2181,1607,574
29147470200,2723,2061,662
29147470301,1871,1592,279
29147470302,5095,4303,792
29147470400,4203,3361,842
29147470500,5168,4080,1088
29149480100,2896,2257,639
29149480200,3760,2894,866
29149480300,1979,1593,386
29151490100,3363,2566,797
29151490200,4198,3270,928
29151490300,3320,2558,762
29151490400,2393,1860,533
29153470101,2607,2148,459
29153470102,1528,1302,226
29153470200,4418,3497,921
29155470100,1671,1330,341
29155470200,3022,2171,851
29155470300,2909,2091,818
29155470400,2758,2009,749
29155470500,2680,2073,607
29155470600,2621,1954,667
29157470100,2458,1870,588
29157470200,4772,3721,1051
29157470300,4220,3222,998
29157470400,3785,2892,893
29157470500,3721,2871,850
29159480100,4008,2938,1070
29159480200,6418,4707,1711
29159480300,4432,3308,1124
29159480400,4345,3321,1024
29159480500,2961,2247,714
29159480600,2193,1540,653
29159480700,3705,3021,684
29159480800,3349,2487,862
29159480900,2958,2178,780
29159481000,4615,3480,1135
29159481100,3996,2977,1019
29161890100,4597,3509,1088
29161890200,4792,3595,1197
29161890301,3600,2823,777
29161890302,3612,2920,692
29161890401,3745,3388,357
29161890402,1666,1519,147
29161890500,3550,2733,817
29161890600,2742,2234,508
29161890700,2932,2216,716
29161890800,3256,2774,482
29161890900,4385,3374,1011
29161891000,5761,4408,1353
29163460100,3037,2276,761
29163460200,3291,2515,776
29163460300,5428,4325,1103
29163460400,3763,2782,981
29163460500,2068,1614,454
29165030002,3392,2556,836
29165030003,2554,1823,731
29165030004,5920,4560,1360
29165030101,3831,2874,957
29165030102,4775,3747,1028
29165030103,5850,4623,1227
29165030201,5492,4142,1350
29165030207,6102,4908,1194
29165030208,3165,2449,716
29165030210,2067,1468,599
29165030211,3011,2362,649
29165030212,4849,3696,1153
29165030213,2722,2231,491
29165030214,2477,1868,609
29165030215,1552,1167,385
29165030216,4194,3098,1096
29165030306,5074,3519,1555
29165030308,5728,4484,1244
29165030309,5276,3919,1357
29165030310,3755,2884,871
29165030401,7497,5397,2100
29165030501,2921,2171,750
29165030502,3182,2474,708
29165030601,1909,1504,405
29165030602,5886,4556,1330
29165030700,3525,2702,823
29167960101,2315,1785,530
29167960102,3964,2958,1006
29167960201,2439,1844,595
29167960202,4726,3519,1207
29167960301,2924,2148,776
29167960302,5632,4275,1357
29167960401,4173,3264,909
29167960402,5346,4115,1231
29169470101,4023,3128,895
29169470102,3176,2419,757
29169470286,5608,4459,1149
29169470288,4389,3133,1256
29169470289,3827,2764,1063
29169470389,7816,7216,600
29169470390,1978,1015,963
29169470401,5173,3873,1300
29169470402,7515,5387,2128
29169470501,3416,2641,775
29169470502,1931,1513,418
29169470601,3129,2760,369
29169470602,1974,1445,529
29171960100,2617,2055,562
29171960200,2064,1601,463
29173470100,3288,2501,787
29173470200,3893,3030,863
29173470300,3174,2559,615
29175490100,3741,2934,807
29175490200,3290,2527,763
29175490300,4604,3523,1081
29175490400,3240,2384,856
29175490500,4514,3517,997
29175490600,5327,4536,791
29177080001,2524,2013,511
29177080002,4895,3671,1224
29177080100,3180,2464,716
29177080201,3358,2520,838
29177080202,3283,2535,748
29177080300,5918,4625,1293
29179380100,2659,2077,582
29179380200,3437,2713,724
29181870100,3354,2568,786
29181870200,2003,1615,388
29181870300,3455,2668,787
29181870400,1867,1440,427
29183310100,2064,1654,410
29183310201,6187,4629,1558
29183310202,3602,2873,729
29183310301,4068,3385,683
29183310302,3980,3180,800
29183310400,2035,1670,365
29183310501,3872,3152,720
29183310502,2467,2120,347
29183310601,3757,3492,265
29183310602,5680,4658,1022
29183310700,5232,4309,923
29183310801,2487,2167,320
29183310802,5946,4856,1090
29183310901,2375,1930,445
29183310902,5318,4308,1010
29183310903,4051,3352,699
29183311001,4271,3485,786
29183311003,3149,2709,440
29183311004,5736,4379,1357
29183311103,6533,5306,1227
29183311114,5253,3851,1402
29183311122,7301,5533,1768
29183311124,6907,5204,1703
29183311132,3499,2721,778
29183311145,4388,3426,962
29183311146,4488,3629,859
29183311147,4031,3187,844
29183311148,4317,3446,871
29183311149,3835,2956,879
29183311150,4720,3536,1184
29183311151,6413,4668,1745
29183311152,4590,3523,1067
29183311153,6886,5263,1623
29183311154,5387,3952,1435
29183311203,6154,4816,1338
29183311211,5470,4462,1008
29183311212,4243,3331,912
29183311221,3613,2851,762
29183311294,3826,2988,838
29183311296,4110,3237,873
29183311311,5880,4590,1290
29183311312,7417,5592,1825
29183311322,6787,5187,1600
29183311331,4631,3613,1018
29183311391,4831,3706,1125
29183311422,6035,4869,1166
29183311500,2205,1661,544
29183311602,5980,4506,1474
29183311603,2780,2179,601
29183311604,3164,2393,771
29183311712,4889,3860,1029
29183311721,3765,2847,918
29183311732,7074,5345,1729
29183311733,2272,1767,505
29183311734,4233,3187,1046
29183311735,5970,4415,1555
29183311737,3461,2612,849
29183311738,4465,3258,1207
29183311739,4551,3363,1188
29183311740,2096,1652,444
29183311801,6250,4644,1606
29183311802,6220,4991,1229
29183311903,6030,4836,1194
29183311904,6462,4971,1491
29183311907,6223,4578,1645
29183311908,4475,3362,1113
29183311909,5174,4107,1067
29183312001,3228,2437,791
29183312002,4221,2823,1398
29183312003,6938,4787,2151
29183312094,5765,4003,1762
29183312095,6470,4600,1870
29183312096,9026,6268,2758
29183312192,6266,4522,1744
29183312193,8915,5992,2923
29183312194,3488,2700,788
29183312195,3318,2531,787
29183312204,5155,4163,992
29183312206,4721,3660,1061
29183312207,4286,3115,1171
29183312208,5118,3169,1949
29183312209,4489,2872,1617
29183312300,2730,2162,568
29183312400,5555,4519,1036
29185480100,3529,2732,797
29185480200,2712,2131,581
29185480300,3043,2447,596
29186960101,3714,2835,879
29186960102,2527,1971,556
29186960200,5539,4452,1087
29186960300,4083,3212,871
29186960400,2616,2043,573
29187950103,2875,2263,612
29187950104,2096,1579,517
29187950105,1763,1417,346
29187950106,2850,2284,566
29187950300,7835,6556,1279
29187950401,3190,2438,752
29187950402,3908,3023,885
29187950600,2822,2216,606
29187950701,2557,2043,514
29187950702,3118,2460,658
29187950703,3375,2505,870
29187950801,2536,1931,605
29187950802,4065,3102,963
29187950901,2398,2047,351
29187950902,7399,6404,995
29187951001,2455,1827,628
29187951002,4238,3064,1174
29187951101,2308,1746,562
29187951102,5134,4000,1134
29189210101,1400,996,404
29189210102,3961,2807,1154
29189210200,5585,3546,2039
29189210300,2985,2131,854
29189210400,4142,3377,765
29189210501,3164,2319,845
29189210502,3305,2355,950
29189210600,6645,5066,1579
29189210702,5984,4317,1667
29189210703,3550,2742,808
29189210704,3950,2769,1181
29189210803,4898,3977,921
29189210805,6080,4861,1219
29189210806,6151,4697,1454
29189210807,5760,4502,1258
29189210808,3620,2914,706
29189210912,7155,5798,1357
29189210921,4072,2993,1079
29189210923,5399,3932,1467
29189210924,4456,3338,1118
29189210925,5419,4137,1282
29189210926,2578,1952,626
29189210927,4681,3908,773
29189210928,4477,3527,950
29189211001,4302,3288,1014
29189211002,3368,2553,815
29189211101,7056,5320,1736
29189211102,5002,3934,1068
29189211201,5337,4113,1224
29189211202,3298,2655,643
29189211301,6432,4770,1662
29189211331,6067,4714,1353
29189211332,6293,4758,1535
29189211333,4918,3932,986
29189211334,4258,3170,1088
29189211401,5325,4272,1053
29189211402,2274,1840,434
29189211500,2989,2159,830
29189211600,5855,4290,1565
29189211700,3828,2941,887
29189211801,3553,2569,984
29189211802,3483,2515,968
29189211900,4495,3200,1295
29189212002,2866,2034,832
29189212003,3441,2507,934
29189212004,3506,2713,793
29189212101,3467,2606,861
29189212102,2675,1784,891
29189212201,3792,2992,800
29189212202,2079,1503,576
29189212300,4623,3743,880
29189212400,2173,1528,645
29189212500,4599,3408,1191
29189212600,4374,3312,1062
29189212701,3069,2281,788
29189212702,1881,1410,471
29189213102,377,316,61
29189213103,3278,2521,757
29189213104,1029,817,212
29189213202,7012,5488,1524
29189213203,5014,4012,1002
29189213204,3905,2985,920
29189213301,3429,2606,823
29189213302,3726,2752,974
29189213401,4644,3476,1168
29189213402,1878,1391,487
29189213500,5222,3972,1250
29189213600,3431,2583,848
29189213701,836,729,107
29189213702,3986,3339,647
29189213800,4720,3538,1182
29189213900,1437,968,469
29189214100,1080,803,277
29189214200,2882,2193,689
29189214300,3714,2869,845
29189214400,4789,3753,1036
29189214500,3173,2522,651
29189214601,3891,3023,868
29189214602,4052,3187,865
29189214700,6721,5242,1479
29189214800,5481,4356,1125
29189214901,3196,2457,739
29189214902,3241,2522,719
29189215001,2840,2273,567
29189215003,4412,3626,786
29189215004,3427,2903,524
29189215005,5941,4892,1049
29189215102,4979,4124,855
29189215103,2577,2120,457
29189215105,2434,1975,459
29189215141,4229,3578,651
29189215143,2901,2332,569
29189215144,5672,4644,1028
29189215145,4914,4003,911
29189215146,2632,2118,514
29189215201,6657,5581,1076
29189215231,4751,3614,1137
29189215233,5234,4194,1040
29189215234,2071,1781,290
29189215235,4612,3766,846
29189215236,3250,2694,556
29189215301,4689,3787,902
29189215302,3386,2600,786
29189215400,5507,3983,1524
29189215500,5260,3764,1496
29189215600,5042,3646,1396
29189215700,5681,4637,1044
29189215801,3943,3172,771
29189215802,1602,1478,124
29189215803,2430,2212,218
29189215901,3337,2745,592
29189215902,3161,2481,680
29189216000,1542,1188,354
29189216101,3337,2989,348
29189216102,2262,1889,373
29189216201,3827,3089,738
29189216202,3950,3220,730
29189216300,7068,6310,758
29189216401,2762,2193,569
29189216402,3071,2287,784
29189216500,5279,4533,746
29189216600,2492,1985,507
29189216700,3539,2906,633
29189216800,3189,2586,603
29189216900,2333,1970,363
29189217000,4002,3209,793
29189217200,1899,1592,307
29189217300,3064,2552,512
29189217400,4915,4034,881
29189217500,5587,4160,1427
29189217600,7577,5663,1914
29189217701,5425,4166,1259
29189217702,7813,6229,1584
29189217802,7426,5659,1767
29189217806,5595,4390,1205
29189217807,6462,4970,1492
29189217841,5280,4088,1192
29189217851,3168,2494,674
29189217852,6729,5277,1452
29189217853,5015,3935,1080
29189217854,2290,1865,425
29189217921,4833,3796,1037
29189217923,7103,5575,1528
29189217931,6366,4950,1416
29189217932,5144,3876,1268
29189217941,6016,4603,1413
29189217942,5402,4350,1052
29189217943,3505,2637,868
29189217944,5818,4384,1434
29189218012,4955,3794,1161
29189218013,5814,4572,1242
29189218014,1573,1170,403
29189218015,2914,2387,527
29189218016,3991,3051,940
29189218102,3122,2436,686
29189218104,1793,1406,387
29189218105,3616,3220,396
29189218201,3274,2602,672
29189218300,4313,3384,929
29189218401,4151,3072,1079
29189218402,5054,3701,1353
29189218500,5064,3722,1342
29189218600,2801,2269,532
29189218800,6176,4416,1760
29189218901,3425,2678,747
29189218902,2928,2302,626
29189219100,3950,2950,1000
29189219200,2679,2145,534
29189219300,2170,1574,596
29189219400,6335,4633,1702
29189219501,4764,3689,1075
29189219502,2553,2111,442
29189219601,4176,3680,496
29189219602,2579,2025,554
29189219700,5887,4797,1090
29189219801,3782,3034,748
29189219802,3757,2929,828
29189219900,6101,4882,1219
29189220001,5090,4140,950
29189220002,3199,2619,580
29189220101,3231,2627,604
29189220102,4503,3672,831
29189220200,5704,4360,1344
29189220300,1763,1395,368
29189220441,6024,4894,1130
29189220442,4473,3635,838
29189220443,4132,3423,709
29189220445,4940,3952,988
29189220446,4414,3486,928
29189220447,3292,2726,566
29189220448,5197,4327,870
29189220449,5189,4071,1118
29189220450,2832,2297,535
29189220451,4075,3186,889
29189220452,3881,2841,1040
29189220501,6421,5285,1136
29189220503,2670,2174,496
29189220504,3873,3180,693
29189220601,6746,5540,1206
29189220602,5760,4805,955
29189220701,3329,2475,854
29189220702,3867,3005,862
29189220703,2832,2169,663
29189220801,5657,4665,992
29189220802,5073,3963,1110
29189220803,4897,3760,1137
29189221000,3323,2410,913
29189221100,1847,1415,432
29189221201,3875,3139,736
29189221202,6219,4972,1247
29189221332,4642,3784,858
29189221335,5855,4913,942
29189221336,3781,2999,782
29189221337,3823,3017,806
29189221338,3051,2402,649
29189221339,3739,3052,687
29189221421,7476,5566,1910
29189221423,3989,3143,846
29189221424,4912,3756,1156
29189221425,5688,4216,1472
29189221426,2944,2226,718
29189221502,7476,5598,1878
29189221503,7682,5831,1851
29189221506,5003,3710,1293
29189221621,4512,3531,981
29189221624,3369,2677,692
29189221625,7131,5416,1715
29189221626,5953,4443,1510
29189221627,6677,4853,1824
29189221629,5600,4258,1342
29189221630,2227,2026,201
29189221631,5721,4657,1064
29189221800,3098,2274,824
29189221900,3871,3049,822
29189222000,3687,3223,464
29189222100,5298,4001,1297
29195090100,2409,1886,523
29195090200,2207,1688,519
29195090300,2960,2246,714
29195090400,2826,2073,753
29195090500,5124,4346,778
29195090600,2954,2090,864
29195090700,2520,1972,548
29195090800,2333,1819,514
29197470100,1882,1402,480
29197470200,2150,1588,562
29199480100,2833,1870,963
29199480200,1883,1441,442
29201780100,3160,2434,726
29201780200,4165,3115,1050
29201780300,2575,1975,600
29201780400,4986,3865,1121
29201780600,4206,3265,941
29201780700,2892,2080,812
29201781000,4019,3157,862
29201781100,3230,2447,783
29201781201,2546,1777,769
29201781202,3180,2404,776
29201781300,3100,2422,678
29203470100,2880,2276,604
29203470200,4151,3220,931
29205450100,1802,1332,470
29205450200,2542,1963,579
29205450300,1759,1316,443
29207470100,3634,2793,841
29207470200,4066,3132,934
29207470300,4090,3222,868
29207470400,2550,2022,528
29207470500,3501,2671,830
29207470600,5118,4009,1109
29207470700,2549,1927,622
29207470800,3164,2458,706
29209090101,3517,2703,814
29209090102,4107,3092,1015
29209090201,2170,1833,337
29209090202,2606,2234,372
29209090401,2773,2395,378
29209090402,2241,1952,289
29209090501,1645,1439,206
29209090502,3555,3128,427
29209090603,1431,1263,168
29209090604,1742,1564,178
29209090605,2491,2027,464
29209090606,2798,2156,642
29211480100,1879,1463,416
29211480200,1281,1054,227
29211480300,2839,2082,757
29213480106,2234,1744,490
29213480107,1733,1523,210
29213480108,3190,2572,618
29213480109,2399,1956,443
29213480203,3954,3005,949
29213480204,3360,2502,858
29213480205,1202,1037,165
29213480206,3160,2414,746
29213480207,3519,2668,851
29213480208,3078,2394,684
29213480301,5149,3959,1190
29213480302,4393,3409,984
29213480402,2326,1818,508
29213480403,3330,2754,576
29213480404,2332,1886,446
29213480501,2250,1946,304
29213480503,4313,3931,382
29213480504,4144,3183,961
29215480101,3225,2404,821
29215480102,4251,3560,691
29215480201,2696,2036,660
29215480202,2298,1782,516
29215480301,3064,2390,674
29215480302,3071,2398,673
29215480401,3816,2983,833
29215480402,2066,1587,479
29217950100,3277,2419,858
29217950200,1758,1310,448
29217950300,5887,4455,1432
29217950400,3339,2563,776
29217950500,2833,2190,643
29217950600,2613,1993,620
29219820104,4104,3176,928
29219820105,3483,2522,961
29219820106,4951,3826,1125
29219820107,3670,2785,885
29219820108,5450,4104,1346
29219820109,3828,2822,1006
29219820201,2342,1975,367
29219820203,3763,3051,712
29219820204,3941,2997,944
29221460101,2848,2168,680
29221460102,3570,2640,930
29221460200,4302,3354,948
29221460300,4361,3525,836
29221460400,4508,3527,981
29221460500,3925,3080,845
29223690100,2740,2273,467
29223690200,2663,2190,473
29223690300,3604,2847,757
29223690400,1967,1549,418
29225470101,5305,3914,1391
29225470102,5703,4406,1297
29225470201,5544,4049,1495
29225470202,4519,3430,1089
29225470301,5815,4215,1600
29225470302,5323,3384,1939
29225470401,3841,2702,1139
29225470402,3035,2400,635
29227960100,1973,1565,408
29229490100,3641,2747,894
29229490200,4103,3006,1097
29229490300,5209,3847,1362
29229490400,5235,3890,1345
29510101100,2569,2081,488
29510101200,3197,2652,545
29510101300,4150,3417,733
29510101400,2704,2130,574
29510101500,2849,2244,605
29510101800,2829,2149,680
29510102100,2737,2445,292
29510102200,5967,5159,808
29510102300,1814,1542,272
29510102400,2240,1867,373
29510102500,1842,1546,296
29510103100,3331,2841,490
29510103400,1778,1527,251
29510103600,1250,1046,204
29510103700,2507,2155,352
29510103800,3823,3229,594
29510104200,3406,3093,313
29510104500,2520,2330,190
29510105198,3960,3652,308
29510105200,2647,2351,296
29510105300,2211,1728,483
29510105400,2413,1642,771
29510105500,2546,1991,555
29510106100,1744,1346,398
29510106200,1260,781,479
29510106300,1480,1140,340
29510106400,1650,1254,396
29510106500,2687,2085,602
29510106600,1250,913,337
29510106700,2502,1959,543
29510107200,974,757,217
29510107300,3968,3059,909
29510107400,1783,1349,434
29510107500,2040,1587,453
29510107600,1905,1489,416
29510108100,2535,1960,575
29510108200,2260,1874,386
29510108300,1830,1404,426
29510109600,2496,1932,564
29510109700,1644,1265,379
29510110100,2264,1757,507
29510110200,1922,1457,465
29510110300,1904,1440,464
29510110400,1960,1522,438
29510110500,1002,816,186
29510111100,1874,1344,530
29510111200,1014,836,178
29510111300,1199,996,203
29510112100,4455,4054,401
29510112200,1434,1130,304
29510112300,1787,1261,526
29510112400,4492,4185,307
29510113500,2352,2047,305
29510114101,4201,3649,552
29510114102,4211,3461,750
29510114200,4557,3969,588
29510114300,5242,4417,825
29510115100,3940,3199,741
29510115200,2960,2374,586
29510115300,5047,3786,1261
29510115400,3054,2330,724
29510115500,5460,4058,1402
29510115600,5091,4002,1089
29510115700,3460,2498,962
29510116100,3057,2559,498
29510116200,4175,3563,612
29510116301,2902,2399,503
29510116302,3007,2249,758
29510116400,4536,3279,1257
29510116500,3813,3126,687
29510117100,1546,1413,133
29510117200,5460,4431,1029
29510117400,4188,3467,721
29510118100,1591,1298,293
29510118600,4561,4295,266
29510119101,2649,2502,147
29510119102,3418,3268,150
29510119200,1946,1693,253
29510119300,6100,5917,183
29510120200,1092,760,332
29510121200,1787,1205,582
29510123100,3235,2570,665
29510123200,2464,2064,400
29510123300,2928,2513,415
29510124100,4191,3011,1180
29510124200,3070,2345,725
29510124300,3059,2623,436
29510124600,1712,1240,472
29510125500,3810,3592,218
29510125600,5832,5423,409
29510125700,2852,1893,959
29510126600,2779,2051,728
29510126700,1074,757,317
29510126800,3371,2952,419
29510126900,3958,3117,841
29510127000,1221,945,276
29510127100,1683,1338,345
29510127200,4163,3639,524
29510127300,3729,3061,668
29510127400,4705,3270,1435
29510127500,2461,1906,555
29510127600,3444,3168,276
29510127700,1868,1430,438
29510127800,3961,3656,305
30001000100,1239,1053,186
30001000200,3940,3101,839
30001000300,4192,3370,822
30003000100,4664,3317,1347
30003940400,1780,1121,659
30003940500,1431,995,436
30003940600,3078,1937,1141
30003940700,2171,1377,794
30005000100,1493,1096,397
30005000200,2306,1763,543
30005940100,1656,1064,592
30005940200,1589,1042,547
30007000100,2083,1667,416
30007000200,4691,3642,1049
30009000100,2687,2076,611
30009000200,1763,1438,325
30009000300,2506,2119,387
30009000400,2209,1829,380
30009000500,1308,1044,264
30011000300,1415,1088,327
30013000100,2585,2024,561
30013000200,3558,2844,714
30013000300,3417,2680,737
30013000400,1717,1396,321
30013000700,2064,1539,525
30013000800,1735,1381,354
30013000900,3383,2553,830
30013001000,3371,2592,779
30013001100,4297,3240,1057
30013001201,1794,1000,794
30013001202,2364,1864,500
30013001600,4268,3321,947
30013001700,2051,1696,355
30013001800,3642,2839,803
30013001900,6669,5004,1665
30013002100,5866,4841,1025
30013002201,3207,2607,600
30013002202,3459,2786,673
30013002301,5262,4026,1236
30013002302,2420,1873,547
30013010100,3937,3050,887
30013010400,1801,1472,329
30013010600,3932,2966,966
30013010700,4836,3700,1136
30013010800,2779,2293,486
30015010200,2110,1676,434
30015010300,3785,2670,1115
30017961300,2059,1600,459
30017961500,1727,1358,369
30017961600,2344,1817,527
30017961800,1536,1185,351
30017961900,2029,1578,451
30017962000,2172,1709,463
30019020300,1661,1311,350
30021000100,1392,1094,298
30021000200,2753,2105,648
30021000300,4795,3775,1020
30023000300,3022,2451,571
30023000400,3405,2840,565
30023000500,2994,2560,434
30025000100,3049,2209,840
30027030100,5080,4021,1059
30027030201,3300,2618,682
30027030202,3066,2437,629
30029000101,954,789,165
30029000102,2519,2073,446
30029000201,5127,3986,1141
30029000202,3007,2349,658
30029000203,4762,3723,1039
30029000301,3096,2542,554
30029000302,1829,1523,306
30029000402,3226,2629,597
30029000403,2564,2069,495
30029000404,3483,2762,721
30029000601,5482,4161,1321
30029000602,4198,3230,968
30029000700,6239,4794,1445
30029000801,3155,2521,634
30029000802,6195,4547,1648
30029000901,2167,1699,468
30029000902,2148,1608,540
30029000903,3588,2895,693
30029001000,2040,1736,304
30029001101,2677,2073,604
30029001102,3337,2536,801
30029001201,3149,2291,858
30029001202,4702,3567,1135
30029001303,2044,1735,309
30029001304,1880,1581,299
30029001305,1533,1260,273
30029001306,4057,3103,954
30029001401,3051,2233,818
30029001402,3134,2519,615
30029001701,4622,3581,1041
30029001702,2180,1671,509
30029001703,2212,1719,493
30031000101,6362,4942,1420
30031000104,4057,3081,976
30031000105,4925,3690,1235
30031000201,6119,4270,1849
30031000202,5898,4461,1437
30031000300,3583,2725,858
30031000400,5866,4307,1559
30031000502,8247,6321,1926
30031000504,2690,2075,615
30031000505,6750,5450,1300
30031000506,6713,5189,1524
30031000507,4551,3776,775
30031000600,2860,2403,457
30031000701,3399,2986,413
30031000703,2126,1823,303
30031000704,4338,3589,749
30031000800,2328,2085,243
30031000900,4176,3744,432
30031001001,3608,2771,837
30031001002,5113,4330,783
30031001101,5535,5214,321
30031001102,5049,4380,669
30031001200,4972,3904,1068
30031001500,1956,1558,398
30031001600,3396,2838,558
30031001700,4343,3547,796
30033000100,1173,897,276
30035940200,5670,3664,2006
30035940400,4270,2941,1329
30035976000,3782,2803,979
30037000100,823,661,162
30039961701,1354,1097,257
30039961702,1955,1609,346
30041040100,1342,1024,318
30041040200,1858,1387,471
30041040300,3692,2803,889
30041040400,4461,3377,1084
30041040500,2485,1862,623
30041940300,2471,1544,927
30043962201,4307,3287,1020
30043962202,4315,3441,874
30043962300,3463,2838,625
30045000100,2023,1647,376
30047000100,1565,1333,232
30047000200,1750,1458,292
30047940304,1932,1627,305
30047940305,3730,2897,833
30047940306,3010,2359,651
30047940307,3449,2758,691
30047940400,3993,2861,1132
30047940500,5326,3840,1486
30047940600,4321,3256,1065
30047940700,2058,1523,535
30049000100,2165,1788,377
30049000200,5916,4395,1521
30049000300,3026,2516,510
30049000400,6349,4832,1517
30049000501,4415,3344,1071
30049000503,4784,3710,1074
30049000504,2862,2280,582
30049000600,2880,2235,645
30049000701,2151,1757,394
30049000702,5043,3943,1100
30049000800,4089,3602,487
30049000900,3814,3027,787
30049001000,3988,3226,762
30049001101,3071,2499,572
30049001102,3887,3097,790
30049001201,7030,5220,1810
30049001202,5503,4214,1289
30051050100,1959,1492,467
30053000100,3389,2746,643
30053000200,2484,2002,482
30053000300,3899,3224,675
30053000401,3842,3122,720
30053000402,2628,2078,550
30053000500,3435,2865,570
30055954000,1729,1353,376
30057000101,2006,1662,344
30057000102,1949,1700,249
30057000200,2489,2041,448
30057000300,2179,1828,351
30059000100,1927,1591,336
30061964500,2306,1887,419
30061964600,2229,1832,397
30063000100,6262,4992,1270
30063000203,4439,3828,611
30063000204,3970,3376,594
30063000205,6806,5456,1350
30063000206,6924,5291,1633
30063000300,2288,2152,136
30063000400,3131,2594,537
30063000501,3262,2682,580
30063000502,2896,2679,217
30063000700,2970,2599,371
30063000801,4148,3313,835
30063000802,2929,2492,437
30063000901,6103,4905,1198
30063000902,2444,1959,485
30063001001,3905,3150,755
30063001002,1748,1508,240
30063001100,3105,2623,482
30063001200,4778,3795,983
30063001302,6593,5085,1508
30063001303,5165,4091,1074
30063001304,7202,5374,1828
30063001401,3070,2424,646
30063001402,3786,2993,793
30063001501,2249,1698,551
30063001502,4791,3680,1111
30063001601,4754,3580,1174
30063001602,3336,2638,698
30063001801,1749,1466,283
30063001802,3119,2612,507
30065000100,2787,2267,520
30065000200,1943,1553,390
30067000100,1858,1506,352
30067000200,4844,3997,847
30067000300,3358,2781,577
30067000400,5668,4699,969
30067000500,1450,1279,171
30069000100,496,413,83
30071060200,4217,3235,982
30073977000,3434,2715,719
30073977200,2464,1744,720
30075000100,1694,1379,315
30077000100,1382,1164,218
30077000200,5564,4757,807
30079000100,1088,883,205
30081000100,4260,3387,873
30081000201,3926,3194,732
30081000203,2355,1901,454
30081000204,5541,4396,1145
30081000300,3077,2526,551
30081000401,2714,1970,744
30081000402,6233,4850,1383
30081000501,1378,1187,191
30081000502,4736,3962,774
30081000601,1821,1529,292
30081000602,4947,3993,954
30081000700,2026,1734,292
30081000800,1160,1028,132
30083070100,1772,1315,457
30083070200,1820,1389,431
30083070301,3427,2595,832
30083070302,1557,1115,442
30083070400,2915,2265,650
30085080100,1938,1420,518
30085940001,4517,3220,1297
30085940002,4339,2820,1519
30087000100,2183,1817,366
30087000200,1272,986,286
30087000300,2096,1511,585
30087940400,2778,1762,1016
30089000100,3951,3209,742
30089000201,1988,1635,353
30089000202,4486,3733,753
30089940300,1975,1637,338
30091090200,2407,1922,485
30091090400,1132,864,268
30093000101,1861,1498,363
30093000102,2977,2486,491
30093000200,4781,3993,788
30093000300,2337,1884,453
30093000400,3997,3149,848
30093000500,4734,3709,1025
30093000600,4727,3688,1039
30093000700,3647,2925,722
30093000800,6072,4789,1283
30095966400,3957,3050,907
30095966500,1925,1599,326
30095966600,3081,2446,635
30097967000,3678,2923,755
30099000100,1941,1462,479
30099000200,1934,1434,500
30099000300,2351,1872,479
30101000100,1135,881,254
30101000200,3135,2389,746
30101980000,701,701,0
30103963500,762,581,181
30105100100,1599,1286,313
30105100500,2790,2188,602
30105940600,3189,2347,842
30107000100,2069,1610,459
30109000100,937,730,207
30111000200,3511,2852,659
30111000300,3832,3056,776
30111000401,2762,2239,523
30111000402,3196,2761,435
30111000500,4333,3458,875
30111000600,3057,2611,446
30111000701,5459,4152,1307
30111000704,3871,2898,973
30111000705,3860,2789,1071
30111000706,5073,3874,1199
30111000707,5917,4391,1526
30111000708,2487,1790,697
30111000800,4418,3364,1054
30111000901,4756,3570,1186
30111000902,5415,4100,1315
30111001000,4551,3479,1072
30111001100,5437,4249,1188
30111001200,2946,2355,591
30111001300,6482,5056,1426
30111001402,6891,5000,1891
30111001403,7509,5279,2230
30111001404,8681,6886,1795
30111001501,4725,3571,1154
30111001502,4341,3363,978
30111001702,4352,3338,1014
30111001703,5371,4235,1136
30111001704,4719,3849,870
30111001801,7313,5397,1916
30111001803,2067,1600,467
30111001804,3159,2469,690
30111001805,3534,2874,660
30111001806,2654,2182,472
30111001901,4920,3705,1215
30111001902,4385,3309,1076
30111940001,5125,3795,1330
30111940002,3622,2671,951
31001965400,4534,3414,1120
31001965500,4338,3258,1080
31001965600,5499,4282,1217
31001965700,1284,1001,283
31001965800,2368,1733,635
31001965900,4441,3389,1052
31001966000,4642,3509,1133
31001966100,1854,1533,321
31001966200,2245,1723,522
31003979600,2023,1510,513
31003979700,1683,1309,374
31003979800,2589,2004,585
31005958300,434,316,118
31007954000,674,513,161
31009972400,431,343,88
31011960100,3448,2637,811
31011960200,1931,1454,477
31013951100,2217,1671,546
31013951200,4736,3595,1141
31013951300,3889,2918,971
31015975800,1810,1462,348
31017975000,2903,2308,595
31019968900,3762,2799,963
31019969000,4722,3371,1351
31019969100,4785,3437,1348
31019969202,3408,2685,723
31019969203,6707,5132,1575
31019969204,6052,4600,1452
31019969300,2348,1752,596
31019969400,3993,3092,901
31019969500,2222,1785,437
31019969600,5460,4593,867
31019969700,6625,4791,1834
31021963200,2222,1690,532
31021963300,2552,1998,554
31021963400,1948,1542,406
31023967600,3210,2488,722
31023967700,3166,2354,812
31023967800,1993,1535,458
31025965600,3770,2933,837
31025965700,5557,4269,1288
31025965800,3196,2470,726
31025965900,5002,3713,1289
31025966000,4518,3442,1076
31025966100,4555,3426,1129
31027977100,4458,3263,1195
31027977200,3922,3006,916
31029961900,3893,2949,944
31031955800,4113,3202,911
31031955900,1342,1031,311
31033954800,3008,2405,603
31033954900,3714,2800,914
31033955000,2746,2116,630
31035962100,3464,2614,850
31035962200,2640,2015,625
31037964600,2212,1700,512
31037964700,1529,1160,369
31037964800,6841,4515,2326
31039972700,2551,1953,598
31039972800,4349,3243,1106
31039972900,2113,1600,513
31041971700,2517,1951,566
31041971800,2767,2142,625
31041971900,3874,2915,959
31041972000,1387,1052,335
31043010101,4101,2673,1428
31043010102,2947,2034,913
31043010200,6870,4960,1910
31043010300,4508,3238,1270
31043010400,3156,2413,743
31045950600,2634,2108,526
31045950700,5565,4459,1106
31047968000,2514,1850,664
31047968100,1376,1077,299
31047968200,3703,2786,917
31047968300,4084,3031,1053
31047968400,5436,3632,1804
31047968500,5549,3791,1758
31047968600,1449,1160,289
31049955400,1838,1444,394
31051977600,2390,1828,562
31051977800,3216,2390,826
31053963600,4738,3657,1081
31053963700,2599,1932,667
31053963800,5298,4053,1245
31053963900,3844,2915,929
31053964000,3425,2625,800
31053964100,4939,3781,1158
31053964200,4154,3127,1027
31053964300,4960,3758,1202
31053964400,3210,2202,1008
31055000200,3627,2664,963
31055000300,2518,1710,808
31055000400,1849,1348,501
31055000500,3411,3095,316
31055000600,1461,979,482
31055000700,1214,836,378
31055000800,2175,1413,762
31055001100,2724,1831,893
31055001200,3917,2940,977
31055001600,3800,3531,269
31055001800,5209,4993,216
31055001900,1888,1615,273
31055002000,3647,2360,1287
31055002100,2387,1685,702
31055002200,1197,985,212
31055002300,2335,1839,496
31055002400,3928,2614,1314
31055002500,2684,1858,826
31055002600,2433,1555,878
31055002700,2667,1778,889
31055002800,3730,2449,1281
31055002900,5582,3387,2195
31055003000,7656,5214,2442
31055003100,4128,2771,1357
31055003200,2567,1786,781
31055003300,2356,1478,878
31055003401,3810,2806,1004
31055003402,2487,1882,605
31055003500,4490,3532,958
31055003600,4060,3373,687
31055003700,2361,1898,463
31055003800,3891,2865,1026
31055003900,2378,1693,685
31055004000,3299,2974,325
31055004200,1412,1161,251
31055004300,3086,2763,323
31055004400,1323,1082,241
31055004500,3175,2654,521
31055004600,2373,1866,507
31055004700,3047,2431,616
31055004800,4315,3390,925
31055004900,4665,3736,929
31055005000,3675,3088,587
31055005100,2406,1848,558
31055005200,1770,1092,678
31055005300,2445,1700,745
31055005400,3349,2247,1102
31055005500,5323,4081,1242
31055005600,3972,3158,814
31055005700,4422,3330,1092
31055005800,4817,3325,1492
31055005901,2375,1706,669
31055005902,2431,1610,821
31055006000,4076,2780,1296
31055006101,2632,1775,857
31055006102,4267,2845,1422
31055006202,4854,3411,1443
31055006301,2741,2050,691
31055006302,4752,3289,1463
31055006303,3206,2108,1098
31055006400,4869,3762,1107
31055006503,2707,2107,600
31055006504,3293,2617,676
31055006505,1932,1520,412
31055006506,4035,2984,1051
31055006603,2612,2046,566
31055006604,4033,3111,922
31055006605,3201,2870,331
31055006606,2901,2279,622
31055006701,3901,3083,818
31055006703,3046,2408,638
31055006704,1872,1518,354
31055006803,2031,1666,365
31055006804,1636,1183,453
31055006805,3270,2514,756
31055006806,2400,1941,459
31055006903,2532,1831,701
31055006904,4049,3059,990
31055006905,1867,1392,475
31055006906,3228,2650,578
31055007001,5425,4867,558
31055007002,3491,2771,720
31055007003,2477,1868,609
31055007101,3386,2592,794
31055007102,3680,2736,944
31055007303,3037,2433,604
31055007304,1396,1161,235
31055007309,4472,3225,1247
31055007310,2809,2053,756
31055007311,3391,2319,1072
31055007312,2378,1789,589
31055007314,4932,3145,1787
31055007315,5587,4439,1148
31055007316,4085,2891,1194
31055007317,5227,3742,1485
31055007318,9594,6463,3131
31055007319,5348,3765,1583
31055007320,3693,2680,1013
31055007406,5228,4099,1129
31055007407,3323,2620,703
31055007408,4398,3354,1044
31055007409,2383,1827,556
31055007424,3128,2469,659
31055007429,3331,2496,835
31055007431,4505,3521,984
31055007432,3267,2391,876
31055007433,4273,3283,990
31055007434,3291,2524,767
31055007435,3577,2646,931
31055007436,4548,3498,1050
31055007438,2034,1625,409
31055007439,4675,3694,981
31055007440,2409,1955,454
31055007441,2690,1903,787
31055007442,4877,3603,1274
31055007443,3420,2744,676
31055007444,4810,4156,654
31055007445,2491,1858,633
31055007446,4067,2944,1123
31055007447,2828,2118,710
31055007448,2889,2174,715
31055007449,3243,2571,672
31055007450,3470,2554,916
31055007451,5770,4439,1331
31055007452,5089,3645,1444
31055007453,3254,2410,844
31055007454,4746,3745,1001
31055007455,1975,1611,364
31055007456,2424,1842,582
31055007457,2829,2316,513
31055007458,3146,2426,720
31055007459,3397,2708,689
31055007460,4334,3040,1294
31055007461,6232,4443,1789
31055007462,4789,3540,1249
31055007463,4452,3206,1246
31055007464,3182,2583,599
31055007465,4506,3465,1041
31055007466,5826,4687,1139
31055007467,5032,3965,1067
31055007468,2392,1892,500
31055007469,4565,3496,1069
31055007470,6242,4798,1444
31055007471,3865,2790,1075
31055007472,4345,3339,1006
31055007473,410,75,335
31055007474,1547,1159,388
31055007504,3575,2779,796
31055007505,4842,3250,1592
31055007506,3407,2367,1040
31055007508,2735,2204,531
31055007509,7388,4919,2469
31055007514,4448,3098,1350
31055007515,5331,3548,1783
31055007516,4727,3082,1645
31055007517,7409,4965,2444
31055007518,4560,3567,993
31055007519,6043,4206,1837
31055007520,4742,3004,1738
31055007521,4078,2629,1449
31055007522,1798,1103,695
31055007523,2839,1849,990
31055007524,4502,3439,1063
31057962300,1654,1327,327
31059091600,2147,1701,446
31059091700,3404,2589,815
31061964600,1235,967,268
31061964700,1654,1304,350
31063961100,2519,1981,538
31065963900,4636,3594,1042
31067964600,2862,2126,736
31067964700,3461,2659,802
31067964800,3679,2859,820
31067964900,3771,2902,869
31067965000,3474,2690,784
31067965100,1943,1590,353
31067965200,2514,1969,545
31069952100,1874,1519,355
31071973200,1813,1431,382
31073967600,1893,1476,417
31075956300,611,474,137
31077970900,2188,1676,512
31079000100,2467,1868,599
31079000200,5033,3362,1671
31079000300,6371,4426,1945
31079000400,5286,3997,1289
31079000500,6398,4657,1741
31079000600,6454,4611,1843
31079000700,4697,3527,1170
31079000800,3164,2371,793
31079000900,5296,3814,1482
31079001000,4818,3581,1237
31079001100,4484,3218,1266
31079001200,3608,2841,767
31079001300,2904,2222,682
31079001400,1915,1405,510
31081969100,1944,1504,440
31081969200,2559,1943,616
31081969300,4926,3581,1345
31083964200,3073,2436,637
31085961500,856,661,195
31087962700,2616,2033,583
31089974000,1510,1174,336
31089974100,2435,1875,560
31089974200,1982,1480,502
31089974300,4200,3154,1046
31091956700,711,574,137
31093970500,1813,1356,457
31093970600,4662,3524,1138
31095963600,2951,2375,576
31095963700,2959,2276,683
31095963800,1330,996,334
31097967500,1944,1514,430
31097967600,3346,2812,534
31099966600,3453,2625,828
31099966700,3235,2379,856
31101000100,1619,1213,406
31101000200,3306,2522,784
31101000300,3410,2781,629
31103975400,769,612,157
31105954500,3434,2762,672
31107976200,2886,2305,581
31107976300,2311,1775,536
31107976400,3194,2252,942
31109000100,3410,2703,707
31109000201,4670,3766,904
31109000202,4250,3523,727
31109000300,3491,2787,704
31109000400,4991,3585,1406
31109000500,2292,2014,278
31109000600,6828,6794,34
31109000700,2498,2080,418
31109000800,3597,2581,1016
31109000900,3735,3243,492
31109001001,3313,2493,820
31109001002,1658,1418,240
31109001003,3590,2894,696
31109001101,4674,3578,1096
31109001102,3417,2672,745
31109001200,6546,4943,1603
31109001301,3665,2956,709
31109001302,3060,2366,694
31109001400,4833,3796,1037
31109001500,4458,3497,961
31109001600,5603,4346,1257
31109001700,5207,4088,1119
31109001800,2136,1711,425
31109001900,1841,1760,81
31109002001,2473,2165,308
31109002002,2405,1992,413
31109002100,2578,2057,521
31109002200,5550,4258,1292
31109002300,6053,4616,1437
31109002400,3541,2721,820
31109002500,5417,4223,1194
31109002701,3017,2517,500
31109002702,5714,4420,1294
31109002800,5226,4157,1069
31109002900,5603,4450,1153
31109003002,3264,2601,663
31109003003,5185,3755,1430
31109003004,2958,2398,560
31109003005,4809,3469,1340
31109003102,6051,4491,1560
31109003103,2730,1855,875
31109003104,6093,4354,1739
31109003202,3054,1988,1066
31109003301,4237,3507,730
31109003302,5056,3706,1350
31109003401,6499,4977,1522
31109003402,6698,4864,1834
31109003500,204,199,5
31109003601,1361,1357,4
31109003604,3702,2951,751
31109003605,3644,2749,895
31109003607,4585,3247,1338
31109003608,1389,1153,236
31109003609,2529,1956,573
31109003704,5233,3987,1246
31109003708,4248,3356,892
31109003709,4910,3677,1233
31109003713,2929,2273,656
31109003714,5111,3644,1467
31109003715,2368,1797,571
31109003716,5011,3655,1356
31109003718,3142,2515,627
31109003719,6135,4450,1685
31109003721,4245,3477,768
31109003722,1864,1604,260
31109003723,3545,2776,769
31109003724,4275,3376,899
31109003725,3392,2320,1072
31109003726,2819,1992,827
31109003727,2651,1913,738
31109003728,4397,3248,1149
31109003801,4797,3687,1110
31109003802,3210,2432,778
31109010100,7176,5050,2126
31109010202,4821,3607,1214
31109010203,1716,1275,441
31109010204,4567,3234,1333
31109010300,4581,3505,1076
31109010401,4830,3201,1629
31109010402,5239,3800,1439
31111959700,3483,2679,804
31111959800,3155,2386,769
31111959900,5150,3910,1240
31111960200,4119,3158,961
31111960300,4292,3181,1111
31111960400,5471,4209,1262
31111960500,5043,4084,959
31111960600,3963,2969,994
31113957500,716,540,176
31115972800,607,483,124
31117957900,399,323,76
31119960600,6155,4795,1360
31119960700,3132,2454,678
31119960801,4987,3732,1255
31119960802,3562,2682,880
31119960900,4473,3361,1112
31119961000,3013,2243,770
31119961100,1850,1355,495
31119961200,3637,2595,1042
31119961300,4776,3522,1254
31121966600,1779,1364,415
31121966700,2468,1897,571
31121966800,3421,2563,858
31123952500,4555,3542,1013
31125966100,3380,2592,788
31127968100,3412,2703,709
31127968200,3662,2739,923
31129960000,2130,1710,420
31129960100,1965,1592,373
31131966600,2068,1580,488
31131966700,3213,2430,783
31131966800,3097,2369,728
31131966900,4596,3464,1132
31131967000,2938,2217,721
31133967800,2544,1985,559
31135959300,2858,2128,730
31137967000,2677,2093,584
31137967100,3303,2508,795
31137967200,2988,2240,748
31139979100,3930,2926,1004
31139979200,3387,2548,839
31141965100,3651,2700,951
31141965298,3335,2511,824
31141965301,3100,2226,874
31141965302,5493,4216,1277
31141965400,5029,3568,1461
31141965500,5701,4193,1508
31141965600,4531,3295,1236
31141965700,3456,2585,871
31143960000,2069,1639,430
31143960100,3145,2403,742
31145963100,2478,1967,511
31145963200,5003,3862,1141
31145963300,3221,2463,758
31147964500,1703,1347,356
31147968500,1754,1417,337
31147968600,4414,3407,1007
31149974600,1262,1016,246
31151960601,4242,3065,1177
31151960602,3463,2384,1079
31151960700,2045,1560,485
31151960800,1416,1128,288
31151960900,3126,2347,779
31153010103,4709,3686,1023
31153010104,2175,1595,580
31153010105,3058,2363,695
31153010106,4394,3446,948
31153010107,3995,2939,1056
31153010108,4073,2953,1120
31153010203,5626,4187,1439
31153010204,3495,2638,857
31153010205,3436,2457,979
31153010206,4067,2962,1105
31153010207,2408,1905,503
31153010208,4374,3237,1137
31153010209,3426,2339,1087
31153010302,841,672,169
31153010305,1792,1175,617
31153010306,2737,1663,1074
31153010401,2991,2199,792
31153010402,3669,2743,926
31153010502,4479,3438,1041
31153010503,3519,2625,894
31153010504,3160,2378,782
31153010505,3846,2824,1022
31153010614,5131,3755,1376
31153010615,1944,1544,400
31153010616,4474,3433,1041
31153010617,5347,3955,1392
31153010619,4239,3121,1118
31153010620,6314,4658,1656
31153010621,5862,4599,1263
31153010622,3773,2709,1064
31153010623,5822,4066,1756
31153010624,6552,4124,2428
31153010625,5183,3837,1346
31153010626,5591,4019,1572
31153010627,3219,2193,1026
31153010629,3765,2799,966
31153010630,6442,4125,2317
31153010631,5160,3560,1600
31153010632,6663,4401,2262
31153010633,3258,2507,751
31153010634,2756,2097,659
31153010635,2856,1739,1117
31153010636,5347,3682,1665
31153010637,3956,2842,1114
31153010638,4400,3248,1152
31153010701,2559,1907,652
31153010702,3721,2852,869
31155968100,3329,2511,818
31155968200,5282,4015,1267
31155968300,5230,3783,1447
31155968400,4883,3661,1222
31155968500,3554,2648,906
31157952900,2731,2092,639
31157953000,3017,2328,689
31157953100,2232,1700,532
31157953200,1566,1234,332
31157953300,3407,2698,709
31157953400,3166,2517,649
31157953500,2959,2175,784
31157953600,2972,2199,773
31157953700,3812,2679,1133
31157953800,4890,3720,1170
31157953900,5332,4027,1305
31159960100,4470,3329,1141
31159960200,2540,1958,582
31159960300,5492,4288,1204
31159960400,5107,3841,1266
31161951600,2081,1565,516
31161951700,3046,2396,650
31163970100,2959,2326,633
31165950100,1135,905,230
31167962100,1445,1101,344
31167962200,4397,3234,1163
31169963100,2657,2025,632
31169963200,2377,1855,522
31171957100,669,524,145
31173940100,4181,2852,1329
31173940200,2592,1658,934
31175971300,1728,1319,409
31175971400,2331,1783,548
31177050101,3134,2421,713
31177050102,5322,3998,1324
31177050201,4557,3408,1149
31177050202,3419,2633,786
31177050300,4433,3347,1086
31179978600,3482,2628,854
31179978700,6215,5110,1105
31181965000,1701,1295,406
31181965100,1694,1336,358
31183973600,774,608,166
31185969600,2695,2083,612
31185969700,4286,3324,962
31185969800,4617,3593,1024
31185969900,2527,1884,643
32001950100,2464,1993,471
32001950301,4150,3186,964
32001950302,5526,4217,1309
32001950400,291,174,117
32001950500,1527,1165,362
32001950600,5736,4432,1304
32001950700,5822,4614,1208
32003000101,6669,4916,1753
32003000103,5917,4252,1665
32003000105,3962,2943,1019
32003000106,4527,3629,898
32003000107,4009,3147,862
32003000108,3748,2573,1175
32003000109,3591,2684,907
32003000201,4787,3526,1261
32003000203,3987,3150,837
32003000204,954,833,121
32003000301,2996,2175,821
32003000302,5188,3420,1768
32003000401,2463,2128,335
32003000402,3265,2269,996
32003000403,2316,1883,433
32003000510,5274,3663,1611
32003000513,3666,2723,943
32003000514,5850,4174,1676
32003000515,5075,3506,1569
32003000516,5795,3890,1905
32003000517,5257,3684,1573
32003000518,5668,4077,1591
32003000519,5155,3544,1611
32003000520,1978,1414,564
32003000521,3958,3013,945
32003000522,3206,2077,1129
32003000523,2848,1911,937
32003000524,2477,1770,707
32003000525,2862,2113,749
32003000526,2861,1959,902
32003000527,3551,2487,1064
32003000528,3117,2043,1074
32003000600,2644,2256,388
32003000700,2870,2743,127
32003001003,4211,3309,902
32003001004,6820,5594,1226
32003001005,1528,1245,283
32003001006,3932,3297,635
32003001100,2954,2481,473
32003001200,4055,3305,750
32003001300,4624,3637,987
32003001401,3424,2702,722
32003001402,4092,3060,1032
32003001501,3395,2763,632
32003001502,4150,3495,655
32003001607,6549,4905,1644
32003001608,1990,1578,412
32003001609,4263,3105,1158
32003001610,2952,2167,785
32003001611,4791,3643,1148
32003001613,4209,3062,1147
32003001614,2338,1619,719
32003001615,4763,3616,1147
32003001706,3356,2971,385
32003001707,1792,1532,260
32003001708,3433,2809,624
32003001709,1715,1427,288
32003001710,4794,3786,1008
32003001711,3440,2929,511
32003001712,4256,3547,709
32003001713,3314,2627,687
32003001714,3502,2756,746
32003001715,2685,2039,646
32003001716,1689,1287,402
32003001717,1542,1303,239
32003001718,3180,2221,959
32003001801,6761,5209,1552
32003001803,2889,2333,556
32003001804,3760,2872,888
32003001901,5249,3974,1275
32003001902,4231,3196,1035
32003002000,4884,4340,544
32003002201,4766,3903,863
32003002203,4585,3287,1298
32003002204,4288,2840,1448
32003002206,3344,2506,838
32003002207,3866,2619,1247
32003002302,757,709,48
32003002303,1025,957,68
32003002403,4613,3892,721
32003002404,5826,4088,1738
32003002405,4233,3289,944
32003002406,3923,3229,694
32003002501,6110,4801,1309
32003002504,3820,3182,638
32003002505,2126,1625,501
32003002506,3544,2893,651
32003002603,3597,3393,204
32003002604,2520,2117,403
32003002605,1380,1128,252
32003002706,3868,3115,753
32003002707,3995,3129,866
32003002708,2754,1967,787
32003002808,2155,1801,354
32003002810,3546,2910,636
32003002811,4138,3411,727
32003002814,5217,4318,899
32003002821,4944,4019,925
32003002822,4038,3095,943
32003002823,3858,3161,697
32003002824,1700,1415,285
32003002825,3324,2662,662
32003002826,3027,2429,598
32003002827,2922,2354,568
32003002828,3583,3039,544
32003002829,3590,2907,683
32003002830,5193,4437,756
32003002831,4246,3639,607
32003002833,5186,4194,992
32003002834,5233,4147,1086
32003002835,2787,2245,542
32003002836,2816,2219,597
32003002837,5923,4918,1005
32003002838,5492,4534,958
32003002841,5511,4365,1146
32003002842,6749,4899,1850
32003002844,5925,4585,1340
32003002845,6424,4903,1521
32003002846,5725,4499,1226
32003002847,4041,3293,748
32003002848,3739,3102,637
32003002849,3156,2755,401
32003002850,3850,3160,690
32003002851,6359,4781,1578
32003002852,1392,1075,317
32003002853,2883,2145,738
32003002901,5673,4219,1454
32003002902,4719,3602,1117
32003002905,5378,4350,1028
32003002915,5176,4308,868
32003002916,2839,2405,434
32003002919,4528,3738,790
32003002935,1638,1374,264
32003002936,3274,2734,540
32003002937,5084,4095,989
32003002938,1687,1422,265
32003002939,1848,1555,293
32003002940,3784,3003,781
32003002941,5154,4017,1137
32003002942,4548,3793,755
32003002944,4700,3935,765
32003002946,2013,1702,311
32003002947,2528,2146,382
32003002948,3435,2612,823
32003002949,2703,2193,510
32003002950,4894,3898,996
32003002952,2431,2119,312
32003002953,4254,3483,771
32003002954,4399,3446,953
32003002956,2958,2570,388
32003002957,1933,1761,172
32003002958,5885,4866,1019
32003002961,2000,1697,303
32003002962,2544,2193,351
32003002964,4187,3280,907
32003002965,3507,2828,679
32003002966,4971,3951,1020
32003002967,3962,3227,735
32003002968,2638,2085,553
32003002969,1743,1426,317
32003002970,3714,3083,631
32003002974,7295,5940,1355
32003002975,6821,5443,1378
32003002976,6630,5287,1343
32003002977,4154,3291,863
32003002978,6907,5465,1442
32003002979,4599,3755,844
32003002980,6724,5081,1643
32003002981,4306,3298,1008
32003002982,7804,5954,1850
32003002983,3348,2565,783
32003002985,5151,3976,1175
32003002995,2564,2103,461
32003002996,4420,3484,936
32003002997,3811,3193,618
32003002998,4391,3586,805
32003003001,3895,2934,961
32003003003,5676,4587,1089
32003003004,2372,1872,500
32003003005,3779,2929,850
32003003006,3491,2657,834
32003003102,5414,4004,1410
32003003103,3418,2610,808
32003003104,4329,3300,1029
32003003204,5756,4888,868
32003003208,3037,2460,577
32003003210,2424,2397,27
32003003211,3012,2999,13
32003003213,1928,1910,18
32003003214,1748,1723,25
32003003215,4237,3402,835
32003003218,5370,4221,1149
32003003219,6251,5186,1065
32003003220,6808,5440,1368
32003003222,4926,3832,1094
32003003223,3269,2670,599
32003003226,2606,2135,471
32003003227,4006,3230,776
32003003228,7043,5260,1783
32003003229,7241,5086,2155
32003003233,6702,5007,1695
32003003234,4915,3472,1443
32003003235,2184,1702,482
32003003236,2382,1975,407
32003003237,4619,3602,1017
32003003239,3738,2960,778
32003003240,3894,2954,940
32003003241,3967,3196,771
32003003242,1964,1550,414
32003003243,4797,3671,1126
32003003244,3532,2728,804
32003003245,4743,3700,1043
32003003246,3947,3194,753
32003003247,3611,3103,508
32003003248,3178,2551,627
32003003249,3302,2499,803
32003003250,5182,3915,1267
32003003251,2517,1961,556
32003003252,4334,3491,843
32003003253,3628,2954,674
32003003254,3825,3130,695
32003003260,3585,3063,522
32003003261,2769,2273,496
32003003262,2691,2668,23
32003003263,4605,3299,1306
32003003264,6685,4543,2142
32003003265,7474,5388,2086
32003003266,4919,3796,1123
32003003267,4157,3281,876
32003003268,3655,2844,811
32003003269,2946,2257,689
32003003270,3559,2666,893
32003003303,5351,4057,1294
32003003305,5743,4640,1103
32003003306,4074,3627,447
32003003307,5935,4495,1440
32003003308,2917,2277,640
32003003309,4540,3610,930
32003003311,3551,2703,848
32003003312,4406,3077,1329
32003003313,3343,2329,1014
32003003314,8198,6157,2041
32003003315,4062,2917,1145
32003003316,5569,3993,1576
32003003317,2961,2054,907
32003003318,6347,4640,1707
32003003319,5833,4322,1511
32003003320,5689,4429,1260
32003003321,2677,2092,585
32003003322,4260,3240,1020
32003003323,1798,1382,416
32003003408,5246,4148,1098
32003003409,5198,4075,1123
32003003410,4937,4061,876
32003003411,3874,3132,742
32003003412,4794,3829,965
32003003413,5275,3981,1294
32003003414,2765,2238,527
32003003415,7702,5806,1896
32003003416,2926,2335,591
32003003418,4082,3066,1016
32003003419,6810,5016,1794
32003003420,4330,3116,1214
32003003421,3512,2679,833
32003003422,5670,4274,1396
32003003423,6786,4954,1832
32003003426,3235,2495,740
32003003427,4073,3055,1018
32003003428,2061,1599,462
32003003429,5445,4001,1444
32003003430,3499,2542,957
32003003431,3210,2171,1039
32003003500,3016,2085,931
32003003609,4968,4015,953
32003003610,6630,5055,1575
32003003613,7551,5544,2007
32003003615,3048,2280,768
32003003616,5484,3936,1548
32003003617,2102,1428,674
32003003619,3829,2800,1029
32003003620,5717,4232,1485
32003003621,3241,3201,40
32003003626,4267,3077,1190
32003003627,5443,4003,1440
32003003630,6618,5047,1571
32003003631,4300,3226,1074
32003003632,3047,2360,687
32003003633,4006,3011,995
32003003634,4399,3302,1097
32003003635,6115,4571,1544
32003003636,2697,2131,566
32003003637,4902,3606,1296
32003003638,4070,2838,1232
32003003639,4450,3232,1218
32003003640,6351,4603,1748
32003003641,6738,4947,1791
32003003642,4194,3035,1159
32003003643,5406,4005,1401
32003003644,5416,3994,1422
32003003645,4205,3271,934
32003003646,4695,3604,1091
32003003647,7022,5225,1797
32003003648,4297,3055,1242
32003003649,1867,1257,610
32003003650,4260,3031,1229
32003003651,5341,3800,1541
32003003652,4773,3339,1434
32003003653,2499,1808,691
32003003654,3389,2344,1045
32003003655,4978,3794,1184
32003003656,3529,2575,954
32003003657,2595,1813,782
32003003658,1289,948,341
32003003659,1741,1351,390
32003003660,4632,3395,1237
32003003661,3925,2718,1207
32003003662,4708,3325,1383
32003003663,1613,1161,452
32003003664,3549,2622,927
32003003665,4684,3364,1320
32003003666,4564,3371,1193
32003003700,4126,2914,1212
32003003800,4943,3391,1552
32003004000,3304,2313,991
32003004100,5609,4133,1476
32003004200,5207,3541,1666
32003004301,1904,1198,706
32003004302,7031,5573,1458
32003004401,2850,1870,980
32003004402,3772,2329,1443
32003004500,4875,3233,1642
32003004601,5018,3471,1547
32003004602,2996,2139,857
32003004703,6209,4088,2121
32003004707,3110,2099,1011
32003004709,5853,3730,2123
32003004710,7849,5345,2504
32003004712,5891,4046,1845
32003004713,4714,3216,1498
32003004714,5865,3985,1880
32003004715,6285,4377,1908
32003004716,3351,2285,1066
32003004717,3251,2250,1001
32003004907,3573,2741,832
32003004910,2937,2207,730
32003004911,4353,3221,1132
32003004912,6227,4366,1861
32003004914,2773,1968,805
32003004915,3493,2513,980
32003004916,2669,1877,792
32003004917,3417,2491,926
32003004918,4250,3250,1000
32003004919,4425,3319,1106
32003004920,5401,3786,1615
32003004921,6309,4473,1836
32003004923,4135,2971,1164
32003004924,4174,3134,1040
32003004925,6245,4587,1658
32003004926,4167,2988,1179
32003005005,4160,3460,700
32003005006,4814,3664,1150
32003005007,2506,2107,399
32003005010,6173,4707,1466
32003005011,3618,2768,850
32003005012,2998,2395,603
32003005013,4499,3221,1278
32003005014,5438,4210,1228
32003005015,4895,4076,819
32003005016,5767,4506,1261
32003005017,7956,5967,1989
32003005102,4853,3888,965
32003005103,5165,4127,1038
32003005104,3254,2729,525
32003005106,2989,2353,636
32003005107,4250,3385,865
32003005108,4111,3370,741
32003005110,2324,1853,471
32003005111,6549,5065,1484
32003005112,3048,2317,731
32003005113,3337,2560,777
32003005114,5149,3995,1154
32003005115,2914,2368,546
32003005116,5691,4413,1278
32003005200,4016,3308,708
32003005311,2669,2113,556
32003005312,2639,2148,491
32003005313,6280,4983,1297
32003005314,2601,2134,467
32003005316,4057,3381,676
32003005317,5425,4562,863
32003005318,3032,2458,574
32003005319,2714,2204,510
32003005320,2804,2313,491
32003005321,3583,2824,759
32003005322,1580,1237,343
32003005333,3150,2472,678
32003005335,4600,3779,821
32003005336,4050,3243,807
32003005337,3142,2344,798
32003005338,1911,1889,22
32003005341,2323,1853,470
32003005342,3060,2447,613
32003005343,6083,4398,1685
32003005346,5661,4287,1374
32003005347,7250,5822,1428
32003005348,5631,4377,1254
32003005349,4697,3688,1009
32003005350,3806,2969,837
32003005351,5589,4334,1255
32003005352,4071,3017,1054
32003005353,5340,4206,1134
32003005354,6369,4870,1499
32003005355,5770,4782,988
32003005356,2858,2224,634
32003005358,3576,2338,1238
32003005360,4925,3813,1112
32003005361,4446,3497,949
32003005362,3909,2596,1313
32003005363,2317,1808,509
32003005364,6571,5437,1134
32003005365,3720,2848,872
32003005366,3961,3219,742
32003005421,3642,2786,856
32003005422,4344,3253,1091
32003005423,4581,3385,1196
32003005432,5574,4472,1102
32003005433,5623,4375,1248
32003005434,5165,3969,1196
32003005435,3952,3184,768
32003005437,5060,4559,501
32003005438,3008,2225,783
32003005439,4013,3020,993
32003005440,6744,5158,1586
32003005441,7148,5589,1559
32003005442,4561,3735,826
32003005501,4441,4013,428
32003005502,4245,3525,720
32003005503,2874,2341,533
32003005504,3325,2632,693
32003005607,4007,3121,886
32003005612,1410,1058,352
32003005613,4100,2830,1270
32003005614,2542,1948,594
32003005615,1752,1549,203
32003005702,3398,2920,478
32003005703,1615,1427,188
32003005704,1922,1652,270
32003005705,3607,3202,405
32003005711,4549,3348,1201
32003005713,6765,5641,1124
32003005715,4422,3705,717
32003005716,3626,3582,44
32003005717,7006,5397,1609
32003005718,2170,1755,415
32003005719,5364,3777,1587
32003005720,3779,2941,838
32003005721,2878,2863,15
32003005722,3105,3075,30
32003005803,4606,3726,880
32003005804,4690,3953,737
32003005805,3369,2820,549
32003005806,4250,3540,710
32003005807,4402,3643,759
32003005808,3452,2889,563
32003005809,4308,3531,777
32003005813,4474,3631,843
32003005818,6118,5873,245
32003005822,5506,3902,1604
32003005824,3693,2847,846
32003005825,5475,4429,1046
32003005826,3996,3271,725
32003005828,9551,6968,2583
32003005829,6867,5202,1665
32003005830,4588,3600,988
32003005831,6166,4593,1573
32003005834,3291,2572,719
32003005835,4213,3187,1026
32003005836,3787,2928,859
32003005837,4747,3707,1040
32003005839,8128,6186,1942
32003005841,6075,4810,1265
32003005842,3418,2681,737
32003005843,3261,2680,581
32003005844,6310,5025,1285
32003005845,4170,3412,758
32003005846,6284,5333,951
32003005847,4267,3554,713
32003005848,4010,3171,839
32003005849,4027,3271,756
32003005850,4929,3801,1128
32003005852,5785,4611,1174
32003005855,7620,5978,1642
32003005856,5248,3933,1315
32003005857,6553,4673,1880
32003005858,11099,8213,2886
32003005859,4068,3152,916
32003005860,10707,8693,2014
32003005861,1621,1196,425
32003005862,5982,4615,1367
32003005863,2746,2139,607
32003005864,6774,5617,1157
32003005865,6060,4536,1524
32003005866,6863,5080,1783
32003005867,5811,4170,1641
32003005868,5248,3903,1345
32003005869,3721,2820,901
32003005870,3270,2420,850
32003005871,2297,1762,535
32003005872,7482,5421,2061
32003005873,4984,3450,1534
32003005874,5063,4156,907
32003005875,3328,2664,664
32003005876,1828,1465,363
32003005877,7499,5520,1979
32003005902,1359,981,378
32003005903,3631,3259,372
32003005904,4149,4050,99
32003005905,2541,2316,225
32003006001,9453,6470,2983
32003006103,3242,2509,733
32003006104,5142,3789,1353
32003006201,4577,3147,1430
32003006202,4269,3071,1198
32003006203,3084,2225,859
32003006204,4985,3566,1419
32003006700,1698,1641,57
32003006800,4778,3687,1091
32003006900,1670,1458,212
32003007100,3191,2171,1020
32003007200,4924,3559,1365
32003007500,1194,946,248
32003007600,4067,2868,1199
32003007801,1626,1209,417
32003007802,632,625,7
32003007900,3487,3202,285
32005001000,2906,2330,576
32005001100,5238,4073,1165
32005001200,3138,2627,511
32005001300,1762,1607,155
32005001400,3439,2828,611
32005001500,6211,4983,1228
32005001600,1799,1649,150
32005001700,1493,1276,217
32005001800,2301,2029,272
32005001900,1843,1625,218
32005002000,3515,2757,758
32005002100,2051,1693,358
32005002200,6572,5592,980
32005002300,3642,3202,440
32005002400,1717,1315,402
32005002500,1861,1639,222
32007950200,2023,1553,470
32007950701,6886,4794,2092
32007950702,5944,4401,1543
32007950800,1530,1226,304
32007950900,2111,1609,502
32007951000,1625,1305,320
32007951201,5517,3821,1696
32007951202,4470,3098,1372
32007951300,2847,2048,799
32007951401,4377,3101,1276
32007951403,3510,2374,1136
32007951404,3551,2517,1034
32007951500,4892,3249,1643
32007951600,2095,1619,476
32007951700,2324,1693,631
32009950100,729,596,133
32011000100,1855,1449,406
32013010501,2361,1832,529
32013010502,3665,2714,951
32013010600,2133,1630,503
32013010701,4916,3567,1349
32013010702,4210,3013,1197
32015000301,2460,1851,609
32015000302,3274,2429,845
32017950100,2440,1918,522
32017950200,2059,1496,563
32019960103,1722,1313,409
32019960104,3967,2923,1044
32019960105,3998,3041,957
32019960106,5062,3711,1351
32019960107,3588,2624,964
32019960108,4709,3543,1166
32019960203,2459,2001,458
32019960204,2001,1635,366
32019960205,2191,1763,428
32019960206,1496,1246,250
32019960301,1875,1508,367
32019960303,5001,4129,872
32019960304,6139,4885,1254
32019960305,4965,3756,1209
32019960801,2505,2036,469
32019960802,2140,1777,363
32019960901,2558,1929,629
32019960902,2859,2298,561
32021970700,3237,2600,637
32021970800,1317,1031,286
32023960100,2338,1760,578
32023960200,2334,1853,481
32023960300,2078,1592,486
32023960405,4552,3844,708
32023960407,3529,2861,668
32023960408,5493,4668,825
32023960409,6013,5087,926
32023960410,5656,4736,920
32023960411,3396,2873,523
32023960412,4109,3675,434
32023960413,3273,2740,533
32023960414,2749,2414,335
32023960415,2041,1727,314
32023960416,4030,3274,756
32027960100,6650,5415,1235
32029970200,4104,3485,619
32031000103,1161,1083,78
32031000104,2551,2411,140
32031000105,2903,2599,304
32031000106,696,635,61
32031000201,3329,2558,771
32031000202,2687,2419,268
32031000301,1622,1441,181
32031000302,2138,1918,220
32031000401,2960,2439,521
32031000402,2324,1985,339
32031000701,2593,2193,400
32031000702,3429,2911,518
32031000900,5087,3618,1469
32031001005,3206,2701,505
32031001010,4392,3622,770
32031001011,4148,3338,810
32031001012,3375,2852,523
32031001013,6604,5385,1219
32031001014,3433,2922,511
32031001015,4677,3903,774
32031001016,2343,1926,417
32031001017,1057,932,125
32031001018,2703,1907,796
32031001019,2049,1630,419
32031001101,2956,2434,522
32031001103,5500,4355,1145
32031001104,4505,3645,860
32031001105,3928,3164,764
32031001201,3009,2569,440
32031001203,3199,2628,571
32031001204,1763,1503,260
32031001300,3658,3053,605
32031001400,3006,2740,266
32031001501,5194,4356,838
32031001503,5157,4329,828
32031001504,3636,3544,92
32031001701,3320,2449,871
32031001703,3730,2824,906
32031001704,2984,2293,691
32031001801,3549,2569,980
32031001802,3280,2443,837
32031001901,4749,3545,1204
32031001903,3873,3019,854
32031001904,2399,2031,368
32031002103,2774,2279,495
32031002104,3477,3011,466
32031002105,4029,3246,783
32031002106,3462,2746,716
32031002107,1828,1422,406
32031002204,5314,4063,1251
32031002207,5280,4060,1220
32031002208,3296,2889,407
32031002210,4500,3390,1110
32031002211,3862,2830,1032
32031002212,4293,2931,1362
32031002213,6004,4423,1581
32031002214,2693,1986,707
32031002215,2682,2113,569
32031002216,2655,2215,440
32031002217,3567,3081,486
32031002218,3857,2835,1022
32031002219,4523,3295,1228
32031002302,2850,2339,511
32031002303,3104,2739,365
32031002304,4432,3505,927
32031002401,4095,3382,713
32031002406,5132,4048,1084
32031002407,4064,3207,857
32031002408,3071,2393,678
32031002409,4618,3518,1100
32031002411,4348,3349,999
32031002412,2534,1951,583
32031002413,3100,2453,647
32031002414,1633,1382,251
32031002500,5090,4304,786
32031002603,1555,1246,309
32031002610,5753,4118,1635
32031002611,6130,4295,1835
32031002612,4057,3212,845
32031002613,6546,4789,1757
32031002614,4357,3240,1117
32031002615,4606,3411,1195
32031002616,5247,3795,1452
32031002618,6302,5188,1114
32031002620,3993,3215,778
32031002621,2037,1503,534
32031002622,3900,3039,861
32031002623,3498,2745,753
32031002703,2723,2022,701
32031002704,4835,3504,1331
32031002705,5238,3837,1401
32031002706,5120,3783,1337
32031002707,5192,3752,1440
32031002801,4912,3737,1175
32031002802,5509,4097,1412
32031002901,3696,2821,875
32031002902,4267,3247,1020
32031003001,3859,2975,884
32031003002,3278,2602,676
32031003105,2278,1820,458
32031003106,7595,5801,1794
32031003108,3297,2557,740
32031003109,3374,2808,566
32031003110,5186,4170,1016
32031003111,2357,1972,385
32031003112,3064,2519,545
32031003203,5172,4086,1086
32031003205,4077,3215,862
32031003206,1562,1297,265
32031003207,3586,3002,584
32031003305,1160,933,227
32031003306,1826,1463,363
32031003307,1268,1095,173
32031003308,2423,2141,282
32031003310,1447,1237,210
32031003311,1693,1473,220
32031003501,4228,3411,817
32031003503,4348,3480,868
32031003507,4225,3336,889
32031003508,4279,3370,909
32031003510,3692,2835,857
32031003511,5588,4284,1304
32031003512,4746,3669,1077
32031003513,4280,3349,931
32031003514,3052,2500,552
32031003516,3702,2772,930
32031003517,5839,4319,1520
32031003518,3735,2894,841
32031003519,5011,3747,1264
32031003520,2559,1844,715
32031003521,2511,1922,589
32031003522,3588,2686,902
32031940200,1926,1366,560
32031980000,167,84,83
32033970100,1438,1146,292
32033970200,5507,4381,1126
32033970300,2135,1650,485
32510000100,3260,2758,502
32510000200,4062,3333,729
32510000300,3825,3338,487
32510000400,3964,3201,763
32510000501,6158,4681,1477
32510000502,3581,2950,631
32510000601,3973,3450,523
32510000602,2755,2080,675
32510000701,4080,3208,872
32510000702,3439,2694,745
32510000800,5538,4826,712
32510000900,5648,4507,1141
32510001001,4480,3255,1225
32510001002,3876,3119,757
33001965100,3417,2860,557
33001965200,2982,2516,466
33001965300,3680,3170,510
33001965400,3026,2507,519
33001965598,3962,3232,730
33001965600,3945,3165,780
33001965700,4915,3919,996
33001965801,3239,2631,608
33001965802,4075,3227,848
33001965900,4092,3236,856
33001966000,5052,4061,991
33001966100,4493,3838,655
33001966200,3234,2784,450
33001966401,1460,1299,161
33001966403,3957,3209,748
33001966404,2282,1857,425
33001966501,3082,2554,528
33001966502,2812,2388,424
33003955101,2062,1834,228
33003955102,2366,2081,285
33003955301,2779,2379,400
33003955302,2970,2530,440
33003955401,2311,1866,445
33003955402,2103,1736,367
33003955500,2970,2521,449
33003955601,2749,2314,435
33003955602,2288,1952,336
33003955801,1691,1389,302
33003955802,1689,1503,186
33003955901,2191,1848,343
33003955902,2181,1800,381
33003956000,5956,4932,1024
33003956101,3472,2980,492
33003956102,2944,2487,457
33003956301,2239,1929,310
33003956302,2679,2350,329
33003956400,2467,2135,332
33005970100,4185,3441,744
33005970200,3633,3004,629
33005970401,2516,2120,396
33005970402,2881,2367,514
33005970500,5320,4260,1060
33005970600,6476,5242,1234
33005970700,3548,2889,659
33005970800,4226,3372,854
33005970901,4355,3573,782
33005970902,2915,2376,539
33005971000,5900,4906,994
33005971100,5120,4228,892
33005971300,3606,2808,798
33005971402,3962,3204,758
33005971403,4459,4052,407
33005971500,5258,4340,918
33005971600,3948,3177,771
33005971700,4150,3346,804
33007950100,1907,1696,211
33007950200,2743,2323,420
33007950300,2040,1728,312
33007950400,3267,2692,575
33007950500,3218,2595,623
33007950600,4135,3464,671
33007950700,3089,2584,505
33007950800,2201,1779,422
33007950900,3053,2563,490
33007951000,2192,1879,313
33007951100,3423,2864,559
33009960101,2912,2381,531
33009960102,3093,2611,482
33009960200,4214,3543,671
33009960300,4885,3970,915
33009960401,2708,2239,469
33009960402,2141,1834,307
33009960500,2633,2235,398
33009960600,4585,3750,835
33009960700,2851,2375,476
33009960801,3343,2742,601
33009960802,1591,1342,249
33009960900,3285,2698,587
33009961001,3338,3022,316
33009961002,3344,2797,547
33009961101,1938,1643,295
33009961102,2004,1713,291
33009961201,2939,2401,538
33009961202,1465,1307,158
33009961300,3438,2833,605
33009961400,3794,3181,613
33009961500,4465,3793,672
33009961601,2792,2138,654
33009961603,5896,5429,467
33009961604,3182,2692,490
33009961701,4672,4061,611
33009961702,3596,3002,594
33009961801,2102,1714,388
33009961802,3912,3256,656
33011000103,5418,4758,660
33011000104,3019,2491,528
33011000202,2451,1929,522
33011000203,3057,2798,259
33011000204,5684,4978,706
33011000300,3081,2409,672
33011000600,2344,1954,390
33011000700,3119,2539,580
33011000800,2442,2031,411
33011000901,3563,2899,664
33011000902,5636,4575,1061
33011001000,6318,5157,1161
33011001100,5418,4512,906
33011001200,2013,1706,307
33011001300,3277,2557,720
33011001400,2528,1976,552
33011001500,3235,2176,1059
33011001600,4185,3117,1068
33011001700,2234,1846,388
33011001800,6117,4802,1315
33011001900,3402,2709,693
33011002000,2300,1756,544
33011002100,5293,4087,1206
33011002200,3297,2754,543
33011002300,3747,3093,654
33011002400,7564,5914,1650
33011002500,5510,4577,933
33011002600,5862,4730,1132
33011002701,3968,3066,902
33011002702,6298,4952,1346
33011002801,1436,1176,260
33011002802,6875,5925,950
33011002901,8202,6353,1849
33011002902,6771,5212,1559
33011002903,8349,6030,2319
33011010100,5310,4383,927
33011010201,4410,3716,694
33011010202,2516,2037,479
33011010301,4788,3932,856
33011010302,4322,3544,778
33011010400,5042,4082,960
33011010500,4717,3661,1056
33011010600,6716,5142,1574
33011010700,1671,1456,215
33011010801,2429,1803,626
33011010802,5820,4437,1383
33011010900,6275,4903,1372
33011011000,4874,4073,801
33011011101,3771,3142,629
33011011102,3466,2937,529
33011011200,7432,6079,1353
33011011300,4399,3575,824
33011011401,5682,4628,1054
33011011402,5165,4058,1107
33011011500,2517,2196,321
33011012101,5157,4233,924
33011012102,3285,2541,744
33011012201,1899,1547,352
33011012202,5635,4605,1030
33011012301,5392,4274,1118
33011012302,4026,3275,751
33011013101,3807,3000,807
33011013102,4671,3693,978
33011014101,3825,3173,652
33011014102,2530,2162,368
33011014201,5957,4645,1312
33011014202,6391,5003,1388
33011014301,2052,1624,428
33011014302,5877,4554,1323
33011015100,5451,4179,1272
33011015200,6302,4951,1351
33011016100,3013,2408,605
33011016202,5471,4178,1293
33011016203,3723,3128,595
33011016204,3924,3172,752
33011017101,3643,2900,743
33011017102,4699,3584,1115
33011018001,2419,1722,697
33011018002,3220,2369,851
33011018501,1974,1613,361
33011018502,1448,1175,273
33011019000,3896,3134,762
33011019501,1702,1425,277
33011019502,2584,1990,594
33011020000,6108,4610,1498
33011021001,5152,4081,1071
33011021002,3940,3022,918
33011021500,5015,4111,904
33011022000,1716,1362,354
33011022501,2623,1907,716
33011022502,4322,3437,885
33011023001,3716,3067,649
33011023002,2702,2113,589
33011024000,1731,1448,283
33011025000,2651,2121,530
33011025501,3060,2413,647
33011025502,3141,2524,617
33011200101,3167,2529,638
33011200201,2670,2087,583
33011200300,4852,3833,1019
33011200400,3530,3165,365
33011200500,3533,2849,684
33013003001,4350,3508,842
33013003006,3907,3210,697
33013003100,4707,3805,902
33013003201,5064,3989,1075
33013003202,2143,1720,423
33013030000,3005,2350,655
33013031001,4249,3201,1048
33013031002,3980,3033,947
33013032100,3766,3113,653
33013032200,2728,2253,475
33013032300,1763,1502,261
33013032400,3237,2767,470
33013032500,3802,3091,711
33013032600,4917,4422,495
33013032701,1548,1206,342
33013032706,3889,3065,824
33013032800,5182,4120,1062
33013032900,4345,3508,837
33013033000,2665,2144,521
33013034000,4834,3938,896
33013035000,4075,3243,832
33013036000,5576,4537,1039
33013037000,2389,2031,358
33013038000,3998,3294,704
33013038500,4850,4003,847
33013039000,5914,4561,1353
33013040000,6185,5338,847
33013040501,1662,1341,321
33013040502,4150,3410,740
33013041001,1813,1551,262
33013041002,2587,2283,304
33013041500,3674,3014,660
33013042500,3828,3074,754
33013043001,4242,3397,845
33013043002,4499,3672,827
33013044000,4872,3855,1017
33013044100,3694,3152,542
33013044200,6614,5351,1263
33013044300,5105,4203,902
33015003301,4590,3617,973
33015003302,4856,3885,971
33015003400,5735,4641,1094
33015003500,5974,4778,1196
33015003601,7152,5700,1452
33015003602,6010,4637,1373
33015003701,4099,3242,857
33015003703,5892,4523,1369
33015003801,4047,3113,934
33015003802,4236,3283,953
33015003901,4205,3374,831
33015003902,3341,2601,740
33015004000,5946,4583,1363
33015050000,4013,3314,699
33015051000,5232,4115,1117
33015052000,6548,5111,1437
33015053000,4408,3564,844
33015054000,4739,3844,895
33015055001,6263,5067,1196
33015055002,4421,3683,738
33015056000,4855,3810,1045
33015057000,4641,3767,874
33015058000,5229,4116,1113
33015059000,7125,5726,1399
33015060000,4490,3519,971
33015061001,6903,5510,1393
33015062000,2441,1925,516
33015062500,2989,2416,573
33015063001,3466,2862,604
33015063003,4017,3394,623
33015063004,918,867,51
33015064000,2403,1908,495
33015065005,2621,2262,359
33015065006,1762,1567,195
33015065007,1613,1463,150
33015065008,1887,1713,174
33015065009,3775,3158,617
33015065010,4556,3781,775
33015066000,4538,3806,732
33015067000,7669,5948,1721
33015067502,3601,3098,503
33015067503,2877,2398,479
33015067504,2952,2345,607
33015067505,1769,1361,408
33015069100,4240,3681,559
33015069200,2931,2615,316
33015069300,2202,1889,313
33015069700,3475,3036,439
33015071001,3226,2783,443
33015071002,2317,1933,384
33015100100,6944,5582,1362
33015100200,5509,4509,1000
33015100301,4927,4169,758
33015100302,4519,3689,830
33015100401,4659,4038,621
33015100402,3531,2824,707
33015101101,4882,3970,912
33015101102,2948,2371,577
33015102100,4820,3875,945
33015103100,7087,5935,1152
33015104101,4932,3974,958
33015104102,4066,3256,810
33015105100,6202,5125,1077
33015106101,8159,6047,2112
33015106102,7658,5640,2018
33015106200,4464,3683,781
33015106400,4682,3908,774
33015107100,2590,2015,575
33015107200,6262,5186,1076
33015107400,1256,1043,213
33015107500,4878,3912,966
33017080100,2911,2293,618
33017080202,2766,2358,408
33017080203,5600,5418,182
33017080204,4213,4039,174
33017080500,6438,4955,1483
33017081101,4813,3974,839
33017081102,2100,1741,359
33017081200,5188,4364,824
33017081300,4963,4178,785
33017081400,2309,1946,363
33017081500,5701,4748,953
33017081600,7667,5852,1815
33017082000,2597,2115,482
33017083001,6750,5421,1329
33017083002,5105,4138,967
33017084100,5754,4813,941
33017084201,4471,3616,855
33017084202,3684,3019,665
33017084301,2866,2381,485
33017084302,3946,3223,723
33017084400,4360,3410,950
33017084500,4380,3460,920
33017084600,3031,2578,453
33017085001,3895,2982,913
33017085002,5431,4274,1157
33017086000,4230,3327,903
33017087001,3840,3093,747
33017087002,2882,2376,506
33017088000,4482,3679,803
33017088500,4516,3684,832
33019975100,4075,3381,694
33019975200,5464,4469,995
33019975300,3342,2782,560
33019975401,3030,2425,605
33019975402,3269,2679,590
33019975500,3106,2552,554
33019975600,3022,2567,455
33019975700,4806,3895,911
33019975800,4705,3721,984
33019975901,4438,3556,882
33019975902,3806,2999,807
34001000100,2334,1726,608
34001000200,2897,2398,499
34001000300,4027,2973,1054
34001000400,3243,2879,364
34001000500,3012,2163,849
34001001100,2021,1446,575
34001001200,2834,2096,738
34001001300,1901,1427,474
34001001400,3887,2594,1293
34001001500,1912,1401,511
34001001900,1324,1116,208
34001002300,2758,1908,850
34001002400,2420,1981,439
34001002500,3927,3347,580
34001010101,2977,2560,417
34001010102,1341,1229,112
34001010104,1198,1100,98
34001010105,2200,1925,275
34001010200,6606,5418,1188
34001010300,2531,2010,521
34001010401,5779,4807,972
34001010403,7313,5643,1670
34001010501,7540,6347,1193
34001010503,7549,5827,1722
34001010505,2986,2409,577
34001010506,5253,4233,1020
34001010600,4396,3369,1027
34001010700,5816,4655,1161
34001010800,3091,2514,577
34001010900,5868,4496,1372
34001011000,2645,2083,562
34001011100,3107,2379,728
34001011201,1811,1464,347
34001011202,7033,5730,1303
34001011300,4501,3511,990
34001011401,4729,3863,866
34001011403,6325,4879,1446
34001011404,9976,7929,2047
34001011500,6454,4916,1538
34001011600,4753,3995,758
34001011702,3660,2863,797
34001011703,5392,4024,1368
34001011704,4737,3792,945
34001011803,5691,4443,1248
34001011804,7289,5731,1558
34001011805,2268,1802,466
34001011806,7947,5996,1951
34001011807,5787,4528,1259
34001011808,4135,3116,1019
34001011901,3393,2400,993
34001011902,4807,3785,1022
34001012000,4444,3446,998
34001012100,3044,2324,720
34001012200,5729,4251,1478
34001012302,3322,2570,752
34001012401,2989,2398,591
34001012402,2123,1648,475
34001012501,2290,1815,475
34001012502,1675,1286,389
34001012602,1474,1143,331
34001012701,3326,2763,563
34001012702,1719,1363,356
34001012801,3706,3076,630
34001012802,1718,1540,178
34001013000,3152,2734,418
34001013101,993,892,101
34001013102,1172,1084,88
34001013201,2224,1889,335
34001013202,2287,1914,373
34001013301,2185,1931,254
34001013302,2514,2157,357
34001013500,2573,2085,488
34001983400,2494,2458,36
34003001001,3363,2579,784
34003001002,3485,2640,845
34003002100,1762,1403,359
34003002200,5168,4111,1057
34003002300,5641,4430,1211
34003003100,5337,4294,1043
34003003200,4829,3930,899
34003003300,7045,5679,1366
34003003401,2983,2069,914
34003003402,3897,2607,1290
34003003500,4170,3333,837
34003004001,3528,2801,727
34003004002,5250,4183,1067
34003005000,6372,5202,1170
34003006101,4153,3500,653
34003006102,3278,2644,634
34003006201,4769,3968,801
34003006202,4710,4120,590
34003006301,4597,3489,1108
34003006302,4186,3385,801
34003007001,3920,3003,917
34003007002,4674,3448,1226
34003008001,4770,3480,1290
34003008002,4385,3288,1097
34003009100,4981,3692,1289
34003009200,3343,2553,790
34003010100,6335,4988,1347
34003010200,4131,3350,781
34003010300,7457,5957,1500
34003011100,4832,3846,986
34003011200,5023,3993,1030
34003011300,4979,4031,948
34003011400,6588,5329,1259
34003012001,6326,5232,1094
34003012002,3696,3002,694
34003013002,6554,5264,1290
34003013003,4231,3504,727
34003013004,3551,2849,702
34003014000,7290,5755,1535
34003015100,2506,1836,670
34003015200,6255,5039,1216
34003015300,6257,4878,1379
34003015401,4819,3884,935
34003015402,3282,2760,522
34003015500,6189,4816,1373
34003016000,5342,4229,1113
34003017101,5375,4138,1237
34003017102,2190,1693,497
34003017200,6701,5326,1375
34003017301,3280,2567,713
34003017302,3059,2330,729
34003017400,5861,4435,1426
34003017501,4575,3489,1086
34003017502,3886,3034,852
34003018101,5023,3798,1225
34003018102,2959,2295,664
34003018200,7043,5593,1450
34003019102,3022,2511,511
34003019103,4121,3389,732
34003019104,4099,3304,795
34003019202,3959,3252,707
34003019203,3269,2835,434
34003019204,3847,3187,660
34003019303,5764,4625,1139
34003019304,2783,2156,627
34003019305,6995,6140,855
34003019306,2332,1923,409
34003020100,4329,3385,944
34003020200,6750,5178,1572
34003021101,4437,3458,979
34003021102,2664,2091,573
34003021200,5935,4595,1340
34003021300,4841,3781,1060
34003021400,4883,3837,1046
34003021500,5253,3997,1256
34003021600,4642,3478,1164
34003022100,4220,3014,1206
34003022200,7913,5677,2236
34003023100,4026,3166,860
34003023201,3927,3301,626
34003023202,3257,2758,499
34003023301,2932,2446,486
34003023303,2817,2485,332
34003023304,2207,1913,294
34003023401,3635,2987,648
34003023402,6099,4971,1128
34003023501,3739,2945,794
34003023502,4649,3943,706
34003023601,3405,2744,661
34003023602,5337,4323,1014
34003024100,5888,4550,1338
34003024200,4741,3588,1153
34003025100,6227,4939,1288
34003025200,5898,4733,1165
34003026100,4562,3506,1056
34003026200,5581,4313,1268
34003027000,4258,3099,1159
34003028001,5350,4160,1190
34003028002,3954,3117,837
34003029100,4233,3545,688
34003029200,6754,5507,1247
34003030100,5640,4586,1054
34003030201,4679,3619,1060
34003030202,3447,2827,620
34003030300,4658,3714,944
34003030401,3495,2827,668
34003030402,4287,3431,856
34003031100,6652,5442,1210
34003031200,4731,3905,826
34003031300,5415,4386,1029
34003031400,5721,4655,1066
34003032102,5886,4885,1001
34003032103,4724,4073,651
34003032104,4269,3778,491
34003032201,5537,4604,933
34003032202,5071,4023,1048
34003033100,3851,3095,756
34003033200,2628,2121,507
34003033300,3601,2864,737
34003034001,2807,2298,509
34003034002,4207,3287,920
34003035100,8436,6492,1944
34003035200,6128,4695,1433
34003036100,2675,2109,566
34003036200,3133,2486,647
34003037100,5501,4381,1120
34003037201,4180,3283,897
34003037203,3928,3134,794
34003037204,3314,2778,536
34003038100,5837,4852,985
34003038200,4475,3657,818
34003038300,6145,4938,1207
34003039100,4110,3235,875
34003039200,5742,4371,1371
34003039300,2896,2345,551
34003040001,3575,2729,846
34003040002,4669,3566,1103
34003041100,5668,4705,963
34003041200,4597,3886,711
34003041301,5380,4417,963
34003041302,4647,3930,717
34003042101,3155,2533,622
34003042102,4698,3747,951
34003042301,4410,3597,813
34003042302,5108,4257,851
34003042400,4561,3584,977
34003042500,4766,3873,893
34003043001,4158,3293,865
34003043002,4725,3818,907
34003044100,6030,4508,1522
34003044201,3741,2780,961
34003044202,5027,4134,893
34003045101,4516,3601,915
34003045102,3996,3251,745
34003045200,2989,2478,511
34003046100,4215,3441,774
34003046200,4390,3405,985
34003046300,4619,3755,864
34003047100,6135,4434,1701
34003047200,4481,3015,1466
34003047300,3287,2238,1049
34003047400,5158,3846,1312
34003047500,6918,4925,1993
34003048100,4355,3327,1028
34003048200,7694,5737,1957
34003049001,4624,3560,1064
34003049002,5285,4157,1128
34003050000,5814,4811,1003
34003051100,6416,5225,1191
34003051200,2665,2081,584
34003051300,4764,3850,914
34003051400,4989,3888,1101
34003052100,7873,6308,1565
34003052200,6421,5278,1143
34003053100,3372,2801,571
34003053201,4770,3623,1147
34003053202,3583,2629,954
34003054101,4247,3383,864
34003054102,4033,2969,1064
34003054200,4931,3888,1043
34003054300,7216,5084,2132
34003054400,7217,5681,1536
34003054500,4879,3656,1223
34003054601,3419,2826,593
34003054602,5304,4281,1023
34003055100,7275,5122,2153
34003055201,4078,2889,1189
34003055202,4056,2852,1204
34003056100,4754,3558,1196
34003056200,5304,4122,1182
34003057101,4108,3430,678
34003057102,4271,3501,770
34003057200,3489,2781,708
34003058100,3777,3042,735
34003058200,5508,4310,1198
34003059100,5222,4202,1020
34003059200,6060,4780,1280
34003060001,3889,3203,686
34003060002,6335,4987,1348
34003061100,4456,3394,1062
34003061200,3406,2538,868
34003061300,3642,2845,797
34003061400,5081,3790,1291
34005700102,2569,2138,431
34005700103,2985,2547,438
34005700104,1884,1452,432
34005700200,2764,2168,596
34005700303,4067,3206,861
34005700304,2541,1919,622
34005700305,5017,3970,1047
34005700306,2593,2019,574
34005700307,2846,2176,670
34005700401,2046,1635,411
34005700402,3352,2704,648
34005700403,4373,3584,789
34005700405,1683,1381,302
34005700407,6136,4768,1368
34005700408,2390,2056,334
34005700501,5432,4227,1205
34005700502,2224,1673,551
34005700503,3835,2799,1036
34005700504,3192,2470,722
34005700505,6672,5057,1615
34005700602,6516,4971,1545
34005700603,6361,5007,1354
34005700605,5005,3752,1253
34005700701,3089,2467,622
34005700702,2458,1873,585
34005700703,2456,1839,617
34005700800,4824,3884,940
34005700900,2499,1896,603
34005701001,5013,4030,983
34005701002,3917,3095,822
34005701102,5715,4516,1199
34005701103,6434,4959,1475
34005701104,5428,4180,1248
34005701105,6406,5151,1255
34005701201,2948,2332,616
34005701203,2142,1735,407
34005701204,2471,1847,624
34005701205,2182,1749,433
34005701301,4704,3757,947
34005701302,2611,2075,536
34005701303,5497,4407,1090
34005701401,6522,5199,1323
34005701402,2375,2151,224
34005701502,3999,3260,739
34005701700,3993,3312,681
34005702101,3380,2039,1341
34005702203,3242,2660,582
34005702204,2094,1608,486
34005702206,1745,1396,349
34005702207,3370,2726,644
34005702208,6819,5329,1490
34005702209,2989,2296,693
34005702210,4559,3492,1067
34005702300,1371,1109,262
34005702400,3245,2609,636
34005702500,6191,4914,1277
34005702601,4145,3293,852
34005702603,2599,1958,641
34005702701,2917,2210,707
34005702702,6204,4868,1336
34005702801,2120,1713,407
34005702802,3248,2572,676
34005702803,3778,3086,692
34005702804,2594,2092,502
34005702805,3651,2884,767
34005702806,3803,2885,918
34005702807,3195,2518,677
34005702808,3295,2521,774
34005702809,2266,1841,425
34005702810,1371,1119,252
34005702811,2568,2131,437
34005702905,4810,3889,921
34005702906,2223,1775,448
34005702907,2979,2377,602
34005702908,4398,3741,657
34005702909,6282,4953,1329
34005702910,6103,4831,1272
34005702913,4755,4006,749
34005702914,4383,3413,970
34005702915,4282,3300,982
34005702917,2606,2131,475
34005702918,1812,1478,334
34005703000,6035,4808,1227
34005703102,2600,2064,536
34005703103,4979,3869,1110
34005703104,5224,4148,1076
34005703201,3550,2824,726
34005703202,2642,2094,548
34005703203,4125,3953,172
34005703600,6776,5382,1394
34005703700,6460,4985,1475
34005703801,7215,5543,1672
34005703802,4926,4111,815
34005703803,5062,3877,1185
34005703804,7294,5475,1819
34005703900,4264,3235,1029
34005704004,3811,3171,640
34005704005,3874,3130,744
34005704006,2342,1886,456
34005704007,3579,2957,622
34005704008,5100,4152,948
34005704009,4661,3732,929
34005704011,3340,2489,851
34005704012,5865,4629,1236
34005704013,5263,4034,1229
34005704015,4068,3251,817
34005704016,4923,3751,1172
34005704201,5303,4265,1038
34005704202,3015,2204,811
34005704302,6298,4416,1882
34005704500,5303,4255,1048
34005704600,3237,2481,756
34005704700,3592,2975,617
34005704801,3455,2509,946
34005981802,3124,3107,17
34005982111,1142,945,197
34005982200,3855,3542,313
34007600200,1876,1360,516
34007600400,2910,2095,815
34007600700,1540,1091,449
34007600800,4805,3493,1312
34007600900,4059,2687,1372
34007601000,5365,3825,1540
34007601101,3027,2027,1000
34007601102,5111,3653,1458
34007601200,5691,4093,1598
34007601300,5330,3733,1597
34007601400,4274,2994,1280
34007601500,5447,3870,1577
34007601600,2134,1448,686
34007601700,2875,1854,1021
34007601800,1102,810,292
34007601900,2804,1826,978
34007602000,6247,4323,1924
34007602503,2621,2030,591
34007602601,2936,2337,599
34007602602,3021,2283,738
34007602901,4993,4142,851
34007602902,3224,2424,800
34007603001,3736,2940,796
34007603002,5021,3767,1254
34007603100,3820,2989,831
34007603201,5006,3909,1097
34007603202,2693,2304,389
34007603301,5993,4702,1291
34007603302,6338,4978,1360
34007603303,2897,2418,479
34007603400,7573,6074,1499
34007603501,6669,5217,1452
34007603503,4840,3616,1224
34007603504,2688,2086,602
34007603505,3381,2660,721
34007603506,6560,4951,1609
34007603507,7239,5754,1485
34007603601,3951,3261,690
34007603602,2621,1968,653
34007603603,2465,1871,594
34007603700,3639,2821,818
34007603800,5504,4310,1194
34007603901,5044,4011,1033
34007603902,3178,2655,523
34007604100,2902,2094,808
34007604200,3183,2581,602
34007604300,3887,3229,658
34007604400,3255,2556,699
34007604600,2091,1733,358
34007604700,1839,1470,369
34007605100,2393,1894,499
34007605200,2732,2108,624
34007605300,1815,1426,389
34007605400,2666,2181,485
34007605602,2781,2163,618
34007605700,3538,2854,684
34007605800,2906,2302,604
34007605900,2608,1978,630
34007606000,1981,1610,371
34007606100,2480,1743,737
34007606200,4279,3044,1235
34007606300,2359,1741,618
34007606400,3441,2402,1039
34007606500,2955,2365,590
34007606600,2280,1852,428
34007606700,4795,3867,928
34007606800,3960,3121,839
34007607000,4745,3844,901
34007607100,3742,2945,797
34007607200,4582,3710,872
34007607300,4352,3475,877
34007607401,2989,2467,522
34007607402,2577,2057,520
34007607502,5781,4842,939
34007607503,7150,5686,1464
34007607504,4086,3027,1059
34007607505,4640,3644,996
34007607506,3185,2462,723
34007607507,6227,5293,934
34007607600,2189,1700,489
34007607701,6969,5068,1901
34007607702,6382,4835,1547
34007607801,5787,4601,1186
34007607802,2503,1952,551
34007607900,1978,1589,389
34007608001,3403,2664,739
34007608202,4059,3129,930
34007608205,3929,3136,793
34007608206,3534,2880,654
34007608209,4270,3350,920
34007608210,3640,2824,816
34007608211,6367,5041,1326
34007608302,4746,3840,906
34007608303,3079,2444,635
34007608304,6107,5056,1051
34007608401,3994,3140,854
34007608402,4021,3218,803
34007608403,7473,5593,1880
34007608404,6402,5031,1371
34007608503,2882,2217,665
34007608504,3300,2588,712
34007608600,5338,4179,1159
34007608700,7489,5904,1585
34007608800,5867,4776,1091
34007608901,5794,4633,1161
34007608903,3212,2604,608
34007608904,1415,1166,249
34007609000,1536,1270,266
34007609103,5663,4643,1020
34007609201,4520,3485,1035
34007609202,4847,3625,1222
34007609204,3966,2886,1080
34007609205,6440,5030,1410
34007609206,5008,3840,1168
34007609207,4714,3612,1102
34007610300,2662,2451,211
34007610400,4532,3416,1116
34007610500,6775,5081,1694
34007610600,1459,1274,185
34007610800,3288,2637,651
34007610900,3379,2836,543
34007611000,6359,4590,1769
34007611100,3002,2471,531
34007611200,4505,3584,921
34007611300,4413,3525,888
34007611400,4582,3566,1016
34007611500,4749,4086,663
34007611600,4592,3678,914
34007611700,2935,2334,601
34009020101,3556,2962,594
34009020102,2124,1801,323
34009020201,1397,1199,198
34009020203,2351,2114,237
34009020205,856,784,72
34009020206,945,813,132
34009020301,4537,3593,944
34009020302,4950,3914,1036
34009020400,3052,2304,748
34009020500,2128,1632,496
34009020600,2028,1603,425
34009020700,4257,3501,756
34009020800,2104,1946,158
34009020901,796,707,89
34009020902,1243,1155,88
34009021001,2135,1803,332
34009021002,3801,3098,703
34009021100,5573,4581,992
34009021300,3621,3278,343
34009021400,3527,2830,697
34009021500,2170,1725,445
34009021600,3101,2683,418
34009021701,2797,2312,485
34009021702,2660,2281,379
34009021803,3495,2957,538
34009021804,5641,4465,1176
34009021805,4146,3448,698
34009021806,2349,2081,268
34009021900,2284,2030,254
34009022000,2768,2397,371
34009022101,1586,1244,342
34009022102,7285,5730,1555
34011010101,3184,2583,601
34011010103,3034,3034,0
34011010200,4669,3591,1078
34011010301,3087,2403,684
34011010302,1399,1134,265
34011010401,4492,3614,878
34011010402,1054,1039,15
34011010500,2083,1694,389
34011010600,4835,3955,880
34011010701,4211,3135,1076
34011010702,3434,2767,667
34011010800,3136,2433,703
34011020100,1183,784,399
34011020200,2745,1832,913
34011020301,2587,1556,1031
34011020302,4341,2732,1609
34011020400,3526,2530,996
34011020502,3913,3913,0
34011020503,4304,2914,1390
34011020600,4664,3284,1380
34011030100,921,697,224
34011030200,4959,3581,1378
34011030300,3710,2640,1070
34011030401,4045,2962,1083
34011030402,3811,3114,697
34011030501,6038,4927,1111
34011030502,4007,2999,1008
34011040300,3428,2703,725
34011040400,6557,5064,1493
34011040500,6000,4393,1607
34011040601,3094,2501,593
34011040602,4142,2922,1220
34011040701,4625,3657,968
34011040702,3793,2976,817
34011040800,5527,4224,1303
34011040901,2837,2231,606
34011040902,6678,5211,1467
34011041001,4057,3314,743
34011041002,3436,2664,772
34011041101,3259,2394,865
34011041102,3347,2320,1027
34013000100,6153,4899,1254
34013000200,3293,2473,820
34013000300,3533,2710,823
34013000400,2514,1814,700
34013000500,1936,1414,522
34013000600,4295,3231,1064
34013000700,7108,5035,2073
34013000800,4621,3340,1281
34013000900,4387,3083,1304
34013001000,3936,3072,864
34013001100,4312,3922,390
34013001300,2025,1510,515
34013001400,3528,2545,983
34013001500,2084,1362,722
34013001600,1999,1419,580
34013001700,2654,1850,804
34013001800,2490,1710,780
34013001900,2295,1575,720
34013002000,4551,3572,979
34013002100,3479,2649,830
34013002202,3846,2931,915
34013002203,5730,4185,1545
34013002204,1963,1494,469
34013002300,4773,3633,1140
34013002400,3955,2839,1116
34013002500,4269,3081,1188
34013002600,2249,1561,688
34013002800,2127,1417,710
34013003100,2232,1459,773
34013003500,3026,1942,1084
34013003700,2656,1763,893
34013003800,2594,1905,689
34013003900,1698,1152,546
34013004100,3449,2527,922
34013004200,3627,2530,1097
34013004300,3207,2295,912
34013004400,2125,1477,648
34013004500,3722,2790,932
34013004600,3742,2797,945
34013004700,4797,3835,962
34013004801,2593,1844,749
34013004802,4113,3556,557
34013004900,4188,3165,1023
34013005000,3542,2503,1039
34013005100,2759,2026,733
34013005200,1607,1168,439
34013005300,3041,2280,761
34013005400,4656,3245,1411
34013005700,2984,2143,841
34013006200,1875,1340,535
34013006400,1320,1170,150
34013006600,1305,1011,294
34013006700,3593,2913,680
34013006800,5458,3863,1595
34013006900,4627,3462,1165
34013007000,3878,2947,931
34013007100,3634,2858,776
34013007200,4002,3093,909
34013007300,5338,4217,1121
34013007400,5474,4766,708
34013007501,4200,3104,1096
34013007502,3233,2281,952
34013007600,3304,2599,705
34013007700,2662,2109,553
34013007800,3714,2785,929
34013007900,4339,3583,756
34013008000,2921,2513,408
34013008100,4539,3739,800
34013008200,2338,1839,499
34013008700,4322,3298,1024
34013008800,2009,1430,579
34013008900,2271,1678,593
34013009000,1769,1380,389
34013009100,3530,2514,1016
34013009200,3494,2608,886
34013009300,5281,3882,1399
34013009400,6003,4738,1265
34013009500,6248,4900,1348
34013009600,5577,3903,1674
34013009700,5198,3749,1449
34013009900,2340,1850,490
34013010000,3304,2636,668
34013010100,2917,2266,651
34013010200,4625,3711,914
34013010300,4360,3286,1074
34013010400,5149,4115,1034
34013010500,4758,3690,1068
34013010600,4893,3545,1348
34013010700,3710,2854,856
34013010800,2712,1841,871
34013010900,2584,1937,647
34013011100,4040,3074,966
34013011200,3469,2636,833
34013011300,4225,3351,874
34013011400,4859,3995,864
34013011500,2535,1887,648
34013011600,3133,2261,872
34013011700,3557,2758,799
34013011800,2442,1903,539
34013011900,1948,1450,498
34013012000,6940,5369,1571
34013012100,4429,3238,1191
34013012200,6531,4864,1667
34013012300,5189,3983,1206
34013012400,4555,3574,981
34013012500,4038,3122,916
34013012600,3172,2379,793
34013012700,4260,3244,1016
34013012800,3688,2709,979
34013012900,3652,2696,956
34013013000,3327,2701,626
34013013100,2270,1601,669
34013013200,3428,2400,1028
34013013300,3749,2785,964
34013013400,4184,3305,879
34013013500,4603,3660,943
34013013600,6923,5515,1408
34013013700,4959,4006,953
34013013800,4390,3482,908
34013013900,5084,4104,980
34013014000,4533,3758,775
34013014100,3799,3073,726
34013014200,4070,3279,791
34013014300,5658,4497,1161
34013014400,3966,3249,717
34013014500,4064,3194,870
34013014600,4814,3770,1044
34013014700,7318,5912,1406
34013014800,3383,2669,714
34013014900,4794,3668,1126
34013015000,3663,2904,759
34013015100,4985,3943,1042
34013015200,4988,4103,885
34013015300,3017,2477,540
34013015400,6065,5282,783
34013015500,4104,3260,844
34013015600,4632,3829,803
34013015700,3004,2383,621
34013015800,4429,3513,916
34013015900,6041,4719,1322
34013016000,7802,5441,2361
34013016100,4728,3704,1024
34013016200,3615,2527,1088
34013016300,3654,2649,1005
34013016400,3894,2834,1060
34013016500,4074,2993,1081
34013016600,2909,2324,585
34013016700,2595,2185,410
34013016800,3986,3413,573
34013016900,2879,2136,743
34013017000,3182,2559,623
34013017100,2242,1686,556
34013017200,3163,2370,793
34013017301,5318,4205,1113
34013017302,7695,6375,1320
34013017400,5606,4393,1213
34013017500,6470,5315,1155
34013017600,5025,3900,1125
34013017700,5201,3835,1366
34013017800,3686,2771,915
34013017900,3622,2757,865
34013018000,6220,4788,1432
34013018100,2235,1602,633
34013018200,4675,3549,1126
34013018300,5172,3942,1230
34013018400,2544,1859,685
34013018600,5165,3683,1482
34013018700,5613,4440,1173
34013018800,4751,3789,962
34013018900,4292,3206,1086
34013019000,5044,3587,1457
34013019100,4202,3074,1128
34013019200,5281,4632,649
34013019300,3957,3267,690
34013019400,3151,2149,1002
34013019500,4163,2864,1299
34013019600,6313,4914,1399
34013019700,6509,4950,1559
34013019800,2821,1987,834
34013019900,2727,1912,815
34013020000,6212,4214,1998
34013020100,5317,3685,1632
34013020200,5125,3688,1437
34013020300,5056,3700,1356
34013020400,5181,3854,1327
34013020500,8192,6028,2164
34013020600,5230,3918,1312
34013020700,4435,3295,1140
34013020800,8292,6228,2064
34013020901,2244,1677,567
34013020902,6299,5137,1162
34013021000,5497,4244,1253
34013021100,5218,4128,1090
34013021200,3857,2947,910
34013021300,6040,4915,1125
34013021400,6940,5595,1345
34013021601,7872,6179,1693
34013021602,6694,5043,1651
34013021701,3793,3021,772
34013021702,5234,4458,776
34013021801,2647,2059,588
34013021802,3705,2942,763
34013021803,4660,3596,1064
34013022700,3437,2510,927
34013022800,2425,1758,667
34013022900,5752,5021,731
34013023000,3783,2674,1109
34013023100,2685,1874,811
34013023200,3761,2528,1233
34013980100,5777,5756,21
34015500100,4264,3362,902
34015500201,2497,2018,479
34015500202,4843,3767,1076
34015500203,4771,3871,900
34015500204,6374,5158,1216
34015500205,3712,3138,574
34015500300,3026,2392,634
34015500400,6196,4537,1659
34015500500,4917,3965,952
34015500601,7543,5659,1884
34015500602,4163,2773,1390
34015500702,5876,4664,1212
34015500703,1422,1130,292
34015500704,3318,2740,578
34015500705,4619,3613,1006
34015500800,2283,1815,468
34015500900,3098,2419,679
34015501001,2189,1649,540
34015501002,3986,3037,949
34015501003,3788,2947,841
34015501101,4244,3479,765
34015501102,7076,5819,1257
34015501103,5513,4264,1249
34015501104,3217,2591,626
34015501105,3118,2592,526
34015501106,4174,3251,923
34015501107,4635,3695,940
34015501201,6009,4572,1437
34015501202,4713,3671,1042
34015501203,3265,2623,642
34015501204,3837,2968,869
34015501205,3542,2848,694
34015501206,3794,3059,735
34015501208,4177,3502,675
34015501209,7286,5598,1688
34015501210,3518,2782,736
34015501212,3916,2958,958
34015501213,4620,3715,905
34015501301,3406,2729,677
34015501302,2673,2165,508
34015501303,2701,2138,563
34015501402,5009,4436,573
34015501403,4821,4020,801
34015501404,5222,5069,153
34015501405,3792,3059,733
34015501406,4305,3527,778
34015501501,3312,2550,762
34015501502,5495,4172,1323
34015501603,6316,5182,1134
34015501604,7438,5607,1831
34015501605,4197,3447,750
34015501606,7483,5585,1898
34015501608,5639,4514,1125
34015501609,6044,4504,1540
34015501701,5288,4119,1169
34015501702,2473,2088,385
34015501703,4534,3577,957
34015501704,4085,3261,824
34015501800,1774,1380,394
34015501900,4424,3464,960
34015502001,6282,4478,1804
34015502002,7359,5480,1879
34015502100,3395,2549,846
34015502201,3423,2343,1080
34015502202,2792,2242,550
34015502203,3510,2367,1143
34015502204,2852,2083,769
34015502300,2711,1971,740
34015502400,6000,4534,1466
34017000101,2554,1972,582
34017000102,3834,3084,750
34017000200,5391,4294,1097
34017000300,3948,3241,707
34017000400,3973,3142,831
34017000500,4317,3410,907
34017000600,5790,4590,1200
34017000700,3609,2883,726
34017000800,4075,3406,669
34017000902,6778,5619,1159
34017001000,2118,1653,465
34017001100,5345,4370,975
34017001201,2153,1747,406
34017001202,1268,1034,234
34017001300,2624,2256,368
34017001400,3867,3130,737
34017001701,5237,4022,1215
34017001800,3965,2992,973
34017001900,2684,2428,256
34017002001,1627,1388,239
34017002002,2563,2126,437
34017002200,2036,1791,245
34017002300,2470,2127,343
34017002400,2806,2331,475
34017002700,5952,4488,1464
34017002800,5643,4719,924
34017002900,3990,3335,655
34017003000,2974,2409,565
34017003101,2846,2472,374
34017003102,3365,2574,791
34017003500,2257,1898,359
34017004000,5642,4337,1305
34017004102,3091,2450,641
34017004103,2285,1784,501
34017004104,4593,3579,1014
34017004200,5100,3828,1272
34017004300,2503,1988,515
34017004400,2697,1972,725
34017004500,4395,3367,1028
34017004600,2309,1805,504
34017004700,3304,2667,637
34017004800,4713,3663,1050
34017004900,4370,3340,1030
34017005200,4815,3647,1168
34017005300,3201,2374,827
34017005400,7307,5804,1503
34017005500,3141,2299,842
34017005600,3897,2959,938
34017005801,5569,4045,1524
34017005802,1683,1332,351
34017005901,3443,2764,679
34017005902,4857,3948,909
34017006000,4709,3569,1140
34017006101,3954,3117,837
34017006102,3436,2583,853
34017006200,4047,3142,905
34017006300,4792,3717,1075
34017006400,3276,2842,434
34017006500,2270,1844,426
34017006600,1329,1061,268
34017006700,3670,2602,1068
34017006800,4143,2955,1188
34017006900,99,69,30
34017007001,2141,1806,335
34017007002,2373,2085,288
34017007100,3510,3029,481
34017007200,3269,2704,565
34017007300,4946,4387,559
34017007400,5833,4825,1008
34017007500,7364,6244,1120
34017007601,10344,9153,1191
34017007602,5234,4488,746
34017007701,6081,5376,705
34017007702,1289,1214,75
34017007703,5018,4294,724
34017007800,4343,3753,590
34017010100,6695,5187,1508
34017010200,3477,2645,832
34017010300,3131,2437,694
34017010400,5008,3979,1029
34017010500,5712,4614,1098
34017010601,2916,2457,459
34017010602,4372,3360,1012
34017010701,2603,2059,544
34017010702,1451,1082,369
34017010800,3688,2822,866
34017010900,2700,2209,491
34017011000,2543,1882,661
34017011100,4715,3505,1210
34017011200,7398,5739,1659
34017011300,3238,2465,773
34017011400,3863,3068,795
34017011500,3429,2744,685
34017011600,4747,3593,1154
34017012300,2250,1843,407
34017012400,3230,2601,629
34017012500,3900,3166,734
34017012600,3846,3025,821
34017012700,6009,5070,939
34017012800,4829,3797,1032
34017012900,4062,3166,896
34017013000,3665,2792,873
34017013100,2178,1673,505
34017013200,4265,3336,929
34017013300,3765,3030,735
34017013400,2594,2057,537
34017013500,5028,3954,1074
34017013600,2234,1749,485
34017013700,2624,2068,556
34017013800,4944,4393,551
34017013900,4620,3940,680
34017014000,5209,4228,981
34017014101,4498,3969,529
34017014102,5149,4397,752
34017014200,5932,4742,1190
34017014300,5937,4690,1247
34017014401,4518,3538,980
34017014402,3657,2846,811
34017014501,6312,4961,1351
34017014502,3562,2990,572
34017014600,4228,3370,858
34017014700,4880,3825,1055
34017014801,5234,4295,939
34017014802,1095,926,169
34017014900,3150,2488,662
34017015001,2611,2267,344
34017015003,2700,2022,678
34017015004,3462,2829,633
34017015100,3244,2475,769
34017015201,2880,2467,413
34017015202,6467,5247,1220
34017015300,4568,3557,1011
34017015500,5203,4090,1113
34017015600,4315,3388,927
34017015700,3753,2883,870
34017015801,3494,2982,512
34017015802,5710,4781,929
34017015900,5966,4492,1474
34017016000,3794,2954,840
34017016100,3773,2875,898
34017016200,4813,3702,1111
34017016300,4503,3594,909
34017016400,3784,3047,737
34017016500,4682,3768,914
34017016600,3822,2968,854
34017016700,1773,1323,450
34017016800,3348,2555,793
34017016900,3364,2650,714
34017017000,4920,3735,1185
34017017100,5359,4105,1254
34017017200,3229,2452,777
34017017300,2272,1897,375
34017017400,2597,1989,608
34017017500,4361,3197,1164
34017017600,3219,2386,833
34017017700,2192,1737,455
34017017800,6578,5120,1458
34017017900,5358,4543,815
34017018000,4156,3433,723
34017018100,2849,2312,537
34017018200,4834,4074,760
34017018301,3180,2541,639
34017018302,5227,4204,1023
34017018401,3156,2591,565
34017018402,3484,2803,681
34017018501,5445,4635,810
34017018502,1863,1548,315
34017018600,2441,2085,356
34017018701,3006,2755,251
34017018702,4382,3865,517
34017018800,3369,2937,432
34017018900,4764,3975,789
34017019000,4822,3888,934
34017019100,3949,3520,429
34017019200,5108,4154,954
34017019300,3260,2886,374
34017019400,2963,2635,328
34017019800,7080,5688,1392
34017019900,5542,4531,1011
34017020000,5303,4475,828
34017020100,4256,3424,832
34017032400,6762,5198,1564
34019010100,5870,4765,1105
34019010201,2968,2382,586
34019010202,4232,3426,806
34019010300,3120,2533,587
34019010400,4537,3631,906
34019010500,5177,4181,996
34019010600,6041,4861,1180
34019010701,6507,5553,954
34019010702,3267,2671,596
34019010801,2773,2162,611
34019010802,1665,1380,285
34019010900,3546,2785,761
34019011001,6475,5287,1188
34019011003,5112,4092,1020
34019011004,1918,1561,357
34019011100,5777,4795,982
34019011202,3402,2767,635
34019011203,4606,3646,960
34019011204,2343,1842,501
34019011301,7405,5729,1676
34019011303,4707,3791,916
34019011304,3549,2714,835
34019011305,3173,2578,595
34019011306,4613,3599,1014
34019011400,4876,3591,1285
34019011500,5172,4208,964
34019011600,5055,4226,829
34019011700,3917,3277,640
34019011800,3005,2424,581
34019011900,4139,3563,576
34021000100,3354,2426,928
34021000200,4349,2900,1449
34021000300,5068,3636,1432
34021000400,6305,4336,1969
34021000500,5050,3426,1624
34021000600,5052,3760,1292
34021000700,3907,2721,1186
34021000800,2808,2035,773
34021000900,3942,3043,899
34021001000,2999,2256,743
34021001101,2377,1861,516
34021001102,3237,2410,827
34021001200,3819,2950,869
34021001300,3963,3336,627
34021001401,3884,2741,1143
34021001402,1754,1338,416
34021001500,2708,2013,695
34021001600,1225,893,332
34021001700,3524,2567,957
34021001800,5193,4334,859
34021001900,1500,1017,483
34021002000,1595,1108,487
34021002100,5670,4142,1528
34021002200,6109,4366,1743
34021002500,7579,5759,1820
34021002601,4785,3543,1242
34021002602,4348,3384,964
34021002701,4586,3507,1079
34021002702,6454,5447,1007
34021002800,6725,5031,1694
34021002902,4869,3807,1062
34021002903,3561,2935,626
34021002904,5214,4376,838
34021003001,6287,5111,1176
34021003002,5691,4669,1022
34021003003,6209,5276,933
34021003004,5811,4856,955
34021003006,5965,4862,1103
34021003007,3394,2738,656
34021003008,5389,4563,826
34021003009,5430,4694,736
34021003100,4516,3584,932
34021003201,7475,6381,1094
34021003202,5643,4655,988
34021003301,7112,5744,1368
34021003303,6419,5080,1339
34021003304,1912,1587,325
34021003400,2810,2136,674
34021003500,7331,6022,1309
34021003601,3350,2711,639
34021003602,3129,2568,561
34021003703,7108,6607,501
34021003704,2679,2306,373
34021003706,3737,3142,595
34021003707,1402,1179,223
34021003708,5718,5039,679
34021003800,6874,5530,1344
34021003902,1918,1511,407
34021003903,2802,2109,693
34021003904,6122,4726,1396
34021003905,4495,3385,1110
34021004000,5686,4582,1104
34021004203,4199,3149,1050
34021004204,6054,4987,1067
34021004205,4671,3535,1136
34021004206,2443,1871,572
34021004306,5108,3752,1356
34021004307,6218,4654,1564
34021004309,4980,3651,1329
34021004311,6975,5184,1791
34021004312,3521,2614,907
34021004313,4390,3160,1230
34021004314,5526,4018,1508
34021004315,3485,2587,898
34021004316,4791,3951,840
34021004403,5900,4552,1348
34021004404,7787,5991,1796
34021004406,5771,4860,911
34021004407,7733,6124,1609
34021004408,4637,3629,1008
34021004409,4117,3092,1025
34021004501,6474,6165,309
34021004502,1154,915,239
34021980000,1479,1474,5
34023000101,3132,2524,608
34023000102,4559,3626,933
34023000200,6945,5348,1597
34023000300,7637,5802,1835
34023000401,3839,3087,752
34023000403,6555,5113,1442
34023000404,6031,4997,1034
34023000501,5273,4091,1182
34023000503,2742,2167,575
34023000504,4690,3738,952
34023000603,2259,1803,456
34023000608,1609,1335,274
34023000609,2942,2395,547
34023000610,5403,4329,1074
34023000701,3642,2924,718
34023000702,5863,4671,1192
34023000801,3762,3035,727
34023000802,2812,2253,559
34023000901,2380,1825,555
34023000902,4618,3705,913
34023001001,2646,2073,573
34023001003,5784,4546,1238
34023001004,2336,1892,444
34023001100,5408,4376,1032
34023001200,5445,4242,1203
34023001300,4219,3405,814
34023001409,3589,2824,765
34023001410,4429,3561,868
34023001411,3619,2822,797
34023001412,3864,2798,1066
34023001413,5765,4330,1435
34023001414,6173,4391,1782
34023001415,5608,4356,1252
34023001417,2165,1739,426
34023001418,5921,4431,1490
34023001419,2497,1856,641
34023001502,5826,4427,1399
34023001504,7324,5332,1992
34023001505,2282,1675,607
34023001506,6515,4685,1830
34023001600,5123,4117,1006
34023001701,5237,4247,990
34023001702,3511,2863,648
34023001803,3328,2624,704
34023001804,4112,3304,808
34023001805,5931,4684,1247
34023001806,3658,2793,865
34023001901,5071,4220,851
34023001902,2359,1828,531
34023001903,3681,2943,738
34023002000,4842,3792,1050
34023002101,2416,1831,585
34023002102,4007,3081,926
34023002200,3784,2896,888
34023002301,3913,3111,802
34023002302,3883,3073,810
34023002401,5607,4424,1183
34023002402,1528,1220,308
34023002500,7379,5999,1380
34023002603,5453,4280,1173
34023002604,6894,5502,1392
34023002605,2924,2363,561
34023002701,5705,4317,1388
34023002703,7097,5827,1270
34023002805,2777,2222,555
34023002901,3086,2479,607
34023002902,2720,2188,532
34023003001,4395,3472,923
34023003002,6755,5048,1707
34023003101,2806,2284,522
34023003102,4938,4000,938
34023003201,3438,2760,678
34023003203,4527,3626,901
34023003300,5991,4722,1269
34023003401,3894,3096,798
34023003500,3699,3000,699
34023003601,8156,6150,2006
34023003700,3860,3045,815
34023003801,6002,4700,1302
34023003802,3553,2640,913
34023004000,4269,3368,901
34023004100,3047,2393,654
34023004200,3631,2784,847
34023004300,3962,2931,1031
34023004400,4665,3404,1261
34023004501,4235,3039,1196
34023004502,3880,2662,1218
34023004600,6347,4489,1858
34023004700,4213,3122,1091
34023004800,6300,4725,1575
34023004900,5451,4197,1254
34023005000,5436,3935,1501
34023005100,7337,7043,294
34023005200,5656,4456,1200
34023005300,3973,2790,1183
34023005500,3618,2547,1071
34023005601,2946,2145,801
34023005602,7282,4909,2373
34023005700,5625,4068,1557
34023005800,5884,4060,1824
34023006001,2193,1779,414
34023006002,5130,4599,531
34023006101,5851,4701,1150
34023006103,5423,4313,1110
34023006104,4277,3416,861
34023006204,1878,1498,380
34023006205,7332,5897,1435
34023006206,1977,1577,400
34023006207,7294,5623,1671
34023006208,7190,5349,1841
34023006209,2683,2321,362
34023006300,7037,5460,1577
34023006403,2733,2102,631
34023006500,7351,5575,1776
34023006601,2395,1887,508
34023006604,7107,5582,1525
34023006605,4089,3192,897
34023006606,3111,2355,756
34023006607,2905,2253,652
34023006608,3917,3160,757
34023006701,4074,3220,854
34023006703,5979,4562,1417
34023006800,4661,3672,989
34023006900,3565,2683,882
34023007000,7892,6345,1547
34023007101,3444,2789,655
34023007102,5286,4167,1119
34023007103,5639,4074,1565
34023007202,4640,3810,830
34023007203,4988,3902,1086
34023007301,3151,2511,640
34023007303,1922,1540,382
34023007305,3456,2753,703
34023007306,3463,2657,806
34023007402,4956,4102,854
34023007500,3274,2616,658
34023007600,6137,4949,1188
34023007702,6994,5565,1429
34023007703,3121,2484,637
34023007704,2578,2102,476
34023007801,3157,2675,482
34023007804,5489,4561,928
34023007805,4444,3488,956
34023007806,4078,3246,832
34023007905,2320,1860,460
34023007906,1431,1119,312
34023007907,3153,2685,468
34023007908,5457,4306,1151
34023007909,4011,3147,864
34023007910,3163,2763,400
34023007911,3419,2740,679
34023007913,3814,3118,696
34023007914,3612,2913,699
34023008001,6635,5420,1215
34023008101,4608,3774,834
34023008102,3555,2872,683
34023008103,2455,2023,432
34023008204,4897,4590,307
34023008205,3406,3384,22
34023008206,3533,3491,42
34023008207,2705,2588,117
34023008209,3719,2935,784
34023008210,4158,3142,1016
34023008211,6157,4620,1537
34023008212,4334,3202,1132
34023008213,5609,4755,854
34023008214,10076,7461,2615
34023008300,5783,4497,1286
34023008403,7969,6156,1813
34023008404,4274,3348,926
34023008405,5106,3973,1133
34023008406,2239,1734,505
34023008501,5106,3693,1413
34023008502,5669,4422,1247
34023008504,7460,5963,1497
34023008505,5246,3977,1269
34023008506,3974,3054,920
34023008601,5423,4344,1079
34023008602,5065,3987,1078
34023008604,6106,4740,1366
34023008605,2806,2098,708
34023008606,4684,3646,1038
34023008700,3842,2940,902
34023008801,5364,5039,325
34023009000,5134,4199,935
34023009101,2711,2164,547
34023009200,4400,3540,860
34023009300,5622,4619,1003
34023009400,6054,4839,1215
34023980100,84,57,27
34023980200,4592,4553,39
34025800101,3461,3006,455
34025800102,1160,1070,90
34025800200,4414,3637,777
34025800400,3566,2853,713
34025800500,4346,3419,927
34025800601,5131,4052,1079
34025800602,3567,2810,757
34025800701,4779,3783,996
34025800702,3592,2838,754
34025800800,6328,5062,1266
34025800900,6107,4899,1208
34025801000,4192,3331,861
34025801100,4645,3524,1121
34025801200,3717,2695,1022
34025801300,6010,4924,1086
34025801400,3883,3071,812
34025801500,7060,5318,1742
34025801600,5369,4216,1153
34025801700,4563,3459,1104
34025801800,5723,4565,1158
34025801900,3548,2844,704
34025802000,3656,3083,573
34025802100,6213,5024,1189
34025802200,3773,3078,695
34025802300,4513,3690,823
34025802400,5626,4453,1173
34025802500,3036,2474,562
34025802600,5394,4295,1099
34025802700,4144,3324,820
34025802800,4806,3907,899
34025802900,1949,1591,358
34025803000,5896,4653,1243
34025803100,3669,2944,725
34025803201,4047,3203,844
34025803202,6116,4691,1425
34025803300,7237,5480,1757
34025803400,5344,3771,1573
34025803500,2722,2236,486
34025803601,2127,1858,269
34025803602,2743,2345,398
34025803700,6269,4303,1966
34025803800,3512,2442,1070
34025803900,3831,2742,1089
34025804100,3174,2689,485
34025804200,6131,4588,1543
34025804600,3403,2700,703
34025804801,7330,6016,1314
34025804802,2817,2643,174
34025805001,5755,4708,1047
34025805100,4284,3482,802
34025805300,5882,4711,1171
34025805400,4309,3570,739
34025805500,4471,3463,1008
34025805600,2508,1816,692
34025805700,3246,2453,793
34025805800,3634,2858,776
34025805900,5691,4246,1445
34025806000,4342,3696,646
34025806100,3466,2607,859
34025806201,4039,3416,623
34025806202,4548,3589,959
34025806300,2435,1876,559
34025806400,5135,3955,1180
34025806501,4136,3378,758
34025806502,3797,3252,545
34025806503,3997,3298,699
34025806504,2770,2223,547
34025806600,5402,4268,1134
34025807004,2677,2562,115
34025807005,2422,2093,329
34025807006,1921,1671,250
34025807100,2389,2020,369
34025807200,2389,1605,784
34025807300,3390,2303,1087
34025807401,1178,1125,53
34025807402,1879,1764,115
34025807500,2988,2285,703
34025807600,3435,2475,960
34025807700,3821,3134,687
34025807800,4333,3525,808
34025807900,4020,3448,572
34025808001,4075,3476,599
34025808002,2332,1941,391
34025808100,4626,3943,683
34025808201,2650,2236,414
34025808202,1632,1495,137
34025808300,1933,1690,243
34025808401,2158,1952,206
34025808402,3749,3153,596
34025808501,3569,2922,647
34025808502,2939,2440,499
34025808600,6130,4695,1435
34025808701,5125,4227,898
34025808702,4258,3490,768
34025808800,4504,3721,783
34025808901,2426,2080,346
34025808902,2464,2090,374
34025809000,1697,1429,268
34025809100,2789,2399,390
34025809200,1866,1623,243
34025809301,3220,2537,683
34025809302,2718,2328,390
34025809400,4982,3994,988
34025809503,7162,5549,1613
34025809504,2575,1909,666
34025809505,4892,3920,972
34025809506,3631,2693,938
34025809600,7071,5465,1606
34025809701,5495,4232,1263
34025809703,4630,3698,932
34025809704,6046,4538,1508
34025809901,5157,3961,1196
34025809902,4606,3579,1027
34025809903,194,111,83
34025810001,6007,4564,1443
34025810002,3873,3535,338
34025810003,5447,4235,1212
34025810004,4064,3130,934
34025810101,4171,3264,907
34025810102,4197,3313,884
34025810201,6325,4758,1567
34025810202,6821,5310,1511
34025810300,2346,1809,537
34025810401,4138,3319,819
34025810402,7934,6090,1844
34025810501,3879,3072,807
34025810503,4261,3694,567
34025810504,4333,3260,1073
34025810505,3733,2817,916
34025810600,7091,5898,1193
34025810700,2011,1613,398
34025810800,4018,2940,1078
34025810900,2941,2231,710
34025811000,3568,2696,872
34025811101,5724,4728,996
34025811102,7265,5808,1457
34025811200,6000,4664,1336
34025811301,6545,5163,1382
34025811303,4484,3430,1054
34025811304,3766,3006,760
34025811401,5639,4304,1335
34025811402,3771,2886,885
34025811501,6476,4989,1487
34025811502,3867,2902,965
34025811600,1504,1201,303
34025811900,7273,5586,1687
34025812000,1734,1374,360
34025812100,1455,1332,123
34025812200,3823,3182,641
34025812300,5260,4100,1160
34025812400,2424,2022,402
34025812501,6172,4835,1337
34025812502,5012,3965,1047
34025812600,5634,4655,979
34027040101,4108,3290,818
34027040102,6807,5723,1084
34027040200,7121,5567,1554
34027040301,4455,4014,441
34027040302,3995,3114,881
34027040400,4107,3481,626
34027040500,3621,2851,770
34027040600,4426,3659,767
34027040701,5679,4480,1199
34027040702,4287,3242,1045
34027040801,5164,4023,1141
34027040803,7258,5608,1650
34027040804,3846,3127,719
34027040805,6182,4815,1367
34027040900,4380,3466,914
34027041000,5193,4226,967
34027041100,3622,2819,803
34027041200,4472,3141,1331
34027041300,4999,4029,970
34027041400,5728,4571,1157
34027041500,6380,4949,1431
34027041602,2977,2337,640
34027041603,4431,3678,753
34027041604,4872,3832,1040
34027041605,4219,3364,855
34027041606,3913,3156,757
34027041701,6480,5161,1319
34027041702,3465,2730,735
34027041704,4837,3894,943
34027041705,1613,1356,257
34027041706,6227,5121,1106
34027041801,2877,2360,517
34027041802,5159,4265,894
34027041803,5092,4030,1062
34027041901,6023,4857,1166
34027041902,5082,4245,837
34027042000,4598,3735,863
34027042100,4173,3414,759
34027042200,5906,4746,1160
34027042301,2524,1976,548
34027042302,3629,2899,730
34027042500,3454,2639,815
34027042601,3109,2764,345
34027042602,6022,4962,1060
34027042700,4234,3020,1214
34027042800,4978,3493,1485
34027042900,3862,3062,800
34027043000,4709,3511,1198
34027043100,3740,2644,1096
34027043200,4626,3829,797
34027043301,2770,2202,568
34027043302,3546,2944,602
34027043303,3842,3075,767
34027043401,7151,5668,1483
34027043402,5665,4468,1197
34027043500,4104,3020,1084
34027043601,3208,2853,355
34027043602,2464,2084,380
34027043700,3221,2838,383
34027043801,2603,2161,442
34027043802,4580,3714,866
34027043900,5032,3674,1358
34027044000,5951,4304,1647
34027044101,3031,2356,675
34027044102,5598,4390,1208
34027044200,3871,3106,765
34027044300,6598,5326,1272
34027044401,5242,4212,1030
34027044403,5080,3975,1105
34027044404,4193,3212,981
34027044502,4335,3420,915
34027044503,2367,2194,173
34027044504,4124,3328,796
34027044601,4639,3693,946
34027044602,5566,4530,1036
34027044701,4506,3717,789
34027044702,5827,4613,1214
34027044800,7336,5709,1627
34027044900,5842,4629,1213
34027045000,5282,4206,1076
34027045100,7241,5804,1437
34027045200,4015,3293,722
34027045300,4521,3686,835
34027045402,5106,4028,1078
34027045403,3435,2975,460
34027045404,2474,2075,399
34027045501,5044,4010,1034
34027045503,3811,3047,764
34027045504,4468,3497,971
34027045603,5142,4087,1055
34027045701,6177,4703,1474
34027045703,3949,2922,1027
34027045704,5443,4105,1338
34027045804,6016,4469,1547
34027045901,1681,1302,379
34027045903,3130,2399,731
34027045904,4583,3475,1108
34027046000,3375,2736,639
34027046103,6422,5149,1273
34027046104,6210,4809,1401
34027046107,3491,2675,816
34027046108,3778,3112,666
34027046109,3312,2420,892
34027046110,5673,4309,1364
34027046201,5920,4640,1280
34027046202,3749,2866,883
34027046297,3500,2682,818
34027046298,5028,3945,1083
34027046400,4981,3858,1123
34027046500,7375,5619,1756
34029710101,2754,2315,439
34029710102,2012,1728,284
34029711100,4591,3746,845
34029711200,4282,3380,902
34029711300,4228,3264,964
34029711400,5840,4663,1177
34029713000,4139,3442,697
34029713100,6573,5280,1293
34029713201,2356,2017,339
34029713202,3740,2991,749
34029713203,5145,4080,1065
34029713300,4259,3872,387
34029713401,5076,4086,990
34029713402,3849,3164,685
34029713500,3006,2549,457
34029713600,3529,2883,646
34029713700,2559,2226,333
34029713800,3272,2723,549
34029713900,6381,5040,1341
34029714000,6079,4911,1168
34029714100,3301,3037,264
34029714200,6416,5208,1208
34029714300,3292,2819,473
34029715001,10354,5240,5114
34029715002,4562,2369,2193
34029715201,11817,5397,6420
34029715202,6784,3316,3468
34029715301,10137,5553,4584
34029715303,3015,1376,1639
34029715304,4262,2425,1837
34029715401,6454,3722,2732
34029715403,3334,1756,1578
34029715404,3076,1542,1534
34029715501,4939,2651,2288
34029715502,6629,2559,4070
34029715503,5627,2570,3057
34029715600,10459,4731,5728
34029715701,12850,5194,7656
34029715702,4127,3030,1097
34029715800,12984,5662,7322
34029715901,4593,2758,1835
34029715902,4966,4384,582
34029716000,4189,4158,31
34029717001,3225,2218,1007
34029717002,5520,3562,1958
34029717101,8832,6756,2076
34029717102,4980,4148,832
34029717200,9136,7408,1728
34029717300,5679,4366,1313
34029717400,5978,4622,1356
34029717501,7920,5853,2067
34029717502,7206,5686,1520
34029718000,8072,6512,1560
34029720001,4140,3650,490
34029720102,3579,3558,21
34029720104,3103,3079,24
34029720105,3255,2769,486
34029720106,2537,2529,8
34029720107,2532,2511,21
34029720202,3801,3582,219
34029720203,4512,3783,729
34029720204,5819,4501,1318
34029720205,3903,3802,101
34029720206,6289,5752,537
34029721000,2636,2044,592
34029722001,5583,4340,1243
34029722003,5782,4271,1511
34029722004,4249,3476,773
34029722100,7553,5880,1673
34029722200,2546,2449,97
34029722300,4158,3202,956
34029722401,5194,4154,1040
34029722402,4068,3357,711
34029722500,1277,1220,57
34029722600,3047,2405,642
34029722701,4562,3536,1026
34029722702,4381,3407,974
34029722800,5150,3992,1158
34029722900,5666,4452,1214
34029723000,5476,4249,1227
34029723100,3909,3205,704
34029723200,6265,4876,1389
34029723300,6679,5179,1500
34029723400,3293,2769,524
34029723500,2714,2227,487
34029723600,2555,2045,510
34029724000,3643,2652,991
34029725001,2922,2266,656
34029725002,5821,4433,1388
34029725100,2116,1621,495
34029726000,1650,1373,277
34029727001,1787,1642,145
34029727002,1331,1222,109
34029728001,968,904,64
34029728002,1083,1006,77
34029728003,1463,1169,294
34029728004,977,802,175
34029729000,1932,1613,319
34029730000,2148,1741,407
34029731001,3515,2870,645
34029731002,4078,3238,840
34029731101,3301,2532,769
34029731102,6903,5287,1616
34029731103,4844,3599,1245
34029731201,4407,4376,31
34029731202,4552,4520,32
34029731203,1867,1861,6
34029731204,3634,3623,11
34029731205,3614,3331,283
34029731206,2415,2390,25
34029732001,7025,5637,1388
34029732003,3813,3019,794
34029732004,4846,3860,986
34029732101,6253,5049,1204
34029732103,2564,2189,375
34029732104,4154,3372,782
34029733001,5481,4508,973
34029733002,3348,3147,201
34029734002,7243,5624,1619
34029734003,7788,5875,1913
34029734004,5109,4328,781
34029734005,4156,3971,185
34029735001,7043,5601,1442
34029735003,3327,2563,764
34029735004,6741,5183,1558
34029735101,2769,2216,553
34029735104,4172,3269,903
34029735105,2368,2136,232
34029735106,2197,1918,279
34029736001,3403,2955,448
34029736002,1722,1384,338
34029736101,5701,4686,1015
34029736105,3523,3143,380
34029736106,3288,2621,667
34029736107,4867,3869,998
34029737000,3577,2973,604
34029738001,2198,2034,164
34029738002,1292,1174,118
34029738100,1721,1574,147
34029739000,2341,2103,238
34029739100,1713,1627,86
34029739200,1909,1717,192
34031116500,7777,6457,1320
34031124201,3787,2955,832
34031124202,4334,3540,794
34031124311,4979,4111,868
34031124312,4558,3945,613
34031124321,6296,5276,1020
34031124322,4828,4021,807
34031124323,3122,2699,423
34031124402,5917,4613,1304
34031124403,3746,2535,1211
34031124404,4014,3223,791
34031124500,6867,5590,1277
34031124601,4710,3702,1008
34031124602,5255,4124,1131
34031124700,6956,5431,1525
34031124800,4924,3863,1061
34031124900,5360,4047,1313
34031125000,6628,4960,1668
34031125100,4015,2920,1095
34031133701,5803,4334,1469
34031133702,3249,2639,610
34031143201,2307,1895,412
34031143202,4332,3467,865
34031143301,1977,1595,382
34031143302,4213,3424,789
34031143401,3203,2570,633
34031143402,3605,2837,768
34031154003,3624,3002,622
34031154004,2855,2760,95
34031154005,2553,2040,513
34031154006,4328,3552,776
34031163501,4677,3865,812
34031163502,4250,3582,668
34031175200,5128,3361,1767
34031175301,3617,2387,1230
34031175302,4740,3210,1530
34031175401,5737,4079,1658
34031175402,4442,3146,1296
34031175501,4230,2940,1290
34031175502,3396,2397,999
34031175601,2573,1519,1054
34031175603,3955,2937,1018
34031175604,3241,2394,847
34031175701,5791,4018,1773
34031175703,4520,3400,1120
34031175704,4501,2984,1517
34031175801,4094,3133,961
34031175803,2901,1963,938
34031175804,3950,2807,1143
34031175900,3721,2590,1131
34031180101,4179,3195,984
34031180102,3843,3008,835
34031180201,3677,2808,869
34031180203,3944,2776,1168
34031180204,3799,2727,1072
34031180301,4094,2921,1173
34031180302,3451,2587,864
34031180600,5025,3606,1419
34031180700,3025,2162,863
34031180800,3202,2277,925
34031180900,3762,2653,1109
34031181000,5415,3947,1468
34031181101,2299,1799,500
34031181102,4093,3033,1060
34031181200,4734,3437,1297
34031181300,5659,4215,1444
34031181400,4380,3043,1337
34031181500,3768,2600,1168
34031181702,3780,2726,1054
34031181800,3181,2449,732
34031181900,5472,4192,1280
34031182000,1815,1210,605
34031182100,3641,2736,905
34031182200,3660,2751,909
34031182301,1846,1273,573
34031182302,6180,4536,1644
34031182400,6169,4570,1599
34031182501,5148,3894,1254
34031182502,3014,2495,519
34031182600,5775,4504,1271
34031182701,3624,2763,861
34031182702,3010,2329,681
34031182800,3805,2977,828
34031182900,2370,1670,700
34031183001,3641,2632,1009
34031183002,4009,2990,1019
34031183101,4139,3108,1031
34031183102,4606,3477,1129
34031183200,3567,2799,768
34031196401,4187,3223,964
34031196403,3200,2615,585
34031196404,3740,3039,701
34031203600,6372,4690,1682
34031216701,6282,5004,1278
34031216702,5453,4352,1101
34031223801,3092,2505,587
34031223802,7966,6505,1461
34031236601,4493,3694,799
34031236603,3069,2639,430
34031236604,3755,3066,689
34031246001,6263,5443,820
34031246002,3141,2596,545
34031246003,5902,4590,1312
34031246101,6875,5596,1279
34031246102,2794,2357,437
34031246103,6608,5202,1406
34031246104,3189,2606,583
34031246201,6327,4910,1417
34031246202,5332,4014,1318
34031246203,3860,3048,812
34031246300,4547,3679,868
34031256801,4845,3909,936
34031256802,3883,3225,658
34031256803,4635,4025,610
34031256804,6572,5272,1300
34031256805,4927,3923,1004
34031264101,5789,4509,1280
34031264102,7695,6450,1245
34031264200,4931,3410,1521
34033020100,1910,1475,435
34033020200,1924,1326,598
34033020300,2913,1963,950
34033020400,2767,2151,616
34033020500,3119,2467,652
34033020600,2751,2207,544
34033020700,4183,3283,900
34033020800,3678,2819,859
34033020900,3432,2797,635
34033021000,1347,1037,310
34033021101,4567,3639,928
34033021102,4210,3390,820
34033021201,3283,2590,693
34033021202,2580,2081,499
34033021300,1475,1200,275
34033021400,3230,2655,575
34033021500,1751,1401,350
34033021600,5765,4600,1165
34033021700,1938,1543,395
34033021900,1797,1337,460
34033022000,1908,1269,639
34033022100,1591,1088,503
34033022201,1717,1386,331
34033022202,1001,834,167
34035050100,3032,2483,549
34035050200,2714,2162,552
34035050300,3400,2733,667
34035050400,3200,2607,593
34035050500,3538,2798,740
34035050600,4297,3440,857
34035050701,4156,3278,878
34035050703,4836,3799,1037
34035050704,6793,5232,1561
34035050801,4024,3083,941
34035050802,4760,3737,1023
34035050901,4819,3830,989
34035050902,3875,3043,832
34035050903,5395,4265,1130
34035051000,7319,5659,1660
34035051100,4530,3396,1134
34035051200,5218,4063,1155
34035051300,2240,1826,414
34035051400,4356,3498,858
34035051500,3418,2662,756
34035051600,3179,2545,634
34035051700,5246,3939,1307
34035051800,4433,3323,1110
34035051900,4232,3248,984
34035052001,4014,3151,863
34035052002,4883,3945,938
34035052100,7281,5716,1565
34035052201,5704,4481,1223
34035052203,5271,4180,1091
34035052204,4948,3882,1066
34035052300,6449,5152,1297
34035052400,5417,4018,1399
34035052603,4411,3499,912
34035052604,4133,3162,971
34035052605,5935,4348,1587
34035052701,4276,3253,1023
34035052702,3617,2633,984
34035052800,2558,1967,591
34035052901,924,768,156
34035052904,2275,1826,449
34035052905,3493,3024,469
34035052906,2504,2216,288
34035053000,4863,3915,948
34035053102,3571,2999,572
34035053103,4995,4045,950
34035053105,7699,6365,1334
34035053200,7723,5941,1782
34035053300,6101,4475,1626
34035053402,7290,5824,1466
34035053403,4860,3971,889
34035053405,4129,3295,834
34035053406,6678,5195,1483
34035053501,6058,5295,763
34035053602,6386,5062,1324
34035053603,4804,3810,994
34035053604,3750,3076,674
34035053703,3886,3009,877
34035053704,2900,2258,642
34035053705,7135,5585,1550
34035053706,4864,3721,1143
34035053707,3875,3051,824
34035053801,448,334,114
34035053804,4803,3742,1061
34035053805,6468,5081,1387
34035053806,2467,1900,567
34035053807,6878,5009,1869
34035053901,743,553,190
34035053904,3622,2686,936
34035053905,6629,4924,1705
34035054100,7934,6121,1813
34035054201,7173,5482,1691
34035054202,6266,4550,1716
34035054301,3457,3154,303
34035054302,5803,4906,897
34037371000,3792,3110,682
34037371100,3763,2996,767
34037371200,2024,1637,387
34037371300,3525,2798,727
34037371400,2990,2384,606
34037371502,5100,4106,994
34037371503,2626,2142,484
34037371600,3084,2599,485
34037371700,5033,3966,1067
34037371801,3818,3098,720
34037371802,3230,2666,564
34037371900,1984,1616,368
34037372000,2966,2393,573
34037372100,1927,1628,299
34037372200,1981,1674,307
34037372300,4112,3358,754
34037372400,2358,1924,434
34037372500,3262,2604,658
34037372600,4863,4129,734
34037372700,3266,2693,573
34037372800,1630,1328,302
34037372900,3282,2650,632
34037373000,2258,1837,421
34037373100,6331,4629,1702
34037373200,3625,2704,921
34037373300,3045,2339,706
34037373400,6599,5316,1283
34037373500,3799,3210,589
34037373600,2792,2264,528
34037373700,3973,3248,725
34037373800,4401,3483,918
34037373900,4004,3305,699
34037374000,3235,2629,606
34037374100,3627,2811,816
34037374200,2256,1833,423
34037374300,3409,2706,703
34037374400,2363,1845,518
34037374500,1875,1600,275
34037374600,3526,2890,636
34037374700,4082,3402,680
34037374800,4285,3500,785
34037374900,4120,3395,725
34039030200,3895,2687,1208
34039030400,6854,4701,2153
34039030500,5942,4233,1709
34039030600,3730,2667,1063
34039030701,2190,1606,584
34039030703,5284,3954,1330
34039030704,3055,2343,712
34039030802,3006,2277,729
34039030900,6485,4742,1743
34039031000,4553,3196,1357
34039031100,6260,4640,1620
34039031200,6712,4828,1884
34039031301,3408,2532,876
34039031302,4179,3023,1156
34039031400,5807,4220,1587
34039031500,5690,4416,1274
34039031601,4397,3485,912
34039031602,5768,4420,1348
34039031700,6125,4539,1586
34039031801,5616,4332,1284
34039031802,3345,2538,807
34039031903,6516,5192,1324
34039031904,3288,2696,592
34039032002,4090,3181,909
34039032003,3875,2998,877
34039032004,3092,2361,731
34039032101,3845,2958,887
34039032102,3239,2551,688
34039032200,5984,4751,1233
34039032300,2477,1906,571
34039032401,4340,3442,898
34039032402,3661,2910,751
34039032500,5994,4615,1379
34039032600,5121,4019,1102
34039032701,3387,2794,593
34039032702,4829,3930,899
34039032800,5346,4149,1197
34039032901,4100,3327,773
34039032902,5101,4227,874
34039033000,4305,3513,792
34039033100,5957,4902,1055
34039033200,4341,3484,857
34039033300,4048,3213,835
34039033400,3818,3009,809
34039033501,4543,3830,713
34039033502,4832,4277,555
34039033600,8427,6619,1808
34039033700,4811,3704,1107
34039033800,5834,4722,1112
34039033900,3322,2554,768
34039034000,6009,4681,1328
34039034100,3665,2912,753
34039034200,3747,2941,806
34039034300,4422,3649,773
34039034400,4852,3781,1071
34039034500,4775,3815,960
34039034600,4438,3421,1017
34039034700,4139,3238,901
34039034800,5068,3950,1118
34039034900,6681,5341,1340
34039035000,2857,2249,608
34039035100,4177,3351,826
34039035200,2649,2067,582
34039035300,6062,4784,1278
34039035400,2892,2298,594
34039035500,7256,5862,1394
34039035600,3727,3079,648
34039035700,5602,4420,1182
34039035800,3339,2604,735
34039035900,4188,3400,788
34039036000,5444,4440,1004
34039036100,1423,1210,213
34039036200,6436,5020,1416
34039036301,5229,4354,875
34039036302,3879,3050,829
34039036400,7403,5264,2139
34039036500,5614,3894,1720
34039036600,4100,3172,928
34039036700,6071,4399,1672
34039036800,7844,5622,2222
34039036900,4454,3663,791
34039037000,6048,4650,1398
34039037100,4373,3245,1128
34039037200,4274,3537,737
34039037300,4641,3545,1096
34039037400,4511,3414,1097
34039037500,5979,4764,1215
34039037601,4718,3789,929
34039037602,6481,5073,1408
34039037700,4851,3504,1347
34039037800,6078,4555,1523
34039037900,6111,4169,1942
34039038000,5679,4354,1325
34039038101,5036,3841,1195
34039038103,3400,2498,902
34039038104,5214,3877,1337
34039038201,6139,4637,1502
34039038202,7146,5460,1686
34039038300,7020,5457,1563
34039038400,6115,4639,1476
34039038500,6136,4530,1606
34039038601,8476,6527,1949
34039038602,4241,3064,1177
34039038701,4083,3015,1068
34039038702,3691,2766,925
34039038800,4898,3754,1144
34039038900,5982,4236,1746
34039039000,4609,3292,1317
34039039100,3281,2744,537
34039039200,5838,4093,1745
34039039301,3697,2483,1214
34039039302,2576,1734,842
34039039400,6137,4184,1953
34039039501,3940,2759,1181
34039039502,3281,2232,1049
34039039600,4515,3444,1071
34039039700,5832,4626,1206
34039039801,4838,3357,1481
34039039900,1915,1600,315
34039980000,299,264,35
34041030600,4111,3186,925
34041030700,5059,3666,1393
34041030800,3067,2307,760
34041030900,3012,2264,748
34041031101,5715,4676,1039
34041031102,3786,3052,734
34041031200,7399,6091,1308
34041031301,5469,4511,958
34041031302,5335,4417,918
34041031401,4922,3826,1096
34041031402,5326,4303,1023
34041031500,7781,6284,1497
34041031601,4606,4034,572
34041031602,2444,1922,522
34041031700,2520,1983,537
34041031800,2503,2043,460
34041031900,6492,5225,1267
34041032000,7299,5778,1521
34041032101,2968,2406,562
34041032102,5473,4165,1308
34041032200,8776,7141,1635
34041032300,3241,2653,588
34041032400,2328,1886,442
35001000107,2693,2247,446
35001000108,2685,2196,489
35001000109,2401,1928,473
35001000110,3498,2925,573
35001000111,2820,2207,613
35001000112,1996,1703,293
35001000113,3006,2420,586
35001000114,3074,2457,617
35001000115,3263,2595,668
35001000116,2925,2333,592
35001000117,2317,1872,445
35001000118,2694,2098,596
35001000119,1807,1474,333
35001000120,2781,2167,614
35001000121,5882,4799,1083
35001000122,4284,3576,708
35001000123,4953,3998,955
35001000124,3339,2845,494
35001000125,4006,3432,574
35001000126,2785,2348,437
35001000127,2837,2227,610
35001000128,3115,2438,677
35001000129,4252,3417,835
35001000203,2120,1781,339
35001000204,2973,2412,561
35001000205,3261,2721,540
35001000206,2906,2374,532
35001000207,3212,2651,561
35001000208,2690,2255,435
35001000300,5863,5049,814
35001000401,4270,3558,712
35001000402,3548,3015,533
35001000501,2768,2380,388
35001000503,3350,3031,319
35001000504,1287,1171,116
35001000601,3854,3199,655
35001000603,4716,3515,1201
35001000605,4119,3264,855
35001000704,4015,3194,821
35001000711,4272,3595,677
35001000712,4189,3139,1050
35001000713,5509,4210,1299
35001000714,5042,3980,1062
35001000715,2151,1513,638
35001000716,4133,3184,949
35001000717,1848,1446,402
35001000718,4500,3513,987
35001000719,3045,2266,779
35001000720,4531,3853,678
35001000904,4215,3328,887
35001000905,2079,1699,380
35001000906,3494,2939,555
35001000907,2461,1864,597
35001000908,4382,3227,1155
35001001101,4523,3842,681
35001001102,2902,2322,580
35001001201,3852,2983,869
35001001202,4021,3184,837
35001001300,3989,3027,962
35001001400,2324,1962,362
35001001500,2852,2454,398
35001001701,2012,1752,260
35001001702,2796,2563,233
35001001800,2211,2156,55
35001002000,2487,2057,430
35001002100,2126,1972,154
35001002200,3687,3260,427
35001002301,2024,1459,565
35001002302,3482,2720,762
35001002303,2709,2091,618
35001002401,4933,3932,1001
35001002403,3998,2999,999
35001002404,3674,2675,999
35001002700,3671,3212,459
35001002900,3845,3182,663
35001003001,4724,3809,915
35001003002,3850,3214,636
35001003100,2793,2387,406
35001003201,2872,2304,568
35001003202,5631,4546,1085
35001003400,4368,3336,1032
35001003501,5380,4358,1022
35001003502,5112,4187,925
35001003600,6160,5010,1150
35001003707,4883,4011,872
35001003712,5021,4106,915
35001003715,4192,3479,713
35001003717,5240,4406,834
35001003718,2540,1980,560
35001003719,5383,4591,792
35001003722,7223,5334,1889
35001003723,6743,5913,830
35001003724,3448,2891,557
35001003725,4378,3590,788
35001003726,2397,1941,456
35001003728,4351,3765,586
35001003729,2007,1634,373
35001003730,4745,3699,1046
35001003731,3760,2941,819
35001003733,3535,2428,1107
35001003736,2589,2061,528
35001003737,2760,2232,528
35001003738,4859,4018,841
35001003739,1873,1563,310
35001003740,4980,4152,828
35001003741,1861,1613,248
35001003742,4587,3852,735
35001003743,6197,4651,1546
35001003744,1376,1073,303
35001003745,1361,1151,210
35001003746,4912,3892,1020
35001003803,3400,2805,595
35001003804,5497,4424,1073
35001003805,2223,1835,388
35001003806,3421,2848,573
35001003807,4369,3608,761
35001004001,5316,4053,1263
35001004300,4924,3768,1156
35001004401,2928,2249,679
35001004402,3950,3060,890
35001004501,3199,2423,776
35001004502,3290,2570,720
35001004602,4151,3338,813
35001004603,3455,2678,777
35001004604,5202,3961,1241
35001004712,6754,4809,1945
35001004713,6907,4889,2018
35001004715,4526,3302,1224
35001004716,2298,2024,274
35001004720,3823,3012,811
35001004722,4896,4152,744
35001004723,6756,5362,1394
35001004724,2969,2418,551
35001004725,3458,2772,686
35001004726,2297,1853,444
35001004727,2024,1625,399
35001004728,5010,3942,1068
35001004729,4562,3790,772
35001004733,6717,4782,1935
35001004734,7094,4926,2168
35001004735,2226,1517,709
35001004736,1768,1083,685
35001004737,8660,5794,2866
35001004738,6932,4715,2217
35001004739,6554,4602,1952
35001004742,6119,4784,1335
35001004743,4027,2890,1137
35001004744,7711,5909,1802
35001004745,6425,4909,1516
35001004747,4825,3600,1225
35001004749,4319,3414,905
35001004750,6347,4802,1545
35001004752,3850,3000,850
35001004753,4043,3230,813
35001004754,4554,3299,1255
35001004755,3907,2942,965
35001004756,4303,3140,1163
35001004757,5035,3545,1490
35001004758,4019,2838,1181
35001004759,4166,2830,1336
35001004760,3839,2738,1101
35001004761,2012,1432,580
35001004762,5281,3829,1452
35001004763,4807,3765,1042
35001004764,3529,2810,719
35001004800,3851,3062,789
35001004900,3506,3195,311
35001940500,2958,2528,430
35001940601,10658,7356,3302
35001940602,2099,1627,472
35001940700,2372,1805,567
35001980000,4578,3239,1339
35001980500,1297,1296,1
35003976401,1612,1437,175
35003976402,1967,1779,188
35005000201,3501,2548,953
35005000202,3779,2681,1098
35005000301,3587,2658,929
35005000302,2668,2068,600
35005000400,4521,3235,1286
35005000500,1941,1335,606
35005000600,4510,3377,1133
35005000700,4671,3308,1363
35005000800,6063,4354,1709
35005000900,3185,2354,831
35005001001,5344,3948,1396
35005001002,4708,3610,1098
35005001101,5390,3824,1566
35005001102,3856,2969,887
35005001200,1447,1071,376
35005001300,3430,2739,691
35005001400,2556,1892,664
35006941500,3224,2331,893
35006945800,2588,1852,736
35006946100,4040,3034,1006
35006974201,5278,3976,1302
35006974202,2784,2014,770
35006974401,949,739,210
35006974402,2155,1601,554
35006974701,4395,3652,743
35006974702,1759,1559,200
35007950500,4108,3336,772
35007950600,3023,2410,613
35007950700,5256,4362,894
35009000100,4519,3045,1474
35009000201,4214,3086,1128
35009000202,4086,2980,1106
35009000303,4391,3286,1105
35009000305,2097,1536,561
35009000306,4132,2969,1163
35009000307,2912,2268,644
35009000308,3680,2774,906
35009000400,4086,2955,1131
35009000500,2087,1497,590
35009000601,1126,873,253
35009000602,5196,3798,1398
35009000603,3926,2880,1046
35009000900,1978,1516,462
35011960100,1698,1360,338
35013000102,3942,3019,923
35013000103,4309,3191,1118
35013000104,5359,4072,1287
35013000203,2644,1961,683
35013000204,4665,3313,1352
35013000205,2877,2384,493
35013000206,2733,1999,734
35013000300,3535,2787,748
35013000401,2443,1959,484
35013000402,5581,4203,1378
35013000500,2510,2044,466
35013000600,2659,2108,551
35013000700,6060,4450,1610
35013000800,4168,3439,729
35013000901,2593,1996,597
35013000902,4312,3595,717
35013001000,3014,2831,183
35013001102,2624,2149,475
35013001103,3912,3156,756
35013001105,2736,2073,663
35013001106,2701,2000,701
35013001203,4491,3566,925
35013001204,4219,3574,645
35013001205,4368,3713,655
35013001206,3447,2859,588
35013001207,3698,2803,895
35013001208,6713,5169,1544
35013001209,2709,2245,464
35013001210,3266,2722,544
35013001308,5842,4222,1620
35013001309,2360,1840,520
35013001310,6288,4652,1636
35013001311,5932,4293,1639
35013001312,1624,1231,393
35013001313,2463,1835,628
35013001314,2191,1646,545
35013001315,3972,2818,1154
35013001316,4500,3158,1342
35013001317,3735,2860,875
35013001318,3788,3036,752
35013001401,2562,1782,780
35013001402,2306,1579,727
35013001501,4013,3609,404
35013001502,2126,1678,448
35013001600,2615,2025,590
35013001701,10245,7213,3032
35013001702,1488,1175,313
35013001703,2897,2304,593
35013001705,2805,2077,728
35013001706,3223,2342,881
35013001707,5479,3810,1669
35013001805,3187,2335,852
35013001807,2294,1559,735
35013001808,3515,2430,1085
35013001809,2143,1603,540
35013001810,4510,3285,1225
35013001811,1936,1421,515
35013001812,4107,2821,1286
35013001813,2957,2090,867
35013001814,3240,2423,817
35013001900,930,610,320
35015000100,1661,1303,358
35015000200,6520,4949,1571
35015000300,5829,4357,1472
35015000401,3844,2918,926
35015000402,4745,3463,1282
35015000500,3573,2634,939
35015000600,8396,6084,2312
35015000700,6097,4534,1563
35015000800,2223,1571,652
35015000900,5720,4281,1439
35015001001,3008,2195,813
35015001002,3338,2471,867
35015001100,7360,5161,2199
35017964100,2643,2336,307
35017964200,2133,1750,383
35017964300,5509,4290,1219
35017964401,1933,1588,345
35017964402,2807,2370,437
35017964500,2627,2086,541
35017964600,2847,2192,655
35017964701,2942,2494,448
35017964702,3094,2432,662
35017964800,1650,1293,357
35019961600,4452,3586,866
35021000100,657,561,96
35023970000,1912,1528,384
35023970200,2266,1711,555
35025000100,3013,2147,866
35025000200,3778,2628,1150
35025000300,4150,2773,1377
35025000400,3593,2420,1173
35025000502,8810,6068,2742
35025000503,4384,3155,1229
35025000504,4210,3058,1152
35025000600,6782,4794,1988
35025000701,1607,1135,472
35025000702,4996,3866,1130
35025000703,3159,2350,809
35025000704,3254,2328,926
35025000800,3329,2373,956
35025000900,2333,1700,633
35025001003,4537,3189,1348
35025001004,4001,2713,1288
35025001005,3723,2581,1142
35025001100,4796,3458,1338
35027960200,1726,1466,260
35027960300,3059,2595,464
35027960401,2306,1794,512
35027960402,1161,969,192
35027960403,3535,2834,701
35027960601,1913,1641,272
35027960602,1898,1508,390
35027960603,2182,1866,316
35027960800,2489,2005,484
35028000100,4256,3153,1103
35028000200,5388,4016,1372
35028000400,3907,3297,610
35028000500,5868,4584,1284
35029000100,5838,4352,1486
35029000200,4261,3082,1179
35029000300,2305,1720,585
35029000401,3589,2635,954
35029000402,2220,1773,447
35029000500,4228,3159,1069
35029000600,2986,2397,589
35031940301,2131,1578,553
35031940302,4002,2953,1049
35031940500,1324,896,428
35031943500,3762,2718,1044
35031943601,3576,2498,1078
35031943602,2883,2064,819
35031943701,2124,1559,565
35031943702,1818,1370,448
35031943801,2033,1149,884
35031943802,2207,1668,539
35031943803,1775,1249,526
35031943903,2508,1861,647
35031943904,1733,1265,468
35031943905,1231,893,338
35031943906,2260,1680,580
35031943907,1902,1440,462
35031944000,2009,1430,579
35031945201,3264,2248,1016
35031945202,3251,2255,996
35031945300,3271,2282,989
35031945400,2979,2280,699
35031945501,1951,1522,429
35031945502,1665,1238,427
35031945503,2251,1679,572
35031945601,2009,1484,525
35031945602,3707,2630,1077
35031945701,1027,805,222
35031945702,1411,1068,343
35031946001,2510,1773,737
35031946002,1350,972,378
35031946003,1861,1275,586
35031973100,1110,892,218
35033955201,2056,1722,334
35033955202,2133,1777,356
35035000100,1618,1276,342
35035000200,1748,1402,346
35035000303,2281,1795,486
35035000304,3454,2670,784
35035000305,3640,2822,818
35035000306,3153,2474,679
35035000401,4927,3897,1030
35035000403,3141,2343,798
35035000404,4698,3778,920
35035000501,2882,2199,683
35035000502,1853,1443,410
35035000601,871,855,16
35035000602,2275,1953,322
35035000603,2435,1953,482
35035000604,2980,2133,847
35035000701,4094,3185,909
35035000702,1591,1259,332
35035000901,3597,3008,589
35035000903,6585,4879,1706
35035000904,5994,4175,1819
35035940000,4022,2719,1303
35037958601,3019,2320,699
35037958602,2946,2220,726
35037958900,2781,2288,493
35039000100,3233,2661,572
35039000200,3802,3032,770
35039000301,3440,2728,712
35039000302,3164,2499,665
35039000401,1784,1477,307
35039000402,2928,2355,573
35039000500,3658,3042,616
35039940700,3570,2786,784
35039940800,4534,3589,945
35039941000,3670,2510,1160
35039944100,6580,5108,1472
35041000100,4700,3522,1178
35041000200,3543,2565,978
35041000300,4311,3440,871
35041000401,3173,2353,820
35041000402,3464,2560,904
35043010503,3340,2593,747
35043010601,4359,3667,692
35043010602,4134,3627,507
35043010702,7404,6306,1098
35043010705,5840,4583,1257
35043010712,5404,4125,1279
35043010713,5624,4296,1328
35043010714,4823,3760,1063
35043010715,3828,3177,651
35043010719,4042,3294,748
35043010721,4905,3652,1253
35043010722,6441,4581,1860
35043010724,2360,1762,598
35043010725,8468,6142,2326
35043010726,5335,3961,1374
35043010727,2940,2061,879
35043010728,2940,2307,633
35043010729,8456,6139,2317
35043010730,2051,1506,545
35043010731,9131,6232,2899
35043010732,6450,5418,1032
35043010733,5355,3700,1655
35043010734,6300,4352,1948
35043010900,2002,1599,403
35043011101,3217,2935,282
35043011102,3939,3400,539
35043011200,2675,2170,505
35043940200,3428,2426,1002
35043940500,3936,2997,939
35043940600,1991,1480,511
35043940700,3686,2641,1045
35043940900,2307,1677,630
35043941000,1723,1390,333
35045000100,4509,3316,1193
35045000201,4812,3528,1284
35045000202,5353,3948,1405
35045000204,2153,1626,527
35045000206,4026,2873,1153
35045000207,2385,1724,661
35045000301,5044,3711,1333
35045000302,3306,2458,848
35045000401,5046,3727,1319
35045000402,3986,3003,983
35045000503,3887,2556,1331
35045000504,1964,1396,568
35045000506,3709,2709,1000
35045000507,2653,1953,700
35045000607,3532,2608,924
35045000609,1362,1031,331
35045000610,3935,3104,831
35045000611,3227,2548,679
35045000612,2061,1499,562
35045000613,3737,2846,891
35045000614,2871,2002,869
35045000615,2951,2151,800
35045000702,913,723,190
35045000705,3350,2407,943
35045000706,2650,2073,577
35045000707,4033,2806,1227
35045000708,3840,2815,1025
35045000900,1990,1472,518
35045942801,2408,1879,529
35045942802,5739,4204,1535
35045942803,2574,1772,802
35045942900,4283,3308,975
35045943000,4326,3133,1193
35045943100,1739,1359,380
35045943201,5229,3837,1392
35045943300,2078,1559,519
35047957200,3851,2992,859
35047957300,3098,2602,496
35047957400,4067,3282,785
35047957501,1685,1345,340
35047957502,2350,1934,416
35047957601,2101,1701,400
35047957602,1265,1082,183
35047957603,2538,2028,510
35047957700,2018,1639,379
35047957800,4228,3306,922
35049000102,2205,2048,157
35049000103,2048,1895,153
35049000201,1748,1583,165
35049000202,2726,2363,363
35049000300,1513,1379,134
35049000400,433,416,17
35049000500,2136,1984,152
35049000600,2218,2018,200
35049000700,2015,1831,184
35049000800,2971,2648,323
35049000900,3608,3086,522
35049001001,2076,1869,207
35049001002,3448,2818,630
35049001102,3399,2968,431
35049001103,1916,1620,296
35049001105,2287,1969,318
35049001106,3088,2627,461
35049001107,5326,4406,920
35049001202,5779,4560,1219
35049001203,2993,2184,809
35049001205,5713,3938,1775
35049001206,3770,2740,1030
35049001207,3006,2207,799
35049001301,1370,1174,196
35049001302,2963,2195,768
35049001304,1029,813,216
35049001305,5038,3770,1268
35049001306,2315,1580,735
35049010102,4960,3935,1025
35049010204,2067,1912,155
35049010205,1246,1119,127
35049010304,4432,3802,630
35049010308,2310,1816,494
35049010309,1903,1700,203
35049010310,1278,1054,224
35049010311,4498,3576,922
35049010312,4573,3584,989
35049010315,2632,2299,333
35049010316,1772,1507,265
35049010317,1172,920,252
35049010318,1884,1425,459
35049010400,3454,3032,422
35049010500,1768,1594,174
35049010601,5742,4669,1073
35049010602,3005,2761,244
35049010603,2427,2017,410
35049010701,3754,3385,369
35049010702,1579,1422,157
35049010800,2867,2424,443
35049010900,3173,2713,460
35049940300,1819,1391,428
35049940400,1773,1362,411
35049940500,1840,1498,342
35049940600,3529,2809,720
35049940900,3218,2478,740
35049980000,966,922,44
35051962200,3294,2741,553
35051962300,3216,2687,529
35051962401,2357,2110,247
35051962402,2709,2257,452
35053940000,1569,1100,469
35053978100,3703,2862,841
35053978200,1615,1329,286
35053978301,2648,2108,540
35053978302,3910,3242,668
35053978303,3150,2434,716
35055940000,1623,1284,339
35055940101,3761,3172,589
35055940102,4458,3662,796
35055952101,3539,3077,462
35055952102,3057,2530,527
35055952300,3066,2594,472
35055952601,2865,2309,556
35055952602,5783,4548,1235
35055952701,3512,2911,601
35055952702,2825,2358,467
35057963201,3811,3035,776
35057963202,3004,2328,676
35057963601,5914,4600,1314
35057963700,2055,1709,346
35057980000,261,261,0
35059950200,4079,3260,819
35061940300,896,675,221
35061941400,3477,2530,947
35061970101,4573,3188,1385
35061970103,2809,2205,604
35061970104,3347,2686,661
35061970200,4015,3201,814
35061970302,2654,1943,711
35061970304,3716,2914,802
35061970305,2586,2058,528
35061970306,3730,2579,1151
35061970307,3410,2394,1016
35061970401,5184,3958,1226
35061970404,5528,4246,1282
35061970405,4099,2966,1133
35061970701,5788,4655,1133
35061970800,4746,3623,1123
35061970901,4405,3369,1036
35061970902,2031,1616,415
35061971000,4923,3885,1038
35061971100,1481,1097,384
35061971301,1960,1527,433
35061980100,76,54,22
35061980200,767,767,0
36001000100,2073,1507,566
36001000201,3125,2314,811
36001000202,2598,1756,842
36001000301,3190,2189,1001
36001000302,3496,2956,540
36001000401,2216,2065,151
36001000403,4418,3846,572
36001000404,5194,5172,22
36001000501,3440,2664,776
36001000502,2841,2575,266
36001000600,3500,2573,927
36001000700,4196,3037,1159
36001000800,2216,1638,578
36001001100,1826,1687,139
36001001400,3818,3580,238
36001001500,4528,3932,596
36001001600,4290,3632,658
36001001700,4016,3424,592
36001001802,3728,3294,434
36001001803,3232,2765,467
36001001804,3473,3008,465
36001001901,2514,2051,463
36001001902,2566,2112,454
36001002000,5960,4582,1378
36001002100,3937,3405,532
36001002200,2299,1998,301
36001002300,2147,1675,472
36001002500,3208,2333,875
36001002600,5179,3819,1360
36001012700,3391,2896,495
36001012800,3797,2995,802
36001012900,3931,3162,769
36001013000,7028,5872,1156
36001013100,2934,2474,460
36001013200,3380,2574,806
36001013300,4397,3487,910
36001013400,2598,2113,485
36001013503,5284,4120,1164
36001013505,2804,2187,617
36001013507,2716,2221,495
36001013509,3692,2798,894
36001013510,3497,2833,664
36001013511,3687,2774,913
36001013512,3858,3052,806
36001013602,4554,3682,872
36001013603,3151,2565,586
36001013604,7198,6320,878
36001013703,2101,1811,290
36001013706,2087,1639,448
36001013707,6066,4979,1087
36001013708,3494,3031,463
36001013709,3313,2763,550
36001013802,4487,3567,920
36001013803,3347,2709,638
36001013804,3897,3199,698
36001013901,2396,1955,441
36001013902,5385,4433,952
36001014001,4200,3525,675
36001014002,4376,3529,847
36001014100,5628,4582,1046
36001014201,5959,4647,1312
36001014202,6064,4801,1263
36001014203,6270,4945,1325
36001014301,3005,2445,560
36001014303,4874,3760,1114
36001014304,3234,2546,688
36001014401,3985,3250,735
36001014402,3271,2553,718
36001014501,2703,2120,583
36001014502,3552,2840,712
36001014503,2841,2182,659
36001014606,3825,3018,807
36001014608,4014,3558,456
36001014609,4829,4176,653
36001014611,2260,1775,485
36001014612,1675,1329,346
36001014613,3132,2535,597
36001014614,5767,4593,1174
36001014615,2759,2252,507
36001014616,6214,4776,1438
36001014617,2373,1881,492
36001014700,2635,2099,536
36001014801,2689,2247,442
36001014802,1826,1500,326
36001014803,3194,2611,583
36003950100,2270,1803,467
36003950300,4755,3600,1155
36003950401,1647,1259,388
36003950402,1960,1499,461
36003950500,3671,2896,775
36003950600,3653,2850,803
36003950700,3575,2840,735
36003950800,6136,5542,594
36003950900,3649,2822,827
36003951000,3116,2406,710
36003951100,3772,3019,753
36003951201,2301,1753,548
36003951202,2475,1898,577
36003951301,1350,1041,309
36003951302,2119,1628,491
36005000100,3772,3760,12
36005000200,4779,3714,1065
36005000400,6272,4935,1337
36005001600,5795,4544,1251
36005001901,2292,1725,567
36005001902,1613,1320,293
36005002001,5007,3613,1394
36005002002,4584,3444,1140
36005002300,4742,3477,1265
36005002500,5442,3951,1491
36005002701,3080,2170,910
36005002702,4995,3424,1571
36005002800,5853,4808,1045
36005003100,2964,2048,916
36005003300,3689,2651,1038
36005003500,3726,2767,959
36005003700,340,253,87
36005003800,1683,1162,521
36005003900,6345,4810,1535
36005004001,1739,1359,380
36005004100,6146,4448,1698
36005004200,7201,5559,1642
36005004300,5883,4306,1577
36005004400,4642,3504,1138
36005004600,1976,1460,516
36005004800,4184,3091,1093
36005005001,4960,3490,1470
36005005002,6518,4574,1944
36005005100,6459,4747,1712
36005005200,2130,1581,549
36005005300,4371,2969,1402
36005005400,6804,4929,1875
36005005600,2863,2143,720
36005005902,2577,2080,497
36005006000,1262,947,315
36005006100,3444,2970,474
36005006200,6769,4927,1842
36005006301,6567,5041,1526
36005006400,4186,3196,990
36005006500,6251,4572,1679
36005006700,6893,5070,1823
36005006800,3419,2517,902
36005006900,6964,5143,1821
36005007000,5021,3799,1222
36005007100,2789,2115,674
36005007200,6291,4748,1543
36005007300,4205,2966,1239
36005007400,3536,2824,712
36005007500,6749,4935,1814
36005007600,5682,4243,1439
36005007700,1974,1475,499
36005007800,7037,5228,1809
36005007900,6826,4957,1869
36005008300,6122,4508,1614
36005008400,2587,1982,605
36005008500,5894,4266,1628
36005008600,4145,3097,1048
36005008700,5976,4372,1604
36005008900,3118,2391,727
36005009000,3911,2847,1064
36005009200,6271,4701,1570
36005009301,5551,4068,1483
36005009302,512,487,25
36005009600,2946,2277,669
36005009800,5903,4649,1254
36005011502,4396,3049,1347
36005011701,1554,1148,406
36005011800,5324,4548,776
36005011900,5703,4276,1427
36005012101,3319,2466,853
36005012102,1616,1156,460
36005012300,4766,3491,1275
36005012500,4139,2959,1180
36005012701,2184,1664,520
36005012901,4923,3520,1403
36005013000,1198,976,222
36005013100,5390,3843,1547
36005013200,6652,5354,1298
36005013300,6064,4537,1527
36005013500,4001,2991,1010
36005013800,3060,2478,582
36005014100,7344,5214,2130
36005014300,1898,1367,531
36005014400,6046,4496,1550
36005014500,7055,4988,2067
36005014701,6361,4383,1978
36005014702,5081,3538,1543
36005014900,4723,3569,1154
36005015100,5957,4355,1602
36005015200,2593,2063,530
36005015300,4258,3198,1060
36005015500,2891,2232,659
36005015700,5542,3909,1633
36005015800,1442,1182,260
36005015900,2481,1841,640
36005016000,4003,3253,750
36005016100,5243,3939,1304
36005016200,1908,1539,369
36005016400,1221,997,224
36005016500,1097,829,268
36005016600,2625,2056,569
36005016700,3373,2237,1136
36005016900,1586,1135,451
36005017300,6395,4685,1710
36005017500,6988,5163,1825
36005017701,4754,3426,1328
36005017702,4979,3697,1282
36005017901,5124,3747,1377
36005017902,3447,2533,914
36005018101,3299,2447,852
36005018102,5510,4149,1361
36005018301,4423,3629,794
36005018302,3686,2765,921
36005018400,4329,3422,907
36005018501,3076,2236,840
36005018502,6442,4745,1697
36005018900,8360,6340,2020
36005019300,6020,4429,1591
36005019400,2022,1597,425
36005019500,7509,5760,1749
36005019700,7213,5270,1943
36005019900,7909,5922,1987
36005020000,5235,3811,1424
36005020100,4345,3220,1125
36005020200,2789,2054,735
36005020400,3129,2358,771
36005020501,7859,5819,2040
36005020502,2462,1930,532
36005020601,3277,2525,752
36005020900,4823,3651,1172
36005021001,8946,7190,1756
36005021002,7855,6192,1663
36005021100,5822,4226,1596
36005021200,6596,5174,1422
36005021301,1264,959,305
36005021302,5830,4368,1462
36005021501,4078,3008,1070
36005021502,6360,4697,1663
36005021601,4701,3418,1283
36005021602,6237,4945,1292
36005021700,5006,3814,1192
36005021800,6610,4969,1641
36005021900,1176,935,241
36005022000,2511,1869,642
36005022101,4001,2865,1136
36005022102,5457,3846,1611
36005022200,3968,2958,1010
36005022300,5063,3893,1170
36005022401,2787,2188,599
36005022403,3275,2569,706
36005022404,4489,3533,956
36005022500,8141,5747,2394
36005022701,5669,4142,1527
36005022702,1634,1239,395
36005022703,1699,1312,387
36005022800,6336,4927,1409
36005022901,5766,4140,1626
36005022902,3401,2508,893
36005023000,3001,2204,797
36005023100,1464,1087,377
36005023200,3000,2223,777
36005023301,4577,3497,1080
36005023302,3574,2674,900
36005023501,3570,2676,894
36005023502,4417,3435,982
36005023600,2204,1638,566
36005023702,1179,922,257
36005023703,5086,3761,1325
36005023704,3970,2872,1098
36005023800,2750,2049,701
36005023900,8213,5847,2366
36005024000,4583,3297,1286
36005024100,6331,4658,1673
36005024300,5577,4279,1298
36005024400,2407,1861,546
36005024501,5059,3783,1276
36005024502,3797,2803,994
36005024600,2297,1805,492
36005024700,1921,1471,450
36005024800,3620,2938,682
36005025000,2672,2157,515
36005025100,6924,5168,1756
36005025200,2682,2103,579
36005025300,6234,4678,1556
36005025400,2163,1738,425
36005025500,8092,6385,1707
36005025600,1908,1545,363
36005025700,1809,1450,359
36005026100,2060,1807,253
36005026300,6788,5376,1412
36005026400,5693,4566,1127
36005026500,7166,5403,1763
36005026601,3328,2715,613
36005026602,6409,5055,1354
36005026701,3983,2957,1026
36005026702,7022,5357,1665
36005026900,4126,3237,889
36005027300,7939,6130,1809
36005027401,5136,4119,1017
36005027402,3553,2971,582
36005027700,4968,3869,1099
36005027900,8145,6449,1696
36005028100,3720,3217,503
36005028300,2084,1606,478
36005028400,297,253,44
36005028500,3440,2869,571
36005028600,1395,1074,321
36005028700,3953,2980,973
36005028800,3055,2545,510
36005028900,4736,3758,978
36005029301,1954,1758,196
36005029302,5248,4483,765
36005029500,4615,3719,896
36005029600,2878,2525,353
36005029700,4005,3268,737
36005030000,6591,5255,1336
36005030100,1627,1388,239
36005030201,4048,3398,650
36005030202,6063,5086,977
36005030701,5799,4584,1215
36005030900,3947,3357,590
36005031000,4372,3635,737
36005031200,1555,1271,284
36005031400,2071,1672,399
36005031600,2071,1652,419
36005031800,1961,1620,341
36005031900,454,441,13
36005032300,5001,4328,673
36005032400,3113,2395,718
36005032600,3494,2824,670
36005032800,4133,3100,1033
36005033000,5837,4462,1375
36005033201,4103,3265,838
36005033202,4204,3405,799
36005033400,69,51,18
36005033500,2440,1996,444
36005033601,4306,3335,971
36005033602,1555,1211,344
36005033700,3838,3108,730
36005033801,2337,1741,596
36005033802,1737,1295,442
36005034000,4858,3755,1103
36005034200,1732,1355,377
36005034300,1706,1363,343
36005034400,1930,1510,420
36005034500,3754,3119,635
36005034800,6640,5097,1543
36005035000,2284,1734,550
36005035100,3539,3017,522
36005035600,2261,1804,457
36005035800,7542,5980,1562
36005035900,3731,2717,1014
36005036000,3024,2463,561
36005036100,5569,4308,1261
36005036300,7074,5197,1877
36005036400,2603,2075,528
36005036501,3897,2842,1055
36005036502,2449,1792,657
36005036700,2672,1825,847
36005036800,2165,1612,553
36005036901,1910,1398,512
36005036902,2324,1699,625
36005037000,2536,1972,564
36005037100,4504,3456,1048
36005037200,2289,1775,514
36005037300,6117,4365,1752
36005037400,3890,2834,1056
36005037504,4023,2965,1058
36005037600,2274,1798,476
36005037800,3569,2719,850
36005037900,6878,4671,2207
36005038000,4938,3785,1153
36005038100,6853,5096,1757
36005038200,2852,2190,662
36005038301,4635,3508,1127
36005038303,3468,2560,908
36005038304,2508,1704,804
36005038500,5362,3755,1607
36005038600,7949,6018,1931
36005038700,3401,2504,897
36005038800,2941,2205,736
36005038900,4819,3635,1184
36005039000,3323,2491,832
36005039100,7210,5255,1955
36005039200,1809,1404,405
36005039300,8033,5821,2212
36005039400,4647,3549,1098
36005039500,4254,3166,1088
36005039600,4485,3393,1092
36005039700,4492,4218,274
36005039800,3347,2532,815
36005039901,5254,3979,1275
36005039902,5548,4003,1545
36005040100,5009,3716,1293
36005040302,4197,3108,1089
36005040303,4843,3738,1105
36005040304,4125,3076,1049
36005040400,3530,2738,792
36005040501,4385,3270,1115
36005040502,7320,5450,1870
36005040600,3792,2919,873
36005040701,3235,2518,717
36005040702,6968,5541,1427
36005040800,4475,3324,1151
36005040900,3580,2931,649
36005041100,3215,2462,753
36005041300,7781,6003,1778
36005041400,5342,4272,1070
36005041500,5872,4576,1296
36005041800,3752,3002,750
36005041900,7205,5439,1766
36005042000,3905,2948,957
36005042100,6135,4722,1413
36005042200,3211,2534,677
36005042300,4179,2975,1204
36005042400,2553,2042,511
36005042500,7667,5566,2101
36005042600,6982,5527,1455
36005042800,2230,1770,460
36005042901,3711,2767,944
36005042902,4334,3323,1011
36005043000,2952,2371,581
36005043101,5185,3875,1310
36005043102,5050,3989,1061
36005043400,3649,2842,807
36005043501,1192,783,409
36005043503,122,111,11
36005043600,2061,1637,424
36005044200,3877,2991,886
36005044400,3984,3154,830
36005044800,2007,1631,376
36005044901,1946,1583,363
36005044902,2229,1873,356
36005045101,1817,1553,264
36005045102,2142,1744,398
36005045600,3056,2442,614
36005045800,5662,4016,1646
36005046000,2890,2302,588
36005046203,6599,5766,833
36005046204,5552,4715,837
36005046205,4445,3797,648
36005046206,4434,3705,729
36005046207,6228,5322,906
36005046208,5155,4161,994
36005046209,3707,2737,970
36005048401,3888,3049,839
36005051601,4445,3749,696
36007000100,3180,2506,674
36007000200,3247,2621,626
36007000300,2789,2239,550
36007000400,2244,1770,474
36007000500,1961,1442,519
36007000600,2252,1700,552
36007000700,3501,2991,510
36007000900,1717,1354,363
36007001100,2147,1842,305
36007001200,1797,1692,105
36007001300,2932,2468,464
36007001401,2338,2085,253
36007001402,2875,2482,393
36007001500,4530,3798,732
36007001600,2277,1888,389
36007001700,4090,3314,776
36007001800,4092,3144,948
36007010200,5168,4025,1143
36007011901,2809,2199,610
36007011902,2509,1986,523
36007011903,2691,2014,677
36007012000,1581,1199,382
36007012101,3732,2927,805
36007012102,3953,3110,843
36007012103,3274,2605,669
36007012201,2492,2001,491
36007012202,3937,3210,727
36007012300,4868,3821,1047
36007012400,2239,1794,445
36007012501,2543,2032,511
36007012502,3261,2546,715
36007012600,5481,4362,1119
36007012701,5008,4007,1001
36007012702,4617,3743,874
36007012800,5100,4303,797
36007012900,1272,1106,166
36007013000,4218,3256,962
36007013100,2794,2239,555
36007013201,2286,1810,476
36007013202,3186,2678,508
36007013301,4851,3986,865
36007013303,2570,2060,510
36007013304,5951,4816,1135
36007013400,4499,3649,850
36007013500,1988,1502,486
36007013600,3928,3115,813
36007013700,3252,2646,606
36007013800,3463,2805,658
36007013900,1992,1541,451
36007014000,3181,2368,813
36007014100,3089,2553,536
36007014200,3618,3191,427
36007014301,5382,4270,1112
36007014302,10881,10365,516
36007014400,4744,3757,987
36007014500,3155,2571,584
36007014600,5151,4141,1010
36009940000,498,408,90
36009940301,3136,2325,811
36009940302,3528,2605,923
36009960100,3415,2581,834
36009960200,4427,3467,960
36009960300,4344,3538,806
36009960400,4067,3308,759
36009960500,4859,3388,1471
36009960600,3372,2677,695
36009960703,1751,1422,329
36009960704,1086,925,161
36009960800,4120,3196,924
36009961000,4395,3490,905
36009961100,3987,3191,796
36009961200,3426,2739,687
36009961301,2442,1952,490
36009961302,2465,2259,206
36009961400,5002,3708,1294
36009961500,2165,1740,425
36009961600,3752,2877,875
36009961700,3554,2795,759
36009961800,4466,3465,1001
36009962200,2772,2150,622
36011040101,1650,1290,360
36011040102,3223,2570,653
36011040201,2445,1952,493
36011040202,2142,1628,514
36011040300,3905,3076,829
36011040400,4314,3488,826
36011040500,3008,2425,583
36011040600,3304,2688,616
36011040700,3552,2971,581
36011040800,4460,3717,743
36011040900,3827,2907,920
36011041001,3051,2448,603
36011041002,1655,1397,258
36011041101,2477,2104,373
36011041102,1531,1191,340
36011041201,2227,1782,445
36011041202,2611,2085,526
36011041300,3978,2982,996
36011041400,4803,4057,746
36011041500,2745,2199,546
36011041600,2498,1945,553
36011041700,3957,3205,752
36011041800,4799,3755,1044
36011042100,4086,3350,736
36013030100,3413,2656,757
36013030200,3984,2996,988
36013030300,1973,1516,457
36013030400,4015,3225,790
36013030500,3284,2548,736
36013030600,3436,2638,798
36013030700,4324,3376,948
36013030800,4283,3344,939
36013035100,4313,3376,937
36013035300,2564,2107,457
36013035400,3049,2282,767
36013035500,2876,2229,647
36013035600,3443,2714,729
36013035700,3375,2645,730
36013035800,3422,2792,630
36013035901,4542,3666,876
36013035902,2159,2120,39
36013036000,4152,3451,701
36013036100,4629,3621,1008
36013036300,4309,3536,773
36013036401,2628,2181,447
36013036402,3425,2739,686
36013036500,4553,3718,835
36013036600,3330,2659,671
36013036700,4382,3023,1359
36013036801,2241,1812,429
36013036802,2072,1581,491
36013036901,2769,2252,517
36013036902,3135,2583,552
36013037000,3406,2720,686
36013037100,4137,3381,756
36013037200,3728,3091,637
36013037300,5040,3963,1077
36013037400,3711,2830,881
36013037500,4853,3755,1098
36013037600,2702,2188,514
36015000100,2635,1887,748
36015000200,2642,1972,670
36015000300,1471,1451,20
36015000400,2113,1642,471
36015000500,2912,2242,670
36015000600,2864,2261,603
36015000700,2407,1936,471
36015000900,3355,2532,823
36015001000,2770,2039,731
36015001100,3354,2498,856
36015010100,3345,2608,737
36015010200,5896,4606,1290
36015010301,4615,3657,958
36015010302,3176,2512,664
36015010400,3552,2927,625
36015010500,3009,2392,617
36015010600,3013,2351,662
36015010701,3063,2408,655
36015010702,4420,3518,902
36015010800,3513,2825,688
36015010900,5015,4003,1012
36015011000,3807,3047,760
36015011101,2934,2402,532
36015011102,3827,3050,777
36015011200,4440,3719,721
36017970101,3021,2386,635
36017970102,2876,2259,617
36017970201,1868,1483,385
36017970202,2163,1688,475
36017970300,3932,3153,779
36017970400,3119,2419,700
36017970501,2334,1817,517
36017970502,2975,2343,632
36017970601,3822,3074,748
36017970602,3554,2899,655
36017970700,2214,1749,465
36017970801,3660,2940,720
36017970802,3570,2817,753
36017970901,2632,2103,529
36017970902,2111,1675,436
36017971000,3369,2704,665
36019100101,2664,2103,561
36019100102,3081,2522,559
36019100200,4096,3208,888
36019100600,5508,4413,1095
36019100700,3606,2883,723
36019100800,4682,3680,1002
36019100901,2864,2355,509
36019100902,2078,1783,295
36019101000,4150,3458,692
36019101600,1623,1272,351
36019101901,4820,3706,1114
36019101902,1212,941,271
36019102100,1975,1568,407
36019102200,3199,2498,701
36019102800,3484,2778,706
36019103000,2232,2213,19
36019103100,2841,2494,347
36019103200,2477,2173,304
36019103512,6748,5785,963
36019103800,5702,4561,1141
36019103900,4885,3896,989
36019104200,5916,4748,1168
36021000100,2514,2056,458
36021000200,1570,1337,233
36021000300,4104,3432,672
36021000401,2384,2020,364
36021000402,5946,4819,1127
36021000500,1931,1569,362
36021000600,2670,2125,545
36021000700,5303,4341,962
36021000800,1625,1355,270
36021000900,1831,1564,267
36021001000,6058,5000,1058
36021001100,4473,3731,742
36021001200,3168,2556,612
36021001300,2726,2230,496
36021001400,3628,3027,601
36021001500,1231,1054,177
36021001600,3346,2787,559
36021001700,1440,1226,214
36021001800,1628,1337,291
36021001900,2058,1655,403
36021002000,1936,1627,309
36023970100,3420,2682,738
36023970201,2434,1941,493
36023970202,3254,2520,734
36023970300,3039,2387,652
36023970400,2812,2204,608
36023970500,3656,2959,697
36023970600,3049,2502,547
36023970700,4000,3298,702
36023970800,2781,2736,45
36023970900,4070,3230,840
36023971000,5597,4675,922
36023971100,4601,3542,1059
36023971200,4096,3174,922
36025970101,1442,1247,195
36025970102,2955,2360,595
36025970200,3028,2468,560
36025970300,2288,1859,429
36025970401,1829,1482,347
36025970402,3707,2887,820
36025970501,2165,1675,490
36025970502,1791,1487,304
36025970601,2398,1923,475
36025970602,2872,2313,559
36025970700,2251,1928,323
36025970800,3528,2907,621
36025970900,1267,1250,17
36025971000,2658,2180,478
36025971100,2247,1917,330
36025971200,3336,2844,492
36025971300,1782,1515,267
36025971400,2764,2307,457
36027010000,3769,3130,639
36027020003,4226,3339,887
36027020004,2853,2252,601
36027020005,5272,4102,1170
36027030000,4037,3355,682
36027040001,4595,3611,984
36027040003,3820,2999,821
36027050102,4180,3232,948
36027050103,5482,4312,1170
36027050104,6837,5181,1656
36027050203,5212,4057,1155
36027050204,2812,2199,613
36027050205,5184,4140,1044
36027060100,6189,5407,782
36027060201,3297,2744,553
36027060202,4302,3640,662
36027060301,4334,3543,791
36027060302,2658,2148,510
36027060400,2166,1795,371
36027070101,4382,3649,733
36027070102,3379,2776,603
36027070201,2979,2429,550
36027070301,6008,4859,1149
36027070401,4273,3718,555
36027080103,5116,3969,1147
36027080104,3678,2890,788
36027080201,4588,3656,932
36027080202,2593,2014,579
36027090000,2245,1871,374
36027100000,2971,2464,507
36027110003,3780,3005,775
36027110004,2237,1875,362
36027110005,1995,1638,357
36027120000,2218,1817,401
36027130003,5341,4352,989
36027130004,1737,1363,374
36027130005,2721,2132,589
36027140101,7043,6341,702
36027140201,2437,1902,535
36027140202,4835,3938,897
36027140301,3024,2434,590
36027140302,2876,2221,655
36027140400,5360,4172,1188
36027140500,2650,2224,426
36027140602,2872,2237,635
36027140700,6761,5340,1421
36027140801,2838,2226,612
36027150003,1782,1572,210
36027150004,3481,2752,729
36027150005,2715,2195,520
36027150006,1975,1639,336
36027160003,2429,2121,308
36027160004,2470,2101,369
36027160005,2697,2331,366
36027170000,3682,3082,600
36027180001,4558,3689,869
36027190101,3870,3087,783
36027190102,1865,1443,422
36027190203,2644,2114,530
36027190204,5404,4402,1002
36027190301,3609,3036,573
36027190401,2320,1808,512
36027190402,3328,2716,612
36027200001,3067,2484,583
36027200002,1455,1187,268
36027210101,5437,4419,1018
36027210201,4128,3373,755
36027210301,4158,3352,806
36027220101,4045,3234,811
36027220102,856,644,212
36027220201,3424,2643,781
36027220300,4938,3507,1431
36027220700,2576,2018,558
36027220801,3948,3271,677
36027220901,4272,3302,970
36027221001,3636,3169,467
36027221100,3882,2888,994
36027300000,6103,4873,1230
36027410000,3848,3342,506
36027610000,1821,1819,2
36027640001,767,767,0
36027640002,559,545,14
36029000110,2673,2067,606
36029000200,4450,3334,1116
36029000500,2112,1728,384
36029000600,4563,3692,871
36029000700,3551,2944,607
36029000800,4636,3657,979
36029000900,2349,1929,420
36029001000,6270,4738,1532
36029001100,3324,2585,739
36029001403,1781,1412,369
36029001404,1202,861,341
36029001500,1612,1225,387
36029001601,1616,1089,527
36029001602,1358,946,412
36029001700,1908,1439,469
36029001900,3189,2543,646
36029002300,3566,2639,927
36029002400,4647,3355,1292
36029002502,2048,1570,478
36029002703,1843,1244,599
36029002704,2335,1388,947
36029002801,1512,998,514
36029002802,1138,808,330
36029002900,2475,1757,718
36029003000,3092,2225,867
36029003100,2361,1773,588
36029003301,3800,2859,941
36029003302,3877,2863,1014
36029003400,3588,2470,1118
36029003501,1722,1149,573
36029003502,2272,1651,621
36029003600,2826,2000,826
36029003700,4909,3292,1617
36029003800,3181,2109,1072
36029003901,1126,874,252
36029004002,1495,1088,407
36029004003,3251,2338,913
36029004100,4813,3546,1267
36029004200,3689,2638,1051
36029004300,6373,4522,1851
36029004401,4475,3308,1167
36029004402,2900,1839,1061
36029004500,5529,4525,1004
36029004601,3394,2942,452
36029004701,2766,1904,862
36029004702,4752,3940,812
36029004800,3874,3242,632
36029004901,1418,1221,197
36029004902,4643,4011,632
36029005000,2538,2127,411
36029005100,4616,3883,733
36029005201,3104,2555,549
36029005202,2778,2299,479
36029005300,1184,1087,97
36029005400,3867,3204,663
36029005500,4363,3153,1210
36029005600,4682,3388,1294
36029005700,3516,2360,1156
36029005801,3641,2668,973
36029005802,5582,3827,1755
36029005900,4051,2916,1135
36029006100,5155,3662,1493
36029006301,4405,3745,660
36029006302,2693,2335,358
36029006501,2999,2545,454
36029006601,2498,2035,463
36029006602,2382,2192,190
36029006701,3412,3048,364
36029006702,3314,3146,168
36029006801,1063,938,125
36029006802,2835,2504,331
36029006901,4201,2952,1249
36029006903,1473,1158,315
36029006904,2440,2089,351
36029007000,3432,2595,837
36029007102,2482,1861,621
36029007103,1397,968,429
36029007104,2646,1917,729
36029007202,1564,1329,235
36029007303,7031,5676,1355
36029007304,6283,4886,1397
36029007305,2637,2150,487
36029007306,5438,4282,1156
36029007600,2873,2357,516
36029007700,4690,3855,835
36029007800,5303,4250,1053
36029007901,3025,2516,509
36029007902,5791,4860,931
36029007903,3348,2785,563
36029007904,3169,2659,510
36029007905,4488,3803,685
36029008001,5598,4412,1186
36029008002,5246,4355,891
36029008003,5159,4161,998
36029008101,5833,4931,902
36029008102,4493,3675,818
36029008201,2534,2104,430
36029008202,3871,3237,634
36029008300,2491,1834,657
36029008400,2385,1928,457
36029008500,2569,2091,478
36029008600,4713,3799,914
36029008700,4666,3738,928
36029008800,3257,2688,569
36029008900,4200,3476,724
36029009004,3486,2785,701
36029009007,7707,5830,1877
36029009008,5355,4561,794
36029009009,5905,4636,1269
36029009010,6221,4803,1418
36029009011,3127,2477,650
36029009012,4502,3539,963
36029009104,4165,3328,837
36029009106,3144,2513,631
36029009107,6150,4408,1742
36029009109,3282,2775,507
36029009110,6512,6469,43
36029009112,3295,2869,426
36029009113,6787,5240,1547
36029009114,4186,3281,905
36029009115,4478,4264,214
36029009116,5472,4702,770
36029009200,4570,3844,726
36029009301,5625,4384,1241
36029009302,2767,2236,531
36029009401,5763,4770,993
36029009402,4290,3458,832
36029009501,5199,4007,1192
36029009503,2559,2024,535
36029009504,4097,3394,703
36029009601,1441,1132,309
36029009602,5310,4622,688
36029009701,3056,2570,486
36029009702,4481,3636,845
36029009800,1712,1393,319
36029009900,3775,3023,752
36029010001,2934,2441,493
36029010002,4434,3872,562
36029010003,4084,3201,883
36029010101,4566,3777,789
36029010102,3903,2986,917
36029010103,3864,3181,683
36029010201,2727,2249,478
36029010202,4018,3371,647
36029010300,1356,1014,342
36029010400,2516,1829,687
36029010500,2435,1962,473
36029010600,2581,2169,412
36029010700,2749,2229,520
36029010803,1992,1689,303
36029010804,4113,3478,635
36029010805,5036,4195,841
36029010807,5490,4482,1008
36029010808,3928,3302,626
36029010809,3261,2676,585
36029010901,2336,1978,358
36029010902,4540,3996,544
36029011000,1824,1492,332
36029011100,2166,1770,396
36029011201,1441,1221,220
36029011202,5370,4487,883
36029011300,4624,3917,707
36029011400,2333,1831,502
36029011500,1487,1161,326
36029011600,2170,1853,317
36029011700,3988,3338,650
36029011800,3658,3049,609
36029012001,4677,3662,1015
36029012002,3755,3096,659
36029012003,5067,4040,1027
36029012300,3843,2842,1001
36029012400,2364,1835,529
36029012501,4931,3943,988
36029012502,1842,1550,292
36029012800,2539,2035,504
36029012902,4129,3600,529
36029012903,2938,2404,534
36029012904,4133,3366,767
36029013001,2996,2491,505
36029013002,6053,5098,955
36029013101,6415,5211,1204
36029013103,4541,3278,1263
36029013104,4486,3574,912
36029013201,6236,5049,1187
36029013202,5440,4350,1090
36029013300,3585,2824,761
36029013400,6594,5153,1441
36029013501,7309,5926,1383
36029013502,7120,5224,1896
36029013600,2942,2326,616
36029013701,6368,5230,1138
36029013702,5947,4834,1113
36029013801,2685,2189,496
36029013802,5384,4304,1080
36029013900,2180,1674,506
36029014000,3694,2976,718
36029014101,6404,5188,1216
36029014102,5317,4421,896
36029014204,4810,4096,714
36029014206,7957,5994,1963
36029014207,5404,4593,811
36029014208,7058,5512,1546
36029014209,3921,3150,771
36029014300,5763,4665,1098
36029014400,4264,3468,796
36029014501,3601,2912,689
36029014502,2328,1908,420
36029014601,5261,4264,997
36029014603,4753,3745,1008
36029014605,4041,3119,922
36029014606,4273,3237,1036
36029014701,5771,4477,1294
36029014703,4731,3546,1185
36029014704,4120,3510,610
36029014801,2604,2056,548
36029014804,3995,3276,719
36029014805,2090,1698,392
36029014901,2604,2076,528
36029014903,5992,4800,1192
36029015001,5189,4259,930
36029015002,3009,2390,619
36029015003,3281,2654,627
36029015101,3121,2607,514
36029015102,2716,2206,510
36029015201,3094,2513,581
36029015202,4854,3952,902
36029015301,4859,3858,1001
36029015302,2714,2222,492
36029015401,2472,2012,460
36029015402,4889,4065,824
36029015501,2046,1613,433
36029015503,2438,1993,445
36029015504,3463,2882,581
36029015600,1912,1564,348
36029015700,3504,2759,745
36029015800,4094,3324,770
36029015900,4222,3343,879
36029016200,2333,1914,419
36029016300,2567,1865,702
36029016400,3062,2467,595
36029016500,2354,2287,67
36029016600,2887,2022,865
36029016700,2641,2089,552
36029016801,2065,1515,550
36029016802,1713,1270,443
36029016900,3519,3089,430
36029017000,2988,2197,791
36029017100,5394,3951,1443
36029017200,2263,1872,391
36029017301,2973,2422,551
36029017302,3957,3260,697
36029017400,4636,3145,1491
36029017501,1453,1167,286
36029017502,2248,1813,435
36029940000,2135,1489,646
36029980000,1599,1586,13
36029980300,2193,2179,14
36029980400,1110,1110,0
36029980500,963,949,14
36031960100,2476,1989,487
36031960200,2486,2016,470
36031960300,2585,2118,467
36031960401,1120,970,150
36031960402,1215,989,226
36031960501,2473,2090,383
36031960502,2672,2299,373
36031960700,1914,1552,362
36031960800,1905,1596,309
36031960901,1519,1288,231
36031960902,2148,1809,339
36031961001,1512,1139,373
36031961002,3204,2585,619
36031961100,2042,1595,447
36031961201,1882,1602,280
36031961202,2907,2214,693
36031961300,1880,1571,309
36031961400,1441,1220,221
36033940000,3663,2629,1034
36033950200,4542,3429,1113
36033950301,5147,3862,1285
36033950501,3168,2442,726
36033950502,4551,4214,337
36033950601,1155,979,176
36033950701,1295,1099,196
36033950800,2324,2007,317
36033950900,3277,2674,603
36033951000,1977,1660,317
36033951100,3355,2717,638
36033951200,1792,1442,350
36033951300,1593,1191,402
36033951400,4763,3736,1027
36033952000,4953,3784,1169
36035970100,2472,2028,444
36035970200,2489,1981,508
36035970300,3657,2994,663
36035970400,1809,1557,252
36035970500,3966,3159,807
36035970601,3999,3402,597
36035970602,2868,2393,475
36035970700,3475,2587,888
36035970800,2947,2268,679
36035970900,3480,2787,693
36035971000,2517,2036,481
36035971100,2712,2043,669
36035971200,3634,2888,746
36035971300,4570,3690,880
36035971400,3584,2817,767
36035971501,2906,2242,664
36035971502,2239,1846,393
36037940100,241,182,59
36037950100,5422,4408,1014
36037950200,5309,4133,1176
36037950301,2706,2217,489
36037950302,3160,2545,615
36037950401,3367,2821,546
36037950402,2923,2412,511
36037950501,1856,1523,333
36037950502,1033,806,227
36037950600,1918,1533,385
36037950700,2438,1829,609
36037950800,3237,2526,711
36037950900,2386,2050,336
36037951000,2732,2237,495
36037951100,5378,4385,993
36037951200,4711,3737,974
36037951300,4070,3175,895
36037951400,5501,4315,1186
36039080100,3226,2645,581
36039080201,3741,2955,786
36039080202,2627,2181,446
36039080301,1708,1414,294
36039080302,1456,1182,274
36039080402,1898,1661,237
36039080403,1034,812,222
36039080404,2001,1581,420
36039080501,2675,2188,487
36039080502,3969,3204,765
36039080600,3305,2673,632
36039080700,2917,2339,578
36039080800,2160,2156,4
36039080900,3916,3283,633
36039081001,1759,1434,325
36039081002,2518,2073,445
36039081101,4049,3337,712
36039081102,2972,2507,465
36041950100,1146,1009,137
36041950300,1363,1185,178
36041950400,1317,1121,196
36041950500,1281,1126,155
36043010100,5939,4634,1305
36043010201,3258,2607,651
36043010202,3720,3021,699
36043010300,5631,4411,1220
36043010400,2638,1956,682
36043010501,2431,1936,495
36043010502,1596,1306,290
36043010701,2541,1949,592
36043010702,2064,1606,458
36043010900,3164,2437,727
36043011001,1927,1494,433
36043011002,2889,2248,641
36043011100,2198,1672,526
36043011200,5799,4751,1048
36043011301,1569,1298,271
36043011302,3296,2731,565
36043011400,4355,3403,952
36043011502,2211,1925,286
36043011503,1684,1340,344
36043011504,1229,997,232
36045060101,2030,1583,447
36045060102,1974,1641,333
36045060201,1773,1551,222
36045060202,2360,2094,266
36045060203,2419,1803,616
36045060301,1633,1347,286
36045060302,2351,1904,447
36045060401,3896,3079,817
36045060402,2382,1985,397
36045060500,5514,4165,1349
36045060601,3411,2452,959
36045060602,3858,2988,870
36045060700,4204,3169,1035
36045060803,9418,6844,2574
36045060805,4343,3053,1290
36045060806,3359,2506,853
36045060901,3067,2265,802
36045060902,2656,2018,638
36045061000,3707,2873,834
36045061101,2427,1829,598
36045061102,2892,2268,624
36045061200,3092,2063,1029
36045061300,3101,2238,863
36045061400,3146,2563,583
36045061500,4053,3242,811
36045061600,5175,4056,1119
36045061700,2117,1710,407
36045061801,3531,2794,737
36045061802,3406,2579,827
36045061900,3560,2879,681
36045062100,3818,3109,709
36045062200,3915,2994,921
36045062400,4630,3730,900
36045062500,3305,2471,834
36045980000,198,193,5
36047000100,4616,3872,744
36047000200,1205,919,286
36047000301,3850,3193,657
36047000501,4404,3891,513
36047000502,2640,2334,306
36047000700,4415,3562,853
36047000900,5167,4390,777
36047001100,1578,1422,156
36047001300,2465,2217,248
36047001501,5161,4263,898
36047001502,5801,5208,593
36047001801,2563,2563,0
36047002000,1694,1289,405
36047002100,5975,4734,1241
36047002200,4589,3611,978
36047002300,3940,3051,889
36047002901,3149,2452,697
36047003000,1811,1462,349
36047003101,3395,3065,330
36047003300,4807,4108,699
36047003400,3489,2757,732
36047003500,2402,2092,310
36047003600,3959,3297,662
36047003700,4565,4037,528
36047003800,1529,1245,284
36047003900,2644,2262,382
36047004100,3398,2898,500
36047004300,3810,3165,645
36047004400,2448,1969,479
36047004500,3476,2884,592
36047004600,1154,915,239
36047004700,1951,1469,482
36047004900,2412,1930,482
36047005000,2535,2062,473
36047005100,2658,1979,679
36047005201,1879,1647,232
36047005202,2668,2269,399
36047005301,2164,1721,443
36047005302,86,74,12
36047005400,3426,2896,530
36047005601,2692,2310,382
36047005602,1734,1478,256
36047005800,3450,2828,622
36047005900,1742,1456,286
36047006000,2876,2297,579
36047006200,2958,2401,557
36047006300,2007,1528,479
36047006400,3623,2944,679
36047006500,5461,4304,1157
36047006600,3974,3203,771
36047006700,3618,2716,902
36047006800,5491,4157,1334
36047006901,1631,1358,273
36047006902,1962,1579,383
36047007000,2454,2025,429
36047007100,4362,3368,994
36047007200,2082,1567,515
36047007400,5829,4282,1547
36047007500,4691,3762,929
36047007600,4872,3763,1109
36047007700,5690,4553,1137
36047007800,5333,4111,1222
36047008000,4024,3161,863
36047008200,4008,3165,843
36047008400,3311,2589,722
36047008500,6673,4958,1715
36047008800,3258,2567,691
36047009001,1886,1385,501
36047009002,1391,1027,364
36047009201,2087,1600,487
36047009202,3424,2592,832
36047009401,3127,2317,810
36047009402,3168,2275,893
36047009600,6462,4930,1532
36047009800,7440,5449,1991
36047010000,7741,5774,1967
36047010100,4590,3614,976
36047010200,6578,4824,1754
36047010401,3015,2258,757
36047010402,2965,2207,758
36047010601,3037,2305,732
36047010602,2820,2171,649
36047010801,2876,2112,764
36047010802,2840,2188,652
36047011000,2709,1885,824
36047011200,6636,4557,2079
36047011400,4150,2944,1206
36047011600,5529,4019,1510
36047011700,2672,2251,421
36047011800,2578,1984,594
36047011901,1589,1352,237
36047012000,1176,880,296
36047012100,1916,1621,295
36047012200,5521,4189,1332
36047012600,3085,2363,722
36047012700,4036,3344,692
36047012801,2567,1970,597
36047012901,2333,1990,343
36047012902,3318,2820,498
36047013000,5347,4120,1227
36047013100,3979,3324,655
36047013200,2870,2158,712
36047013300,4411,3492,919
36047013400,4212,3307,905
36047013500,3799,2918,881
36047013600,4079,3260,819
36047013700,3406,2784,622
36047013800,3247,2703,544
36047013900,3727,3108,619
36047014000,2136,1714,422
36047014101,1621,1233,388
36047014102,1858,1509,349
36047014200,3434,2793,641
36047014300,3705,3059,646
36047014500,4404,3701,703
36047014700,2242,1748,494
36047014800,1244,1022,222
36047014901,1529,1228,301
36047014902,3601,2919,682
36047015000,1791,1405,386
36047015100,3696,2878,818
36047015200,2545,2071,474
36047015300,2633,2058,575
36047015500,3466,2656,810
36047015700,4447,3553,894
36047015900,5206,4362,844
36047016000,4462,3511,951
36047016100,3450,2869,581
36047016200,2218,1861,357
36047016300,4088,3349,739
36047016400,775,502,273
36047016500,5080,3967,1113
36047016600,1968,1573,395
36047016700,4754,3690,1064
36047016800,1695,1357,338
36047016900,4459,3616,843
36047017000,3604,2845,759
36047017100,3717,2885,832
36047017200,3300,2604,696
36047017400,1950,1532,418
36047017600,2418,1936,482
36047017800,2959,2330,629
36047017900,3895,3285,610
36047018000,3125,2421,704
36047018100,4204,3609,595
36047018200,3745,2916,829
36047018300,2784,2257,527
36047018400,2460,2013,447
36047018501,4461,3333,1128
36047018600,2364,1907,457
36047018700,1336,1109,227
36047018800,2955,2400,555
36047019000,4853,3784,1069
36047019100,3427,2827,600
36047019200,3541,2320,1221
36047019300,6279,5605,674
36047019400,3570,2808,762
36047019500,3684,3167,517
36047019600,4691,3674,1017
36047019700,3585,2990,595
36047019800,2061,1622,439
36047019900,3978,3448,530
36047020000,2442,1859,583
36047020100,3862,3256,606
36047020200,2147,1682,465
36047020300,2132,1756,376
36047020400,2040,1581,459
36047020500,3405,2805,600
36047020600,2505,1972,533
36047020700,4871,4063,808
36047020800,3782,2911,871
36047021000,4488,3485,1003
36047021100,2505,2061,444
36047021200,5278,4098,1180
36047021300,3880,3363,517
36047021400,2502,1638,864
36047021500,5569,4763,806
36047021600,4280,2477,1803
36047021700,4351,3657,694
36047021800,4191,2416,1775
36047021900,4225,3751,474
36047022000,5660,3144,2516
36047022100,3897,3474,423
36047022200,5633,3120,2513
36047022400,6117,3415,2702
36047022600,2664,1645,1019
36047022700,4515,3838,677
36047022800,3638,2247,1391
36047022900,3923,3346,577
36047023000,4442,2512,1930
36047023100,3832,3305,527
36047023200,6382,3462,2920
36047023300,5961,4511,1450
36047023400,5923,3181,2742
36047023500,5921,3532,2389
36047023600,6548,3536,3012
36047023800,5414,3007,2407
36047024000,5165,2946,2219
36047024100,3175,2482,693
36047024200,3289,1896,1393
36047024300,4347,3760,587
36047024400,3651,2184,1467
36047024500,4257,3621,636
36047024600,3436,2407,1029
36047024700,2820,2329,491
36047024800,2647,2013,634
36047024900,4264,3615,649
36047025000,1748,1421,327
36047025100,4209,3445,764
36047025200,5300,4224,1076
36047025300,3517,2915,602
36047025400,3650,2867,783
36047025500,4799,3648,1151
36047025600,3366,2672,694
36047025700,2822,2007,815
36047025800,5073,3924,1149
36047025901,2328,1813,515
36047025902,3560,2526,1034
36047026000,3656,2959,697
36047026100,6479,5420,1059
36047026200,2726,2159,567
36047026300,2088,1740,348
36047026400,5103,3925,1178
36047026500,4385,3614,771
36047026600,3961,3178,783
36047026700,4228,3732,496
36047026800,4686,3663,1023
36047026900,3005,2585,420
36047027000,2719,2159,560
36047027100,3493,2834,659
36047027200,3633,2772,861
36047027300,3131,2637,494
36047027400,3272,2547,725
36047027500,4071,3488,583
36047027600,3886,2993,893
36047027700,4351,3378,973
36047027800,3542,2763,779
36047027900,3674,3077,597
36047028000,1862,1493,369
36047028100,4800,3910,890
36047028200,3282,2582,700
36047028300,3933,3086,847
36047028400,4396,3423,973
36047028501,636,572,64
36047028502,2658,2073,585
36047028600,6094,4381,1713
36047028700,3103,2577,526
36047028800,3900,3114,786
36047028900,3933,3227,706
36047029000,4377,3353,1024
36047029100,3042,2609,433
36047029200,2781,2208,573
36047029300,3402,2799,603
36047029400,2298,1942,356
36047029500,3851,3334,517
36047029600,5993,4744,1249
36047029700,3921,3182,739
36047029800,3955,3098,857
36047029900,2496,1972,524
36047030000,4224,3331,893
36047030100,2970,2420,550
36047030200,4391,3504,887
36047030300,4952,3718,1234
36047030400,4686,3699,987
36047030500,7249,6261,988
36047030600,2215,1764,451
36047030700,5625,4266,1359
36047030800,2314,1906,408
36047030900,2209,1685,524
36047031100,3191,2703,488
36047031300,5109,4414,695
36047031401,5142,4243,899
36047031500,5613,4934,679
36047031701,3999,3480,519
36047031702,3714,3228,486
36047031900,3452,2706,746
36047032100,5488,4485,1003
36047032300,3509,3014,495
36047032500,6218,5131,1087
36047032600,7075,5253,1822
36047032700,3074,2667,407
36047032800,3090,2452,638
36047032900,5707,4538,1169
36047033000,4423,3259,1164
36047033100,4217,3032,1185
36047033300,4503,3109,1394
36047033500,3231,2407,824
36047033600,4765,3809,956
36047033701,2510,1909,601
36047033702,2116,1518,598
36047033900,4676,3794,882
36047034000,1958,1659,299
36047034100,2685,2366,319
36047034200,7060,5512,1548
36047034300,5024,3831,1193
36047034500,2738,2243,495
36047034700,3645,2903,742
36047034800,2828,2028,800
36047034901,2067,1594,473
36047034902,3347,2750,597
36047035000,3082,2791,291
36047035101,2243,1800,443
36047035102,2626,1958,668
36047035200,1367,1268,99
36047035301,2566,2148,418
36047035302,2811,2126,685
36047035400,5493,4815,678
36047035500,5192,4053,1139
36047035601,2902,2602,300
36047035602,5474,4796,678
36047035701,2322,1794,528
36047035900,5617,4293,1324
36047036001,3387,2978,409
36047036002,4203,3723,480
36047036100,2964,2305,659
36047036200,4140,3219,921
36047036300,5385,3932,1453
36047036400,3006,2344,662
36047036501,2959,2394,565
36047036502,1902,1512,390
36047036600,4681,3668,1013
36047036700,1796,1382,414
36047036900,6136,4916,1220
36047037000,4750,3841,909
36047037100,4503,3673,830
36047037300,4385,3593,792
36047037401,4696,3710,986
36047037402,5367,4389,978
36047037500,3809,3276,533
36047037700,3970,3397,573
36047037900,3851,3177,674
36047038100,5313,4229,1084
36047038200,5882,4589,1293
36047038300,4338,3639,699
36047038500,3969,3369,600
36047038600,3812,2985,827
36047038700,4908,4148,760
36047038800,4047,2993,1054
36047038900,3570,3070,500
36047039000,2321,1626,695
36047039100,5776,5082,694
36047039200,2908,2150,758
36047039300,4141,3600,541
36047039400,2187,1550,637
36047039500,4030,3493,537
36047039600,1948,1447,501
36047039700,3868,3328,540
36047039800,2841,2228,613
36047039900,4378,3653,725
36047040000,3281,2558,723
36047040100,3778,3110,668
36047040200,3025,2449,576
36047040300,3892,3267,625
36047040400,2812,2303,509
36047040500,1829,1468,361
36047040600,3599,2865,734
36047040800,3933,3170,763
36047040900,3800,3080,720
36047041000,2136,1689,447
36047041100,3332,2771,561
36047041200,3375,2591,784
36047041300,3951,3197,754
36047041401,1480,1043,437
36047041402,1855,1393,462
36047041500,4032,3292,740
36047041600,2112,1484,628
36047041700,3348,2711,637
36047041800,2645,1911,734
36047041900,3880,3140,740
36047042000,1912,1283,629
36047042100,4866,4073,793
36047042200,3663,2608,1055
36047042300,4566,3913,653
36047042400,4175,3258,917
36047042500,3026,2577,449
36047042600,4350,3487,863
36047042700,4920,4167,753
36047042800,4290,3483,807
36047042900,5556,4517,1039
36047043000,3842,3007,835
36047043100,4884,4038,846
36047043200,4514,3572,942
36047043300,3843,3138,705
36047043400,3866,3079,787
36047043500,4709,3795,914
36047043600,4694,3661,1033
36047043700,5282,4380,902
36047043800,2905,2077,828
36047043900,4097,3359,738
36047044000,2878,1984,894
36047044100,5526,4495,1031
36047044200,2631,1801,830
36047044300,5195,4290,905
36047044400,3260,2294,966
36047044500,4207,3461,746
36047044600,2026,1592,434
36047044700,2459,1931,528
36047044800,1965,1450,515
36047044901,2694,2097,597
36047045000,645,402,243
36047045200,2618,1765,853
36047045300,1886,1686,200
36047045400,2036,1370,666
36047045600,2767,2050,717
36047045800,1558,1123,435
36047046000,3828,2875,953
36047046201,2700,1984,716
36047046202,1891,1214,677
36047046400,2732,1537,1195
36047046800,2138,1107,1031
36047047000,2823,1638,1185
36047047200,3099,1738,1361
36047047400,3232,1843,1389
36047047600,4054,2280,1774
36047047700,4226,3821,405
36047047800,5308,3235,2073
36047048000,3824,2463,1361
36047048100,3105,2838,267
36047048200,6122,4605,1517
36047048400,5922,4038,1884
36047048500,2470,2249,221
36047048600,3597,2608,989
36047048800,4536,3343,1193
36047048900,3757,2831,926
36047049000,6036,4531,1505
36047049100,6366,5390,976
36047049200,3366,2590,776
36047049301,1897,1510,387
36047049302,5476,4675,801
36047049400,5527,4445,1082
36047049500,3114,2798,316
36047049600,4646,3561,1085
36047049700,3141,2804,337
36047049800,4517,3528,989
36047049900,2147,1887,260
36047050001,2062,1615,447
36047050002,1607,1248,359
36047050100,2951,2677,274
36047050202,2312,1825,487
36047050300,2759,2508,251
36047050401,2997,2359,638
36047050402,2004,1641,363
36047050500,4567,3969,598
36047050600,5612,4514,1098
36047050700,3545,1730,1815
36047050801,4311,3466,845
36047050803,2548,2164,384
36047050804,6196,5192,1004
36047050900,5112,2466,2646
36047051001,3740,3125,615
36047051002,4600,3825,775
36047051100,4545,4002,543
36047051200,5946,4894,1052
36047051300,5526,5033,493
36047051400,7023,5841,1182
36047051500,2451,2163,288
36047051601,5407,4225,1182
36047051602,3874,3143,731
36047051700,2636,2385,251
36047051800,3528,2882,646
36047051900,6101,5559,542
36047052000,4175,3286,889
36047052300,5405,4752,653
36047052500,3720,2591,1129
36047052600,4353,3477,876
36047052700,6045,5156,889
36047052800,1804,1424,380
36047052900,4299,2432,1867
36047053000,3606,2656,950
36047053101,2997,1399,1598
36047053102,5890,2462,3428
36047053200,2510,1958,552
36047053300,7115,3718,3397
36047053400,4777,3305,1472
36047053500,4469,2566,1903
36047053700,4304,2090,2214
36047053800,5535,4248,1287
36047053900,2668,1678,990
36047054200,4750,3499,1251
36047054400,3785,2781,1004
36047054500,7304,4631,2673
36047054600,5409,4154,1255
36047054700,7855,5092,2763
36047054800,2189,1601,588
36047054900,4748,3654,1094
36047055000,3956,3042,914
36047055100,6343,5600,743
36047055200,3735,3014,721
36047055300,3078,2764,314
36047055400,4813,3663,1150
36047055500,8688,7457,1231
36047055600,3880,2860,1020
36047055700,1848,1667,181
36047055800,2736,2050,686
36047056000,3882,3013,869
36047056100,3460,3097,363
36047056200,1695,1186,509
36047056301,4923,4438,485
36047056302,2002,1502,500
36047056400,2626,2074,552
36047056500,3738,3331,407
36047056600,2548,2059,489
36047056800,1310,1093,217
36047056900,1624,1465,159
36047057000,3534,3035,499
36047057100,4267,3846,421
36047057200,5221,3889,1332
36047057300,2590,2332,258
36047057400,2560,2086,474
36047057500,4902,4433,469
36047057600,2912,2340,572
36047057800,3332,2643,689
36047057901,1416,1282,134
36047058000,3502,2727,775
36047058200,3044,2256,788
36047058400,3797,2995,802
36047058600,2655,2128,527
36047058800,3532,2896,636
36047058901,1781,1539,242
36047059000,2014,1554,460
36047059100,3856,3352,504
36047059200,4268,3468,800
36047059300,2274,1958,316
36047059402,5105,4224,881
36047059403,3779,3065,714
36047059404,4426,3539,887
36047059600,2569,2166,403
36047059800,3617,2803,814
36047060000,6844,5589,1255
36047060600,3178,2650,528
36047060800,4015,3321,694
36047061002,5064,4314,750
36047061003,2418,1810,608
36047061004,6669,5544,1125
36047061200,1063,854,209
36047061600,1854,1545,309
36047062000,1767,1399,368
36047062200,3325,2737,588
36047062600,3152,2484,668
36047062800,5222,4173,1049
36047063200,1476,1267,209
36047063600,1317,1044,273
36047063800,1617,1306,311
36047064000,1620,1147,473
36047064200,2865,2230,635
36047064400,2702,1866,836
36047064600,2226,1521,705
36047064800,1993,1449,544
36047065000,1439,1163,276
36047065200,1197,932,265
36047065400,1681,1202,479
36047065600,1795,1363,432
36047065800,1844,1445,399
36047066000,1762,1385,377
36047066200,1497,1194,303
36047067000,2876,2275,601
36047067200,1435,1178,257
36047067400,1992,1591,401
36047067600,1622,1335,287
36047067800,2874,2279,595
36047068000,1887,1496,391
36047068200,2489,1999,490
36047068600,1749,1433,316
36047068800,1706,1437,269
36047069000,1880,1529,351
36047069200,2512,2060,452
36047069601,3932,3141,791
36047069602,6275,4953,1322
36047069800,1417,1147,270
36047070000,1650,1322,328
36047070201,6719,5198,1521
36047070601,2703,2104,599
36047072000,2205,1751,454
36047072200,2893,2376,517
36047072400,1911,1585,326
36047072600,2582,2012,570
36047072800,3645,3034,611
36047073000,2170,1782,388
36047073200,2173,1813,360
36047073400,1818,1497,321
36047073600,3473,2706,767
36047073800,3290,2493,797
36047074000,3446,2662,784
36047074200,3023,2240,783
36047074400,2481,1563,918
36047074600,2100,1521,579
36047074800,1936,1397,539
36047075000,2928,2069,859
36047075200,1042,732,310
36047075400,1402,971,431
36047075600,1934,1450,484
36047075800,2005,1549,456
36047076000,2832,2161,671
36047076200,4391,3419,972
36047076400,3783,3056,727
36047076600,1990,1640,350
36047076800,4049,2955,1094
36047077000,2776,2250,526
36047077200,3070,2403,667
36047077400,3029,2322,707
36047077600,3784,3134,650
36047078000,2197,1877,320
36047078200,4081,3284,797
36047078400,2441,2037,404
36047078601,2374,1895,479
36047078602,2073,1745,328
36047078801,2040,1629,411
36047078802,1328,1059,269
36047079001,1347,1101,246
36047079002,3769,3054,715
36047079201,1743,1395,348
36047079202,3171,2166,1005
36047079400,2742,1932,810
36047079601,4125,3528,597
36047079602,4489,3788,701
36047079801,2957,2536,421
36047079802,5647,4845,802
36047080000,3562,3033,529
36047080200,4521,3784,737
36047080400,3327,2803,524
36047080600,3781,2705,1076
36047080800,1940,1700,240
36047081000,2907,2355,552
36047081400,3121,2496,625
36047081600,2580,2088,492
36047081800,4830,4075,755
36047082000,5495,4567,928
36047082200,7201,6093,1108
36047082400,4963,4014,949
36047082600,5165,4212,953
36047082800,4206,3396,810
36047083000,6167,4854,1313
36047083200,2362,1887,475
36047083400,1733,1425,308
36047083600,2160,1774,386
36047083800,2226,1850,376
36047084000,2324,1889,435
36047084600,1986,1564,422
36047084800,1728,1424,304
36047085000,1509,1235,274
36047085400,1962,1646,316
36047085600,3568,2875,693
36047085800,2474,2012,462
36047086000,3809,3023,786
36047086200,3427,2688,739
36047086400,2499,2026,473
36047086600,3385,2744,641
36047086800,3413,2728,685
36047087000,3570,2892,678
36047087200,3128,2487,641
36047087401,3740,2820,920
36047087600,2098,1621,477
36047087800,2730,2272,458
36047088001,2127,1815,312
36047088002,1374,1059,315
36047088200,6804,5262,1542
36047088400,5513,4364,1149
36047088600,4547,3569,978
36047088800,4001,3155,846
36047089000,6683,5420,1263
36047089200,3673,2921,752
36047089400,3834,2842,992
36047089600,4081,3161,920
36047089800,2329,1738,591
36047090000,5434,4067,1367
36047090200,3817,2617,1200
36047090600,4534,3137,1397
36047090800,5893,3652,2241
36047091000,5814,4354,1460
36047091200,6572,4675,1897
36047091600,5309,3929,1380
36047091800,2703,2072,631
36047092000,3491,2611,880
36047092200,3031,2460,571
36047092400,3628,2580,1048
36047092800,2861,2294,567
36047093000,2567,2125,442
36047093200,1277,1062,215
36047093400,2466,2067,399
36047093600,1854,1497,357
36047093800,2662,2145,517
36047094401,3447,2837,610
36047094402,2810,2160,650
36047094600,2079,1718,361
36047095000,3170,2541,629
36047095400,5156,4157,999
36047095600,4391,3503,888
36047095800,3770,3031,739
36047096200,1701,1366,335
36047096400,2621,1982,639
36047096600,2353,1861,492
36047096800,1555,1209,346
36047097000,2357,1862,495
36047097400,2911,2458,453
36047098200,4076,3047,1029
36047098400,2074,1664,410
36047098600,2814,2257,557
36047098800,3083,2556,527
36047099000,1652,1291,361
36047099200,2056,1645,411
36047099400,2116,1649,467
36047099600,4052,3196,856
36047099800,4234,3466,768
36047100400,2901,2337,564
36047100600,2662,2149,513
36047100800,2189,1725,464
36047101000,2605,2034,571
36047101200,2115,1678,437
36047101400,2268,1796,472
36047101600,1551,1287,264
36047101800,2030,1700,330
36047102000,2186,1760,426
36047102200,2313,1819,494
36047102400,2257,1787,470
36047102600,2973,2365,608
36047102801,1754,1420,334
36047103401,3980,2883,1097
36047105801,7013,5811,1202
36047105804,6482,5390,1092
36047107001,3543,2479,1064
36047107800,4112,3502,610
36047109800,2290,1696,594
36047110400,5068,3900,1168
36047110600,4558,3287,1271
36047111000,3037,2313,724
36047111600,3434,2636,798
36047111800,3507,2566,941
36047112000,3480,2647,833
36047112200,3514,2655,859
36047112400,4288,3209,1079
36047112600,4368,3290,1078
36047112800,4461,3422,1039
36047113000,4460,3368,1092
36047113200,2427,1903,524
36047113400,2658,1909,749
36047114201,1880,1476,404
36047114202,2670,2112,558
36047114400,2414,1814,600
36047114600,3134,2412,722
36047115000,3123,2340,783
36047115200,3496,2528,968
36047115600,4452,3239,1213
36047115800,3260,2489,771
36047116000,2630,1976,654
36047116200,2374,1862,512
36047116400,3275,2519,756
36047116600,3484,2498,986
36047116800,2273,1733,540
36047117000,1974,1515,459
36047117201,2602,1962,640
36047117202,4266,3271,995
36047117400,4331,3344,987
36047117601,2760,2100,660
36047117602,3492,2620,872
36047117800,1820,1417,403
36047118201,3345,2513,832
36047118202,3275,2453,822
36047118400,5434,4081,1353
36047118600,3147,2410,737
36047118800,5156,3872,1284
36047119000,2217,1644,573
36047119200,3636,2732,904
36047119400,4320,3223,1097
36047119600,6458,4831,1627
36047119800,3696,2857,839
36047120000,2873,2180,693
36047120200,1972,1519,453
36047120801,3999,3139,860
36047120802,3770,2814,956
36047120803,2010,1572,438
36047121000,3688,2683,1005
36047121400,4100,2900,1200
36047122000,6169,4548,1621
36047123700,8586,3724,4862
36047150200,2616,1946,670
36047152200,3287,2664,623
36049950101,2580,1981,599
36049950200,4506,3457,1049
36049950301,3429,2688,741
36049950302,4100,3042,1058
36049950401,2536,1944,592
36049950500,2358,1789,569
36049950601,1245,971,274
36049950700,4952,3784,1168
36049950800,876,766,110
36051030100,4154,3307,847
36051030201,4613,3711,902
36051030203,2458,2018,440
36051030204,3540,2847,693
36051030300,3399,2686,713
36051030400,3536,2861,675
36051030500,2809,2798,11
36051030600,4154,3270,884
36051030701,2673,2104,569
36051030702,4824,3874,950
36051030800,5060,4036,1024
36051030900,2898,2244,654
36051031000,875,862,13
36051031101,2009,1615,394
36051031102,2597,2113,484
36051031200,3451,2793,658
36051031300,4351,3514,837
36051031400,4433,3456,977
36053030101,2340,1786,554
36053030102,4674,3784,890
36053030103,3315,2697,618
36053030200,3405,2732,673
36053030300,5363,4142,1221
36053030401,4931,3777,1154
36053030402,3103,2521,582
36053030403,3736,3027,709
36053030404,3024,2550,474
36053030501,3112,2639,473
36053030502,3628,2887,741
36053030601,3099,2403,696
36053030602,3470,2765,705
36053030701,4284,3625,659
36053030702,1890,1524,366
36053030800,3250,2564,686
36053030900,4269,3949,320
36053031000,4876,3823,1053
36053031100,2247,1668,579
36055000200,2621,1884,737
36055000700,1953,1388,565
36055001000,3354,3201,153
36055001300,1957,1178,779
36055001600,2747,1964,783
36055001800,5420,4141,1279
36055001900,2699,1942,757
36055002000,4658,3374,1284
36055002100,3693,2595,1098
36055002200,3044,2046,998
36055002300,4366,3021,1345
36055002400,3637,2524,1113
36055002700,1477,1008,469
36055002900,3691,3537,154
36055003000,2089,1873,216
36055003101,2588,2405,183
36055003102,1908,1792,116
36055003200,2043,1809,234
36055003300,1709,1568,141
36055003400,2304,2040,264
36055003500,1507,1296,211
36055003600,2642,2289,353
36055003700,2935,2569,366
36055003806,5321,4718,603
36055003807,4302,4183,119
36055003900,1861,1267,594
36055004000,1446,984,462
36055004100,1731,1104,627
36055004602,2501,1955,546
36055004701,3081,2499,582
36055004702,2086,1634,452
36055004800,2293,1595,698
36055004900,1732,1189,543
36055005000,1857,1281,576
36055005100,1373,944,429
36055005200,1468,985,483
36055005400,3655,2645,1010
36055005500,1914,1280,634
36055005600,2339,1584,755
36055005700,1920,1273,647
36055005800,3885,2722,1163
36055005900,1625,1142,483
36055006000,3216,2703,513
36055006100,2317,1984,333
36055006200,3098,2346,752
36055006300,3076,2238,838
36055006400,2510,1723,787
36055006500,1608,1069,539
36055006600,1931,1357,574
36055006700,2875,2102,773
36055006800,2730,2117,613
36055006900,2555,2046,509
36055007000,3303,2723,580
36055007100,2986,2308,678
36055007500,2963,2184,779
36055007600,2824,2416,408
36055007700,2740,2312,428
36055007801,2465,2302,163
36055007802,1520,1302,218
36055007900,1838,1236,602
36055008000,2274,1534,740
36055008100,4368,3256,1112
36055008200,3100,2284,816
36055008301,3834,2928,906
36055008400,2789,1935,854
36055008500,3602,3136,466
36055008600,4531,3701,830
36055008702,1500,1129,371
36055008801,6004,4594,1410
36055009200,1322,948,374
36055009301,2554,1862,692
36055009302,1693,1603,90
36055009401,2260,2162,98
36055009402,2092,1961,131
36055009403,653,648,5
36055009404,633,587,46
36055009500,3046,2548,498
36055009601,1791,1312,479
36055009602,1618,1048,570
36055009605,3445,2391,1054
36055010100,3555,2900,655
36055010200,3884,3030,854
36055010300,3737,2880,857
36055010400,5268,4047,1221
36055010500,4477,3544,933
36055010601,2697,2228,469
36055010602,3964,3142,822
36055010700,3359,2834,525
36055010800,2902,2435,467
36055010901,5032,3945,1087
36055010902,3253,2723,530
36055011000,5065,4277,788
36055011100,4034,3379,655
36055011201,3528,2943,585
36055011203,2068,1648,420
36055011205,5775,4544,1231
36055011207,5319,4193,1126
36055011209,4127,3498,629
36055011210,1206,1106,100
36055011302,5755,4624,1131
36055011303,3007,2366,641
36055011304,4963,3832,1131
36055011401,3419,2422,997
36055011402,3550,2813,737
36055011403,2610,2232,378
36055011503,5892,4669,1223
36055011504,7331,5357,1974
36055011505,6414,4919,1495
36055011506,3971,3070,901
36055011507,3969,3203,766
36055011601,5742,4594,1148
36055011603,1230,1083,147
36055011604,2650,2246,404
36055011605,2239,1778,461
36055011705,2615,2103,512
36055011707,7072,5480,1592
36055011708,3724,2986,738
36055011709,2853,2126,727
36055011710,5967,4813,1154
36055011711,2046,1666,380
36055011712,5482,4396,1086
36055011800,5345,4377,968
36055011901,6319,5089,1230
36055011903,1969,1586,383
36055011904,4085,3343,742
36055012000,2611,2096,515
36055012100,3725,3023,702
36055012201,5944,5262,682
36055012202,3630,3029,601
36055012301,5998,4608,1390
36055012304,4436,3325,1111
36055012305,4502,3228,1274
36055012307,2726,1778,948
36055012308,3381,2659,722
36055012401,3003,2385,618
36055012402,6092,4708,1384
36055012500,4316,3544,772
36055012600,5126,4141,985
36055012700,3913,2872,1041
36055012800,4577,3672,905
36055012900,5460,4436,1024
36055013003,1675,1232,443
36055013004,5052,4082,970
36055013005,4621,4258,363
36055013006,2397,2034,363
36055013101,6633,5699,934
36055013103,7916,7602,314
36055013104,5405,4579,826
36055013203,5504,4307,1197
36055013205,5713,4779,934
36055013206,7467,5654,1813
36055013207,5980,4825,1155
36055013208,2478,2077,401
36055013300,3490,2877,613
36055013401,3906,3226,680
36055013402,3415,2841,574
36055013503,5501,4394,1107
36055013505,3777,3103,674
36055013507,5667,4588,1079
36055013508,4361,3336,1025
36055013509,2657,2277,380
36055013510,3600,2979,621
36055013511,2455,1808,647
36055013601,4895,3762,1133
36055013603,5619,4627,992
36055013604,5742,4335,1407
36055013701,2274,1762,512
36055013702,3594,2900,694
36055013800,5787,4385,1402
36055013901,3912,3140,772
36055013902,4207,3329,878
36055014001,5039,4146,893
36055014003,4641,3841,800
36055014004,3990,3243,747
36055014102,3729,3018,711
36055014103,4336,3508,828
36055014104,3822,3126,696
36055014202,7473,6147,1326
36055014204,2565,2026,539
36055014205,3012,2436,576
36055014206,3519,2976,543
36055014301,2927,2390,537
36055014302,4956,4029,927
36055014400,4715,3871,844
36055014501,4550,3703,847
36055014503,3300,2676,624
36055014504,5401,4422,979
36055014505,5309,4240,1069
36055014601,5580,4198,1382
36055014602,4983,4005,978
36055014700,4897,3904,993
36055014802,5281,4265,1016
36055014803,3797,2873,924
36055014805,3464,2665,799
36055014806,3675,2747,928
36055014901,5614,4402,1212
36055014903,5099,3998,1101
36055014905,5640,4530,1110
36055014906,3917,3105,812
36055015000,5586,4589,997
36055015101,4651,3707,944
36055015102,4074,3167,907
36055015200,6904,5443,1461
36055015301,2143,2096,47
36055015303,3154,2542,612
36055015304,3933,3329,604
36055015400,4014,3230,784
36057070200,2242,1802,440
36057070300,2060,1421,639
36057070400,1996,1527,469
36057070500,2703,2151,552
36057070600,2011,1519,492
36057070700,2625,2011,614
36057070800,2959,2119,840
36057070900,1623,1213,410
36057072100,5557,4742,815
36057072200,3572,2828,744
36057072300,3189,2385,804
36057072400,2598,2002,596
36057072500,4166,3068,1098
36057072600,3660,2802,858
36057072700,4549,3424,1125
36057072800,4022,3234,788
36059300100,5619,4381,1238
36059300300,4680,3458,1222
36059300400,6465,4684,1781
36059300500,5847,4317,1530
36059300600,6740,5129,1611
36059300700,6604,5505,1099
36059300800,4358,3479,879
36059300901,2828,2125,703
36059300902,5464,4710,754
36059301000,5706,4449,1257
36059301101,6956,5319,1637
36059301102,4582,3547,1035
36059301200,6191,4728,1463
36059301300,4944,3808,1136
36059301400,2193,1544,649
36059301500,3250,2385,865
36059301600,4794,3556,1238
36059301700,2809,1960,849
36059301800,5076,4036,1040
36059301900,3100,2271,829
36059302000,5330,4308,1022
36059302101,4431,3251,1180
36059302102,3534,2585,949
36059302200,3882,2920,962
36059302300,5044,3973,1071
36059302400,5220,4201,1019
36059302501,2865,2154,711
36059302502,2766,2227,539
36059302600,2519,1984,535
36059302700,4593,3654,939
36059302800,6607,5303,1304
36059302900,4457,3601,856
36059303000,6038,4727,1311
36059303101,3649,2842,807
36059303102,4398,3501,897
36059303203,3502,2766,736
36059303204,4483,3630,853
36059303301,3343,2611,732
36059303302,4248,3441,807
36059303400,2645,1958,687
36059303500,5410,4300,1110
36059303600,8658,7273,1385
36059303700,6743,5582,1161
36059303800,5005,4043,962
36059303900,4008,3287,721
36059304001,2621,2057,564
36059304002,4729,3925,804
36059304100,4576,3570,1006
36059304202,3593,2776,817
36059304203,5659,4134,1525
36059304204,4877,3527,1350
36059404300,3502,2735,767
36059404400,4984,3902,1082
36059404500,4321,3497,824
36059404600,4348,3331,1017
36059404700,6224,5024,1200
36059404800,6782,5457,1325
36059404901,5234,4242,992
36059404902,4363,3484,879
36059405000,5453,4322,1131
36059405100,8317,6730,1587
36059405200,6857,5326,1531
36059405301,3712,3000,712
36059405302,4295,3422,873
36059405400,8264,6664,1600
36059405500,5574,4492,1082
36059405600,4163,3383,780
36059405700,4895,3977,918
36059405800,4119,3282,837
36059405900,5395,4106,1289
36059406001,4761,3699,1062
36059406002,3612,2635,977
36059406100,3006,2482,524
36059406201,3061,2372,689
36059406202,6077,4732,1345
36059406300,3883,2960,923
36059406400,6948,5341,1607
36059406501,7110,5245,1865
36059406600,4381,3189,1192
36059406701,3621,2764,857
36059406702,5274,3911,1363
36059406801,5183,3846,1337
36059406802,5556,3963,1593
36059406900,7949,5973,1976
36059407000,8169,6242,1927
36059407101,5161,4025,1136
36059407102,5838,4589,1249
36059407201,5969,4163,1806
36059407203,3601,2798,803
36059407204,2848,2290,558
36059407301,6616,6227,389
36059407302,5373,4195,1178
36059407401,5971,4643,1328
36059407402,3571,2881,690
36059407501,5279,3909,1370
36059407502,5663,4381,1282
36059407600,5623,4462,1161
36059407700,4907,3855,1052
36059407801,5531,4417,1114
36059407802,1114,1073,41
36059407900,5865,4965,900
36059408000,6490,5125,1365
36059408100,6889,5452,1437
36059408200,6848,5441,1407
36059408300,7147,5667,1480
36059408400,3953,3071,882
36059408500,6352,4993,1359
36059408600,4456,3558,898
36059408700,4943,3880,1063
36059408800,6838,5498,1340
36059408900,5784,4596,1188
36059409000,5742,4603,1139
36059409100,5221,4226,995
36059409200,6055,4830,1225
36059409300,4285,3334,951
36059409400,4473,3562,911
36059409500,3961,3127,834
36059409600,5074,3959,1115
36059409700,4258,3475,783
36059409800,5790,4771,1019
36059409900,8312,6699,1613
36059410000,4095,3351,744
36059410100,6011,4878,1133
36059410200,3834,3098,736
36059410300,6647,5216,1431
36059410400,5647,4463,1184
36059410500,7819,6222,1597
36059410600,7741,6142,1599
36059410700,7165,5596,1569
36059410800,5615,4276,1339
36059410900,6386,4957,1429
36059411000,6132,4359,1773
36059411100,5208,3800,1408
36059411200,7374,5016,2358
36059411301,4329,2852,1477
36059411302,7369,4923,2446
36059411400,6971,4692,2279
36059411500,3250,2427,823
36059411600,6809,4936,1873
36059411700,7262,5582,1680
36059411800,6563,5125,1438
36059411901,3704,2966,738
36059411902,3746,2890,856
36059412000,6425,5120,1305
36059412100,6527,5261,1266
36059412200,5749,4599,1150
36059412301,3357,2852,505
36059412302,3663,2844,819
36059412400,6179,5182,997
36059412500,4397,3251,1146
36059412600,4305,3186,1119
36059412700,4129,3014,1115
36059412800,3406,2562,844
36059412900,6310,4989,1321
36059413001,4140,3355,785
36059413002,3878,3098,780
36059413100,4993,3896,1097
36059413200,6668,5418,1250
36059413300,6976,5450,1526
36059413400,5982,4578,1404
36059413500,7583,6038,1545
36059413600,6085,4742,1343
36059413700,5700,4490,1210
36059413803,4384,3503,881
36059413804,3857,3166,691
36059413900,8495,6383,2112
36059414001,4448,3416,1032
36059414002,5123,3879,1244
36059414100,6832,5381,1451
36059414201,5440,4205,1235
36059414202,4694,3513,1181
36059414301,3825,2991,834
36059414303,4640,3659,981
36059414304,3963,3038,925
36059414400,5150,3949,1201
36059414501,5626,4570,1056
36059414502,4302,3573,729
36059414600,3666,2792,874
36059414700,4619,3604,1015
36059414800,6775,5424,1351
36059414900,7456,5824,1632
36059415000,5948,4617,1331
36059415101,2790,2205,585
36059415102,5122,3963,1159
36059415201,3676,2918,758
36059415202,4504,3436,1068
36059415300,5903,4673,1230
36059415401,5442,4309,1133
36059415402,4952,3837,1115
36059415500,2599,2059,540
36059415600,5573,4309,1264
36059415700,5932,4634,1298
36059415802,7108,5503,1605
36059416000,4079,3274,805
36059416100,6410,5070,1340
36059416201,4026,3346,680
36059416202,4928,3983,945
36059416300,3817,3356,461
36059416401,3966,3481,485
36059416402,3331,2881,450
36059416500,6465,5084,1381
36059416600,5638,4858,780
36059416701,4695,3826,869
36059416702,4458,4027,431
36059416801,2197,1730,467
36059416802,4279,3843,436
36059416900,4281,3646,635
36059517000,3662,3196,466
36059517101,5560,4398,1162
36059517102,2483,2103,380
36059517201,4471,3569,902
36059517202,3916,3149,767
36059517301,3090,2583,507
36059517302,5183,4161,1022
36059517400,5062,4002,1060
36059517500,3998,3137,861
36059517600,4837,3774,1063
36059517701,7679,6058,1621
36059517705,2506,1976,530
36059517801,3782,2963,819
36059517802,3571,2753,818
36059517901,4676,3742,934
36059517902,2923,2433,490
36059518000,7075,5717,1358
36059518100,2792,2205,587
36059518201,4498,3426,1072
36059518203,4617,3847,770
36059518204,4718,3663,1055
36059518300,5933,4409,1524
36059518400,4254,3203,1051
36059518501,7332,5610,1722
36059518502,3119,2398,721
36059518600,4494,3232,1262
36059518700,5733,4289,1444
36059518800,3339,2472,867
36059518900,7320,5964,1356
36059519000,6500,5380,1120
36059519100,6276,5193,1083
36059519200,6675,5378,1297
36059519300,6613,5343,1270
36059519400,4406,3692,714
36059519500,6079,4852,1227
36059519601,4566,3511,1055
36059519602,2168,1637,531
36059519702,5663,4445,1218
36059519703,3761,2851,910
36059519704,3239,2483,756
36059519801,2499,1900,599
36059519802,5204,4061,1143
36059519900,5416,4327,1089
36059520001,6860,5587,1273
36059520002,4382,3503,879
36059520100,6403,5168,1235
36059520200,3161,2486,675
36059520300,6356,5205,1151
36059520401,4256,3604,652
36059520402,4210,3592,618
36059520501,3625,2905,720
36059520502,5105,4150,955
36059520600,5615,4513,1102
36059520700,4738,3887,851
36059520800,3898,3113,785
36059520900,4495,3522,973
36059521000,4698,3770,928
36059521100,4459,3553,906
36059521200,2786,2216,570
36059521301,2245,1758,487
36059521302,5457,4348,1109
36059521400,6408,5010,1398
36059521500,4865,3771,1094
36059521601,4213,3252,961
36059521602,3327,2623,704
36059521700,4704,3795,909
36059521801,3596,2842,754
36059521802,3886,3111,775
36059521902,4500,3568,932
36059522000,7883,6554,1329
36059522700,4762,3804,958
36059980100,939,936,3
36059981100,995,988,7
36059982100,883,863,20
36061000201,2012,1660,352
36061000202,7266,6061,1205
36061000600,11616,9893,1723
36061000700,10542,9512,1030
36061000800,10871,9441,1430
36061000900,2016,1704,312
36061001001,1767,1452,315
36061001002,6300,4892,1408
36061001200,3776,3149,627
36061001300,5402,4821,581
36061001401,3543,2864,679
36061001402,3418,3106,312
36061001501,8385,7525,860
36061001502,10378,9351,1027
36061001600,7698,6781,917
36061001800,7934,7089,845
36061002000,4648,3754,894
36061002100,7811,5850,1961
36061002201,6969,6091,878
36061002202,2488,2279,209
36061002400,4518,3532,986
36061002500,4630,3812,818
36061002601,3609,3120,489
36061002602,4816,4357,459
36061002700,1370,1206,164
36061002800,6819,5990,829
36061002901,1096,1080,16
36061002902,4359,3865,494
36061003001,4663,4362,301
36061003002,3035,2829,206
36061003100,2989,2756,233
36061003200,8372,7872,500
36061003300,6458,5039,1419
36061003400,7012,6581,431
36061003601,3513,3187,326
36061003602,3000,2821,179
36061003700,3092,2684,408
36061003800,9070,8678,392
36061003900,7036,5479,1557
36061004001,3743,3577,166
36061004002,5090,4874,216
36061004100,7523,6881,642
36061004200,5216,5011,205
36061004300,4158,3891,267
36061004400,17222,15478,1744
36061004500,1093,918,175
36061004700,2644,2359,285
36061004800,6955,6437,518
36061004900,4777,4371,406
36061005000,5223,4744,479
36061005200,3808,3350,458
36061005400,4909,4376,533
36061005501,4564,3894,670
36061005502,1956,1715,241
36061005600,4281,3684,597
36061005700,2998,2618,380
36061005800,5109,4603,506
36061005900,5707,5188,519
36061006000,5290,4138,1152
36061006100,5494,4972,522
36061006200,3686,3280,406
36061006300,6707,6001,706
36061006400,8744,8052,692
36061006500,6721,6334,387
36061006600,12341,11437,904
36061006700,5547,5247,300
36061006800,7706,7247,459
36061006900,2799,2416,383
36061007001,4550,4142,408
36061007002,4865,4514,351
36061007100,5851,5406,445
36061007200,9358,8662,696
36061007300,6180,5828,352
36061007400,5698,5362,336
36061007500,4000,3523,477
36061007600,2921,2711,210
36061007700,6192,5691,501
36061007800,9109,8225,884
36061007900,4442,3921,521
36061008000,5906,5444,462
36061008100,7853,7213,640
36061008200,3414,3142,272
36061008300,3853,3418,435
36061008400,1985,1872,113
36061008601,4853,4278,575
36061008603,5347,4784,563
36061008700,6510,5918,592
36061008800,8852,8136,716
36061008900,5957,5344,613
36061009000,8830,8061,769
36061009100,7362,6707,655
36061009200,1866,1754,112
36061009300,9325,8324,1001
36061009400,109,96,13
36061009500,3892,3613,279
36061009600,608,590,18
36061009700,5071,4610,461
36061009800,8078,7403,675
36061009901,2093,1812,281
36061009902,3848,3429,419
36061009903,2380,2173,207
36061010000,2170,2018,152
36061010100,2596,2297,299
36061010200,283,253,30
36061010300,4095,3883,212
36061010400,983,907,76
36061010601,8256,7461,795
36061010602,5489,4548,941
36061010801,3297,2920,377
36061010802,3805,3354,451
36061010803,2696,2363,333
36061010900,407,384,23
36061011000,7671,6728,943
36061011100,6138,5772,366
36061011201,1233,1139,94
36061011202,500,460,40
36061011203,1420,1260,160
36061011300,216,206,10
36061011401,1361,1174,187
36061011402,2620,2286,334
36061011500,3863,3521,342
36061011600,3263,2936,327
36061011700,5256,4721,535
36061011800,9688,8368,1320
36061011900,1666,1422,244
36061012000,3905,3345,560
36061012101,3408,3278,130
36061012102,5236,4924,312
36061012200,3425,3043,382
36061012400,10845,9425,1420
36061012500,2901,2745,156
36061012601,7437,6438,999
36061012602,6400,5476,924
36061012700,7282,6860,422
36061012800,6545,5373,1172
36061012901,7959,7000,959
36061012902,3144,2891,253
36061013000,3911,3368,543
36061013100,3962,3611,351
36061013201,3146,2736,410
36061013202,4237,3584,653
36061013203,3747,3320,427
36061013300,6782,6321,461
36061013400,11882,10302,1580
36061013501,5504,4881,623
36061013502,6358,5630,728
36061013601,1962,1679,283
36061013602,5070,4293,777
36061013603,4387,3709,678
36061013604,5057,4464,593
36061013700,7308,6536,772
36061013800,13109,11497,1612
36061013900,9988,9422,566
36061014000,8050,6574,1476
36061014200,4463,3701,762
36061014300,129,117,12
36061014401,5040,4366,674
36061014402,7151,6143,1008
36061014500,7532,6698,834
36061014601,4481,3941,540
36061014602,9061,7840,1221
36061014700,2987,2431,556
36061014801,3221,2587,634
36061014802,7494,6252,1242
36061014900,6351,5394,957
36061015001,2321,1909,412
36061015002,5642,4657,985
36061015101,3756,3063,693
36061015102,8254,6525,1729
36061015200,7730,6381,1349
36061015301,3684,3194,490
36061015302,6032,5071,961
36061015401,5189,4593,596
36061015402,4503,3929,574
36061015403,5738,4737,1001
36061015501,5091,4396,695
36061015502,5759,4799,960
36061015601,5568,4922,646
36061015602,2154,1766,388
36061015700,11197,9901,1296
36061015801,5600,4692,908
36061015802,4516,4076,440
36061015900,10054,8476,1578
36061016001,3852,3123,729
36061016002,3607,3113,494
36061016100,6617,5747,870
36061016200,9033,7341,1692
36061016300,7292,6166,1126
36061016400,7371,5717,1654
36061016500,6659,5569,1090
36061016600,7012,5756,1256
36061016700,7210,5837,1373
36061016800,4964,4050,914
36061016900,8526,7315,1211
36061017000,7991,6649,1342
36061017100,9694,8064,1630
36061017200,5441,4393,1048
36061017300,8699,7380,1319
36061017401,5449,4335,1114
36061017402,2276,1931,345
36061017500,11110,9489,1621
36061017700,9382,7973,1409
36061017800,3860,3233,627
36061017900,9103,7899,1204
36061018000,7429,5847,1582
36061018100,8941,7624,1317
36061018200,7675,6023,1652
36061018300,8534,7456,1078
36061018400,7820,6092,1728
36061018500,5243,4592,651
36061018600,5127,4008,1119
36061018700,9383,7847,1536
36061018800,5697,4540,1157
36061018900,11556,9734,1822
36061019000,3679,2898,781
36061019100,9005,7839,1166
36061019200,3971,3017,954
36061019300,8736,7665,1071
36061019400,6978,5521,1457
36061019500,7828,6935,893
36061019600,4031,3495,536
36061019701,1278,1130,148
36061019702,2601,2234,367
36061019800,2370,2046,324
36061019900,9598,8700,898
36061020000,2855,2493,362
36061020101,1863,1725,138
36061020102,4077,3394,683
36061020300,3874,3773,101
36061020500,5023,4600,423
36061020600,3628,2990,638
36061020701,3035,2830,205
36061020800,5255,4368,887
36061020901,3665,2932,733
36061021000,6748,5331,1417
36061021100,10529,9171,1358
36061021200,4899,4273,626
36061021303,5583,4753,830
36061021400,3075,2741,334
36061021500,3856,3029,827
36061021600,8567,7032,1535
36061021703,545,527,18
36061021800,6530,5464,1066
36061021900,5696,4338,1358
36061022000,6114,4920,1194
36061022102,2382,2024,358
36061022200,3293,2748,545
36061022301,7258,6224,1034
36061022302,3101,2692,409
36061022400,7346,5654,1692
36061022500,9895,8307,1588
36061022600,4890,4026,864
36061022700,5387,4587,800
36061022800,5961,4992,969
36061022900,7975,6784,1191
36061023000,9111,7380,1731
36061023100,6273,5362,911
36061023200,8061,6173,1888
36061023300,6368,5479,889
36061023400,5112,4116,996
36061023501,6720,5634,1086
36061023502,2206,1774,432
36061023600,9907,8124,1783
36061023700,6792,5800,992
36061023802,4791,3980,811
36061023803,3625,3234,391
36061023804,3306,2736,570
36061023900,2675,2241,434
36061024000,1302,1275,27
36061024100,7612,6599,1013
36061024200,4448,3280,1168
36061024301,3993,3347,646
36061024302,7237,5226,2011
36061024500,13385,11275,2110
36061024700,6521,5627,894
36061024900,1084,936,148
36061025100,2287,1962,325
36061025300,10081,8620,1461
36061025500,5697,5136,561
36061025700,4270,3434,836
36061025900,4029,3149,880
36061026100,10733,8848,1885
36061026300,7969,6778,1191
36061026500,6850,5917,933
36061026700,2083,1761,322
36061026900,7848,6616,1232
36061027100,7623,6475,1148
36061027300,6519,5544,975
36061027500,3063,2578,485
36061027700,6423,5347,1076
36061027900,10019,8378,1641
36061028100,3108,2510,598
36061028300,7740,6553,1187
36061028500,6794,5605,1189
36061028700,3772,3174,598
36061029100,10509,8587,1922
36061029300,8035,6536,1499
36061029500,7039,5960,1079
36061029900,3598,2918,680
36061030300,3691,3142,549
36061030700,3427,2924,503
36061030900,8594,6738,1856
36061031703,5847,4142,1705
36061031704,10422,8350,2072
36063020100,3333,2716,617
36063020200,2811,1784,1027
36063020300,2288,1779,509
36063020400,1492,1142,350
36063020500,2065,1660,405
36063020600,1276,930,346
36063020700,2650,1925,725
36063020900,2442,1811,631
36063021000,2778,2157,621
36063021100,1444,1119,325
36063021200,2310,1837,473
36063021300,2224,1640,584
36063021400,2113,1630,483
36063021700,3358,2589,769
36063022000,3272,2667,605
36063022100,2201,1842,359
36063022200,3549,2945,604
36063022300,2440,1985,455
36063022401,1817,1523,294
36063022500,2808,2322,486
36063022601,2194,1800,394
36063022602,5709,4643,1066
36063022702,7035,5457,1578
36063022713,3229,2701,528
36063022714,4854,3997,857
36063022715,1865,1577,288
36063022716,3609,2821,788
36063022717,5074,3999,1075
36063022803,3499,2784,715
36063022804,3155,2585,570
36063022901,2256,1830,426
36063022902,2892,2401,491
36063023001,2208,1772,436
36063023100,2372,1874,498
36063023200,2849,2421,428
36063023301,2941,2490,451
36063023302,3824,3134,690
36063023401,6903,5565,1338
36063023402,4211,3435,776
36063023404,5174,4033,1141
36063023405,4275,3429,846
36063023500,2725,2084,641
36063023600,3803,2882,921
36063023700,2116,1592,524
36063023800,3306,2465,841
36063023901,3923,3194,729
36063023902,5003,4148,855
36063024001,5962,4770,1192
36063024002,1729,1310,419
36063024101,3700,2997,703
36063024102,2597,1968,629
36063024201,6609,5338,1271
36063024202,2695,2215,480
36063024301,1247,1002,245
36063024302,4600,3701,899
36063024303,5743,4655,1088
36063024401,2531,2196,335
36063024404,4775,4023,752
36063024405,5510,4518,992
36063024406,3128,2724,404
36063024501,2741,2181,560
36063024502,3772,3143,629
36063024600,4507,3775,732
36063940001,1145,876,269
36065020102,1359,1048,311
36065020300,1477,1213,264
36065020705,2074,1572,502
36065020802,4637,3079,1558
36065020803,2731,1831,900
36065020900,2171,1514,657
36065021000,1872,1437,435
36065021103,1540,1121,419
36065021104,4114,3001,1113
36065021201,2302,1514,788
36065021202,3271,2199,1072
36065021301,1401,1266,135
36065021302,4807,3641,1166
36065021303,3956,3006,950
36065021401,2664,2047,617
36065021402,2028,1513,515
36065021500,2768,1735,1033
36065021601,5116,4171,945
36065021602,2438,2102,336
36065021701,3205,2804,401
36065021702,2741,2222,519
36065021900,1694,1218,476
36065022000,3438,2524,914
36065022100,2537,2040,497
36065022200,2648,2116,532
36065022400,3397,2758,639
36065022500,4742,3497,1245
36065022701,2046,1735,311
36065022702,3882,3116,766
36065022800,2690,2083,607
36065023000,5924,4746,1178
36065023200,4230,3332,898
36065023300,2657,2036,621
36065023400,4503,3728,775
36065023501,2290,1846,444
36065023502,4338,3453,885
36065023702,3733,2918,815
36065023901,2187,1810,377
36065023902,1796,1397,399
36065024000,4297,3411,886
36065024101,1477,1266,211
36065024102,2842,2257,585
36065024200,4518,3634,884
36065024301,2782,2249,533
36065024302,3389,2687,702
36065024303,2511,1966,545
36065024400,3923,3103,820
36065024500,4787,3706,1081
36065024700,5974,4720,1254
36065024800,3077,2470,607
36065024900,5241,4186,1055
36065025001,3230,2681,549
36065025002,3730,3090,640
36065025003,3115,2781,334
36065025100,1859,1471,388
36065025200,4486,3919,567
36065025300,7149,5577,1572
36065025400,5938,4565,1373
36065025500,4332,3332,1000
36065025601,1966,1538,428
36065025602,2021,1539,482
36065025700,2327,1869,458
36065025800,1507,1143,364
36065025900,1338,1329,9
36065026100,2542,2080,462
36065026200,6625,5582,1043
36065026300,3692,2809,883
36065026400,5573,3755,1818
36065026501,755,730,25
36065026502,265,234,31
36065026600,2152,2146,6
36065026700,5260,4226,1034
36067000100,1049,978,71
36067000200,3642,2588,1054
36067000300,1565,1223,342
36067000400,3720,2946,774
36067000501,2471,1745,726
36067000600,3664,2517,1147
36067000700,1892,1283,609
36067000800,2913,2000,913
36067000900,3120,2589,531
36067001000,4023,3234,789
36067001400,3225,2025,1200
36067001500,2781,1813,968
36067001600,3270,3003,267
36067001701,2460,1791,669
36067001702,2572,1988,584
36067001800,2713,2188,525
36067001900,3824,3149,675
36067002000,2171,1567,604
36067002101,2789,2069,720
36067002300,1665,1282,383
36067002400,1837,1396,441
36067002700,1819,1474,345
36067002901,2628,2255,373
36067003000,2137,1571,566
36067003200,3465,3271,194
36067003400,2673,2310,363
36067003500,2452,1846,606
36067003601,2312,1664,648
36067003602,2132,1688,444
36067003800,2377,1618,759
36067003900,3192,2174,1018
36067004000,1341,895,446
36067004200,2226,1407,819
36067004301,1911,1708,203
36067004302,7606,7368,238
36067004401,3508,3060,448
36067004500,2795,2450,345
36067004600,5150,4422,728
36067004800,1351,1144,207
36067004900,1554,1109,445
36067005000,2617,1996,621
36067005100,2287,1568,719
36067005200,1930,1239,691
36067005300,1866,1243,623
36067005400,2403,1636,767
36067005500,4754,4090,664
36067005601,1539,1310,229
36067005602,2869,2831,38
36067005700,1941,1410,531
36067005800,2121,1450,671
36067005900,1669,1118,551
36067006000,3667,2791,876
36067006101,4451,3562,889
36067006102,1984,1788,196
36067006103,2533,2102,431
36067010100,2854,2279,575
36067010200,6086,4862,1224
36067010301,5233,4304,929
36067010321,2901,2226,675
36067010322,3722,2855,867
36067010400,4028,3101,927
36067010500,2400,1900,500
36067010600,2170,1793,377
36067010700,2041,1662,379
36067010800,4703,3861,842
36067010900,2331,1918,413
36067011011,3445,2925,520
36067011012,4157,3408,749
36067011021,2821,2203,618
36067011022,3081,2508,573
36067011101,5914,4563,1351
36067011102,3906,3014,892
36067011201,3775,2919,856
36067011202,4670,3687,983
36067011231,4650,3664,986
36067011232,4322,3319,1003
36067011241,2586,2013,573
36067011242,6014,4495,1519
36067011300,4152,3449,703
36067011401,7253,5729,1524
36067011402,4160,3292,868
36067011500,6573,4936,1637
36067011600,5088,3940,1148
36067011700,4199,3378,821
36067011800,6165,5126,1039
36067011900,4003,3093,910
36067012000,5476,4462,1014
36067012100,5202,3925,1277
36067012200,1188,984,204
36067012300,3431,2762,669
36067012400,4379,3551,828
36067012500,3749,2993,756
36067012600,5334,4249,1085
36067012700,2036,1707,329
36067012800,2872,2413,459
36067012900,2508,1848,660
36067013000,4137,3319,818
36067013100,4598,3630,968
36067013200,3004,2458,546
36067013300,2256,1924,332
36067013400,5482,4458,1024
36067013500,4876,4017,859
36067013600,3222,2663,559
36067013701,4510,3702,808
36067013800,2169,1836,333
36067013900,2741,2115,626
36067014000,3642,2841,801
36067014200,4315,3443,872
36067014300,3078,2358,720
36067014400,2428,1913,515
36067014500,3974,3309,665
36067014600,5212,4320,892
36067014700,6123,4869,1254
36067014800,3282,2599,683
36067014900,1977,1570,407
36067015000,4604,3589,1015
36067015100,5913,4788,1125
36067015201,3339,2623,716
36067015202,4724,3488,1236
36067015203,2763,2083,680
36067015400,5952,4652,1300
36067015500,2780,2312,468
36067015601,2074,1730,344
36067015602,1563,1170,393
36067015701,2345,1867,478
36067015702,4735,3587,1148
36067015800,4910,4009,901
36067016001,3373,2729,644
36067016002,2820,2257,563
36067016100,2478,1866,612
36067016200,2132,1649,483
36067016300,8108,6545,1563
36067016400,4026,3175,851
36067016501,1782,1431,351
36067016502,4284,3444,840
36067016600,4656,3613,1043
36067016700,2456,2043,413
36067016801,1588,1285,303
36067016802,2368,1917,451
36067016901,2676,2123,553
36067016902,2006,1526,480
36067940000,831,683,148
36069050101,3298,2574,724
36069050103,3289,2701,588
36069050104,4206,3103,1103
36069050105,3426,2607,819
36069050106,1641,1358,283
36069050203,4357,3305,1052
36069050204,3168,2547,621
36069050205,4886,3465,1421
36069050206,1759,1331,428
36069050302,4045,3295,750
36069050303,2839,2283,556
36069050304,2520,2028,492
36069050401,3294,2622,672
36069050402,3343,2648,695
36069050501,3640,2928,712
36069050502,2740,2223,517
36069050601,5774,4865,909
36069050603,2790,2097,693
36069050604,2545,2114,431
36069050800,3074,2504,570
36069050900,2362,1997,365
36069051001,1844,1529,315
36069051101,1793,1389,404
36069051102,1503,1291,212
36069051200,3931,3314,617
36069051301,1584,1299,285
36069051302,2522,1990,532
36069051400,2644,2054,590
36069051501,1968,1667,301
36069051502,1496,1181,315
36069051600,1670,1395,275
36069051700,2556,1941,615
36069051801,5407,4310,1097
36069051900,3188,2884,304
36069052001,1668,1428,240
36069052002,1691,1399,292
36069052003,1669,1412,257
36069052101,1641,1416,225
36069052102,2284,1907,377
36069052200,2403,1905,498
36071000100,3137,2582,555
36071000200,2638,2003,635
36071000301,2136,1462,674
36071000302,4327,3071,1256
36071000400,5086,3635,1451
36071000501,3310,2320,990
36071000502,4208,2880,1328
36071000600,4014,2892,1122
36071001100,4775,3489,1286
36071001200,2564,1811,753
36071001300,3377,2678,699
36071001500,5514,4133,1381
36071001601,5294,4252,1042
36071001602,2762,2117,645
36071002100,3255,2544,711
36071002200,3401,2608,793
36071002300,2119,1538,581
36071010101,4880,3828,1052
36071010102,5690,4544,1146
36071010200,5042,4038,1004
36071010300,3554,2891,663
36071010400,4208,3438,770
36071010501,3520,2826,694
36071010502,5091,4177,914
36071010601,3500,2682,818
36071010602,3772,2966,806
36071010701,2570,1962,608
36071010702,4248,3280,968
36071010801,3979,3063,916
36071010802,5297,4216,1081
36071010901,3458,2767,691
36071010902,5672,4393,1279
36071011000,5114,4126,988
36071011101,3094,2355,739
36071011102,4659,3593,1066
36071011200,5236,4121,1115
36071011301,4695,3824,871
36071011302,3452,2779,673
36071011400,4170,3364,806
36071011500,6537,5301,1236
36071011601,3927,3260,667
36071011602,3582,2859,723
36071011701,4689,3621,1068
36071011702,4621,3532,1089
36071011801,4802,3719,1083
36071011802,2732,2144,588
36071011900,6581,5312,1269
36071012100,3844,3096,748
36071012200,4146,3187,959
36071012300,5415,4242,1173
36071012601,4184,3396,788
36071012602,3368,2704,664
36071012700,4012,3226,786
36071012800,4975,4081,894
36071012900,3190,2509,681
36071013000,4578,3530,1048
36071013100,5116,4019,1097
36071013201,4975,4019,956
36071013202,2354,1803,551
36071013301,4609,3603,1006
36071013302,2827,2105,722
36071013400,4046,2520,1526
36071013500,6337,4526,1811
36071013600,7306,5718,1588
36071013700,2640,2087,553
36071013800,2993,2451,542
36071013900,5189,3739,1450
36071014101,4849,3552,1297
36071014102,5819,4289,1530
36071014201,4059,3095,964
36071014202,6801,5102,1699
36071014301,5229,4170,1059
36071014302,7417,5623,1794
36071014400,4703,3715,988
36071014501,4349,3406,943
36071014502,5624,4428,1196
36071014601,3694,3050,644
36071014602,3066,2507,559
36071014700,3711,2872,839
36071014801,3842,3394,448
36071014802,3038,2436,602
36071014900,3811,3164,647
36071015003,8363,3277,5086
36071015005,7452,3006,4446
36071015007,5319,2181,3138
36071015008,4517,2024,2493
36071015009,2722,1273,1449
36071015010,5111,2142,2969
36071015100,6125,4589,1536
36071015201,4549,3478,1071
36071015202,4981,3629,1352
36071015203,1766,1344,422
36073040200,3107,2467,640
36073040300,2297,1839,458
36073040400,3491,2709,782
36073040500,2610,2086,524
36073040601,1764,1420,344
36073040602,1472,1465,7
36073040603,3616,2926,690
36073040701,2664,2003,661
36073040702,3192,2420,772
36073040801,3315,2755,560
36073040802,4796,3739,1057
36073401200,3455,2664,791
36073401300,4564,3697,867
36075020101,2165,1676,489
36075020102,1221,924,297
36075020201,2510,2047,463
36075020202,1303,968,335
36075020301,2186,1713,473
36075020303,1779,1376,403
36075020304,1672,1236,436
36075020400,5259,4007,1252
36075020501,1930,1472,458
36075020502,2581,2058,523
36075020503,1141,885,256
36075020600,4778,3839,939
36075020703,5013,4010,1003
36075020704,1874,1486,388
36075020705,2214,1737,477
36075020706,2434,1907,527
36075020707,1895,1520,375
36075020800,3470,2643,827
36075020901,2226,1687,539
36075020903,2465,2009,456
36075020904,2174,1752,422
36075020905,1104,858,246
36075021001,2544,1994,550
36075021002,2028,1573,455
36075021003,1099,865,234
36075021101,3652,2698,954
36075021102,2135,1587,548
36075021103,2941,2235,706
36075021104,2661,2024,637
36075021201,1257,932,325
36075021202,2469,1942,527
36075021203,2794,2246,548
36075021300,4525,3463,1062
36075021401,7914,7132,782
36075021402,1643,1300,343
36075021501,2931,2220,711
36075021503,2398,1902,496
36075021504,2635,2083,552
36075021505,1584,1272,312
36075021601,2441,2063,378
36075021602,2821,2343,478
36075021603,3803,2999,804
36075021604,4375,3430,945
36075021605,3481,2681,800
36077590101,2575,1986,589
36077590102,1882,1575,307
36077590201,1952,1529,423
36077590202,3641,3106,535
36077590301,2065,1653,412
36077590302,1767,1413,354
36077590401,1907,1448,459
36077590402,3441,2722,719
36077590500,2827,2318,509
36077590600,1868,1507,361
36077590701,1760,1449,311
36077590702,2112,1676,436
36077590800,5065,4157,908
36077590900,2266,1883,383
36077591000,3584,3169,415
36077591100,2514,2163,351
36077591401,2756,2248,508
36077591402,2311,1852,459
36077591500,3400,2775,625
36077591601,1811,1461,350
36077591602,2305,1865,440
36077591700,4715,4509,206
36079010100,3602,2903,699
36079010201,4312,3515,797
36079010202,3627,3082,545
36079010300,4716,3818,898
36079010400,3277,2583,694
36079010500,4907,3994,913
36079010600,3738,3024,714
36079010700,2610,2060,550
36079010800,3483,2804,679
36079010901,3591,2847,744
36079010902,4175,3334,841
36079011000,3996,3173,823
36079011100,5113,4011,1102
36079011201,2549,1982,567
36079011202,4056,3228,828
36079011300,4121,3251,870
36079011400,5157,4111,1046
36079011501,3978,3300,678
36079011502,2960,2305,655
36079011600,5642,4486,1156
36079011700,4834,3930,904
36079011801,3742,2857,885
36079011802,4259,3435,824
36079011900,5223,4237,986
36081000101,4659,3854,805
36081000102,7484,6428,1056
36081000200,3084,2423,661
36081000400,4918,3785,1133
36081000600,4177,3182,995
36081000701,3460,2868,592
36081000702,4260,3701,559
36081000800,3580,2825,755
36081001000,3789,2941,848
36081001200,4183,3402,781
36081001400,4114,3241,873
36081001600,3041,2453,588
36081001800,3044,2403,641
36081001901,1434,1254,180
36081001902,8645,8084,561
36081001903,2214,2076,138
36081002000,1871,1468,403
36081002200,2290,1866,424
36081002400,2195,1716,479
36081002500,7242,5561,1681
36081002600,2150,1661,489
36081002800,3304,2568,736
36081003000,1479,1197,282
36081003100,2157,1960,197
36081003200,1791,1411,380
36081003301,4399,4151,248
36081003302,2166,1845,321
36081003400,2442,1893,549
36081003600,4195,3206,989
36081003800,2490,1909,581
36081003900,1462,1180,282
36081004001,2403,1881,522
36081004002,1361,1031,330
36081004200,4505,3462,1043
36081004300,2326,1819,507
36081004401,3916,3032,884
36081004500,3252,2802,450
36081004700,4090,3295,795
36081005100,2512,2102,410
36081005200,3080,2293,787
36081005300,5397,4825,572
36081005400,5609,4456,1153
36081005500,1367,1184,183
36081005700,4277,3755,522
36081005800,6194,4844,1350
36081005900,4231,3797,434
36081006100,6291,5650,641
36081006201,5389,4680,709
36081006202,6949,5456,1493
36081006300,5877,5320,557
36081006501,3645,3304,341
36081006502,4004,3586,418
36081006900,5196,4624,572
36081007100,4355,3882,473
36081007300,4470,4024,446
36081007500,4477,4005,472
36081007700,2114,1825,289
36081007900,3628,3060,568
36081008100,1761,1491,270
36081008300,3515,2987,528
36081008500,1979,1609,370
36081008600,2989,2424,565
36081008700,5176,3947,1229
36081008800,3449,2761,688
36081009100,2733,2351,382
36081009400,2919,2274,645
36081009500,2510,2155,355
36081009600,3127,2524,603
36081009700,3860,3237,623
36081009800,2631,2132,499
36081010000,3383,2812,571
36081010100,2654,2300,354
36081010200,2866,2355,511
36081010300,4150,3507,643
36081010400,3315,2707,608
36081010500,4641,3660,981
36081010600,3417,2735,682
36081010800,3034,2388,646
36081011000,3190,2531,659
36081011100,2902,2501,401
36081011200,2497,1958,539
36081011300,4280,3798,482
36081011400,1539,1200,339
36081011500,2414,2157,257
36081011600,2370,1867,503
36081011700,3840,3377,463
36081011800,2690,2123,567
36081011900,1729,1547,182
36081012000,2385,1884,501
36081012100,2177,1893,284
36081012200,2802,2252,550
36081012301,3272,2821,451
36081012400,2873,2259,614
36081012500,1735,1547,188
36081012601,2596,2069,527
36081012602,2715,2135,580
36081012800,2212,1757,455
36081013000,1757,1323,434
36081013200,1919,1532,387
36081013400,5904,4917,987
36081013500,1526,1269,257
36081013600,1994,1657,337
36081013700,1747,1520,227
36081013800,3785,3074,711
36081014000,3952,3071,881
36081014100,1645,1416,229
36081014201,4702,3615,1087
36081014202,2870,2336,534
36081014300,4007,3383,624
36081014400,2005,1562,443
36081014500,2368,2006,362
36081014700,2933,2566,367
36081014800,2186,1764,422
36081014900,2477,2110,367
36081015000,2418,1929,489
36081015100,2675,2363,312
36081015200,2638,2186,452
36081015300,2131,1909,222
36081015400,2390,1912,478
36081015500,2344,2067,277
36081015600,3210,2599,611
36081015700,1655,1410,245
36081015801,3817,3148,669
36081015802,4607,3806,801
36081015900,4010,3566,444
36081016100,2291,1931,360
36081016300,4053,3249,804
36081016400,3306,2664,642
36081016600,3400,2880,520
36081016800,2764,2266,498
36081016900,5577,4680,897
36081017000,2504,2031,473
36081017200,2224,1840,384
36081017400,2423,1954,469
36081017600,2181,1764,417
36081017800,2084,1651,433
36081017901,986,825,161
36081017902,124,121,3
36081018000,1365,1022,343
36081018101,3836,3303,533
36081018102,3800,3316,484
36081018200,2540,2024,516
36081018300,6044,5096,948
36081018401,2174,1654,520
36081018402,2412,1906,506
36081018501,3502,3000,502
36081018502,3453,2954,499
36081018600,1802,1421,381
36081018700,3611,2865,746
36081018800,1510,1181,329
36081018900,3457,2975,482
36081019000,2445,1963,482
36081019200,2359,1908,451
36081019400,3015,2445,570
36081019600,3122,2413,709
36081019800,3682,2761,921
36081019901,1088,757,331
36081019902,317,308,9
36081020200,1693,1337,356
36081020400,2278,1787,491
36081020500,1184,936,248
36081020600,2046,1577,469
36081020800,3513,2795,718
36081021200,2812,2068,744
36081021400,6673,5340,1333
36081021601,2678,2387,291
36081021602,1506,1212,294
36081022001,6551,5279,1272
36081022002,6010,5010,1000
36081023000,1880,1547,333
36081023200,5264,4295,969
36081023501,4403,3521,882
36081023502,3373,2766,607
36081023600,3266,2635,631
36081023800,4863,3726,1137
36081024000,6252,4815,1437
36081024300,6231,4937,1294
36081024500,5544,4697,847
36081024700,1537,1269,268
36081024900,5724,4957,767
36081025100,5818,4929,889
36081025301,4510,3862,648
36081025302,3013,2491,522
36081025401,3899,2898,1001
36081025402,6180,4756,1424
36081025500,1603,1366,237
36081025700,1648,1374,274
36081025800,2289,1723,566
36081025900,3542,2900,642
36081026000,2915,2145,770
36081026100,7802,6264,1538
36081026200,1652,1304,348
36081026300,6631,5488,1143
36081026400,2736,2169,567
36081026501,3213,2655,558
36081026502,1622,1232,390
36081026600,1949,1652,297
36081026700,6196,5062,1134
36081026901,5210,4141,1069
36081026902,4244,3443,801
36081027000,1960,1538,422
36081027101,5454,4429,1025
36081027102,3112,2387,725
36081027200,2065,1602,463
36081027301,3673,2825,848
36081027302,4765,3745,1020
36081027400,1927,1553,374
36081027500,6773,5430,1343
36081027600,1365,1025,340
36081027701,3448,2775,673
36081027702,5196,4199,997
36081027800,2529,1953,576
36081027900,6358,5295,1063
36081028000,1901,1430,471
36081028100,5991,5033,958
36081028200,1801,1429,372
36081028300,7523,6313,1210
36081028400,3766,3017,749
36081028500,4858,4081,777
36081028700,6544,5472,1072
36081028801,2940,2307,633
36081028802,1952,1506,446
36081028900,5202,4367,835
36081029100,7341,6001,1340
36081029300,1457,1174,283
36081029400,8072,6318,1754
36081029500,3826,3250,576
36081029700,2258,1867,391
36081030600,5287,4226,1061
36081030903,6748,5429,1319
36081030904,3724,3031,693
36081030905,3424,2727,697
36081030906,4924,3940,984
36081031700,6781,5383,1398
36081032000,5200,3898,1302
36081032700,3932,3159,773
36081032800,2660,2107,553
36081032900,4251,3396,855
36081033000,7365,5779,1586
36081033401,4196,3203,993
36081033403,4874,4152,722
36081033404,4723,4001,722
36081033405,3653,3025,628
36081033700,3765,3048,717
36081033900,3481,2839,642
36081034700,3688,2910,778
36081035100,4178,3408,770
36081035200,2550,2058,492
36081035300,2828,2191,637
36081035700,5593,4456,1137
36081035800,4508,3558,950
36081036100,2706,2097,609
36081036300,2462,1807,655
36081036500,4142,3024,1118
36081036600,3003,2433,570
36081036700,3099,2479,620
36081036800,2513,1976,537
36081037100,1917,1519,398
36081037300,2887,2203,684
36081037501,1479,1078,401
36081037502,2778,2173,605
36081037600,6373,5121,1252
36081037700,4493,3291,1202
36081037900,6504,4761,1743
36081038100,6966,5169,1797
36081038400,2720,2231,489
36081039400,3332,2684,648
36081039800,1688,1352,336
36081039901,2875,2197,678
36081039902,2285,1644,641
36081040000,1474,1208,266
36081040101,2847,2167,680
36081040102,4808,3511,1297
36081040200,1474,1194,280
36081040301,2768,2019,749
36081040302,4760,3518,1242
36081040400,4270,3406,864
36081040501,1183,867,316
36081040502,2175,1632,543
36081040701,3162,2302,860
36081040702,5131,3805,1326
36081040901,1951,1479,472
36081040902,3534,2608,926
36081041100,4532,3436,1096
36081041300,4752,3501,1251
36081041400,4526,3480,1046
36081041500,4365,3196,1169
36081042400,2295,1894,401
36081042600,364,357,7
36081042700,4998,3761,1237
36081043200,1280,1029,251
36081043400,1717,1390,327
36081043701,3683,2915,768
36081043702,6998,5381,1617
36081043900,4931,3582,1349
36081044000,4783,3655,1128
36081044301,4725,3638,1087
36081044302,5373,4215,1158
36081044400,4562,3360,1202
36081044601,4013,3224,789
36081044602,5472,4190,1282
36081044800,3063,2382,681
36081045000,2070,1657,413
36081045200,1209,981,228
36081045400,5207,4105,1102
36081045500,13200,10362,2838
36081045600,1365,1087,278
36081045700,3536,2970,566
36081045800,2271,1748,523
36081045900,4150,3328,822
36081046000,6193,4709,1484
36081046100,2903,2280,623
36081046200,8206,6361,1845
36081046300,4541,3423,1118
36081046400,1841,1548,293
36081046500,4276,3313,963
36081046600,3676,2992,684
36081046700,7281,5784,1497
36081046800,4173,3327,846
36081046901,4346,3518,828
36081046902,4102,3357,745
36081047000,3343,2736,607
36081047100,4785,3815,970
36081047200,3861,3212,649
36081047300,4863,4074,789
36081047500,5489,4523,966
36081047600,1374,1078,296
36081047801,4065,3470,595
36081047802,1511,1252,259
36081047900,6837,5463,1374
36081048000,2666,2152,514
36081048100,6321,5176,1145
36081048200,1518,1247,271
36081048301,2145,1787,358
36081048302,2092,1694,398
36081048400,5569,4302,1267
36081048500,5331,4388,943
36081048900,1937,1467,470
36081049201,2888,2377,511
36081049202,2018,1675,343
36081049301,2391,1890,501
36081049302,3498,2737,761
36081049500,1430,1129,301
36081049600,3251,2668,583
36081049700,3381,2697,684
36081049900,5477,4452,1025
36081050000,4778,3765,1013
36081050201,1678,1275,403
36081050202,1521,1173,348
36081050400,1872,1505,367
36081050500,1768,1454,314
36081050600,1635,1378,257
36081050700,3699,3014,685
36081050800,2084,1687,397
36081051000,1616,1330,286
36081051100,2494,2010,484
36081051200,2748,2176,572
36081051300,2638,2044,594
36081051500,3126,2528,598
36081051600,2069,1632,437
36081051700,2146,1780,366
36081051800,1948,1551,397
36081052000,1593,1310,283
36081052100,2197,1700,497
36081052200,1605,1288,317
36081052400,1945,1566,379
36081052500,2252,1811,441
36081052600,1958,1529,429
36081052800,1563,1262,301
36081053000,2393,1952,441
36081053100,3462,2784,678
36081053200,1886,1552,334
36081053401,2104,1696,408
36081053501,1058,882,176
36081053601,1578,1302,276
36081053800,1648,1338,310
36081053901,3968,3284,684
36081053902,88,69,19
36081054000,4632,3651,981
36081054200,5149,4260,889
36081054500,3648,2960,688
36081054700,4166,3354,812
36081054800,2336,1908,428
36081054900,4932,3921,1011
36081055100,4574,3773,801
36081055200,3174,2643,531
36081055300,2856,2410,446
36081055400,2487,2044,443
36081055500,1935,1582,353
36081055600,2242,1879,363
36081055700,3966,3197,769
36081055800,1710,1424,286
36081055900,1178,947,231
36081056000,1743,1414,329
36081056200,1460,1203,257
36081056400,1559,1276,283
36081056500,1681,1296,385
36081056600,1581,1272,309
36081056700,4751,3841,910
36081056800,4862,3986,876
36081057700,4023,3176,847
36081057900,1743,1386,357
36081058000,3589,2958,631
36081058100,2785,2318,467
36081058200,4509,3645,864
36081058300,3362,2829,533
36081058500,4128,3420,708
36081058700,3336,2729,607
36081058900,4308,3457,851
36081059000,1182,974,208
36081059100,5226,4256,970
36081059200,1186,1018,168
36081059300,4092,3414,678
36081059400,1506,1277,229
36081059501,2091,1729,362
36081059502,2712,2188,524
36081059600,1373,1126,247
36081059800,1764,1454,310
36081059900,1594,1302,292
36081060000,1223,1015,208
36081060100,2414,1883,531
36081060300,1854,1523,331
36081060600,1328,1090,238
36081060800,1475,1236,239
36081061000,1204,1007,197
36081061200,1552,1319,233
36081061301,5763,4778,985
36081061400,1205,1000,205
36081061601,2095,1768,327
36081061602,1402,1146,256
36081061800,1736,1450,286
36081061900,3097,2508,589
36081062000,1419,1213,206
36081062100,3151,2534,617
36081062200,1979,1724,255
36081062300,1923,1573,350
36081062500,2625,2131,494
36081062600,2689,2146,543
36081062700,3010,2363,647
36081062900,3042,2442,600
36081063000,1602,1339,263
36081063200,2261,1825,436
36081063301,1587,1262,325
36081063302,1665,1335,330
36081063500,2784,2259,525
36081063700,3507,2879,628
36081063800,3584,2915,669
36081063900,2794,2327,467
36081064101,2378,1960,418
36081064500,2064,1702,362
36081064600,3025,2493,532
36081065000,2831,2272,559
36081065401,2836,2244,592
36081065600,5423,4383,1040
36081065702,1775,1434,341
36081065703,2829,2279,550
36081065900,1850,1479,371
36081066000,3511,2863,648
36081066100,1573,1309,264
36081066301,2713,2202,511
36081066401,1923,1599,324
36081066402,3942,3180,762
36081066403,4480,3596,884
36081066501,3538,2925,613
36081066701,2789,2245,544
36081066900,1790,1446,344
36081067100,2248,1859,389
36081067700,1832,1518,314
36081067900,4397,3706,691
36081068000,5220,4199,1021
36081068200,1262,1007,255
36081068300,4052,3500,552
36081068700,4597,3897,700
36081069000,3787,2995,792
36081069300,2887,2382,505
36081069400,3604,2836,768
36081069500,2451,1992,459
36081069701,4435,3597,838
36081069702,3929,3223,706
36081070300,2225,1829,396
36081070700,2426,1963,463
36081070900,2635,2123,512
36081071100,5687,4841,846
36081071303,5307,4362,945
36081071304,6386,5319,1067
36081071305,5126,4306,820
36081071306,6181,5122,1059
36081071701,5557,4726,831
36081071702,4660,4009,651
36081071900,2887,2246,641
36081072100,5040,4158,882
36081072300,2158,1724,434
36081072900,1490,1156,334
36081073100,1550,1211,339
36081073700,2277,1932,345
36081073900,5548,4559,989
36081074100,3164,2676,488
36081074300,4433,3606,827
36081074500,3659,2951,708
36081074700,3539,2858,681
36081074900,1563,1225,338
36081075701,5110,4314,796
36081075702,5071,4166,905
36081076901,4274,3582,692
36081076902,1390,1145,245
36081077300,2311,1971,340
36081077500,2241,1938,303
36081077902,5416,3819,1597
36081077903,2937,2361,576
36081077904,6324,4888,1436
36081077905,2586,2243,343
36081077906,3968,3082,886
36081077907,3349,2356,993
36081077908,3838,2898,940
36081078800,2002,1609,393
36081079000,2875,2273,602
36081079200,2717,2209,508
36081079701,7620,6274,1346
36081079702,5002,4151,851
36081079900,3871,3181,690
36081080301,4828,3890,938
36081080302,3973,3213,760
36081080900,7591,6154,1437
36081081400,4088,3221,867
36081081800,3873,3077,796
36081083700,6229,5065,1164
36081083800,5194,4231,963
36081084000,6644,5432,1212
36081084500,5516,4642,874
36081084601,3045,2516,529
36081084602,1496,1230,266
36081084901,3013,2542,471
36081084902,4466,3800,666
36081085300,5415,4722,693
36081085500,6889,5854,1035
36081085700,5770,4910,860
36081085900,6162,5111,1051
36081086100,2450,2102,348
36081086300,7118,6029,1089
36081086400,2867,2287,580
36081086500,5224,4672,552
36081086900,2343,2028,315
36081087100,6373,5500,873
36081088400,7578,6254,1324
36081088902,7015,5955,1060
36081088903,4487,3876,611
36081089201,7404,6108,1296
36081090700,1584,1262,322
36081091603,4456,3702,754
36081091900,6417,5235,1182
36081092200,2208,1725,483
36081092500,4356,3256,1100
36081092800,3204,2503,701
36081092900,7638,5990,1648
36081093401,3732,2981,751
36081093402,3704,3061,643
36081093800,4460,3877,583
36081093900,6268,4970,1298
36081094201,3729,2985,744
36081094202,4785,3544,1241
36081094203,5676,4894,782
36081094500,4327,3495,832
36081094700,3035,2326,709
36081095400,6108,4640,1468
36081096400,6353,4996,1357
36081097202,3460,2260,1200
36081097204,4078,3143,935
36081097205,4268,2956,1312
36081097206,2910,2031,879
36081097300,2007,1609,398
36081098100,2353,1888,465
36081098700,2543,2034,509
36081099100,6642,5632,1010
36081099200,4348,3226,1122
36081099701,3075,2505,570
36081099703,3938,3432,506
36081099704,7280,6440,840
36081099705,2687,2253,434
36081099801,7853,6021,1832
36081099802,5822,4609,1213
36081100801,2496,1773,723
36081100803,4817,3607,1210
36081100804,4315,3106,1209
36081101002,4596,3119,1477
36081101003,3943,2732,1211
36081101004,6612,4975,1637
36081101700,6307,5182,1125
36081102900,3786,3068,718
36081103201,6986,4725,2261
36081103202,6860,4591,2269
36081103300,4459,3535,924
36081103900,6618,5394,1224
36081104700,7907,6522,1385
36081105900,3812,3128,684
36081107201,2370,1873,497
36081108500,2778,2242,536
36081109300,3139,2589,550
36081109700,1797,1478,319
36081109900,3538,2840,698
36081111300,2611,2128,483
36081112300,2126,1785,341
36081112900,2248,1869,379
36081113300,1554,1272,282
36081113900,3602,2999,603
36081114100,2580,2142,438
36081114700,1833,1501,332
36081115100,1087,925,162
36081115500,2132,1709,423
36081115700,3529,3034,495
36081115900,3922,3310,612
36081116100,4585,3989,596
36081116301,5178,4424,754
36081116302,3461,2909,552
36081116700,2094,1708,386
36081117100,2837,2392,445
36081117500,5410,4525,885
36081118100,2015,1689,326
36081118500,2357,1928,429
36081118700,2648,2186,462
36081118900,2625,2150,475
36081119100,3694,2986,708
36081119300,2407,1951,456
36081119500,1445,1197,248
36081119900,1699,1467,232
36081120100,1840,1496,344
36081120300,1818,1530,288
36081120500,3144,2644,500
36081120701,3058,2552,506
36081121500,4737,3792,945
36081122300,3822,3028,794
36081122702,6959,5377,1582
36081122703,6801,5458,1343
36081122704,4444,3545,899
36081124100,4004,3229,775
36081124700,3734,2890,844
36081125700,3642,2928,714
36081126500,1595,1385,210
36081126700,4490,4101,389
36081127700,3600,2686,914
36081129102,3561,2841,720
36081129103,3811,3293,518
36081129104,4318,3656,662
36081130100,4203,3471,732
36081133300,3915,3082,833
36081133900,1360,1033,327
36081134100,3659,2874,785
36081134701,5561,4459,1102
36081134702,5117,3929,1188
36081136700,6250,5154,1096
36081137700,7309,5782,1527
36081138501,4994,3995,999
36081138502,85,82,3
36081139900,1769,1475,294
36081140300,2406,1982,424
36081140901,1020,836,184
36081140902,2906,2362,544
36081141700,4975,4077,898
36081142900,3897,3215,682
36081143500,2364,1905,459
36081144100,2957,2509,448
36081144700,3131,2501,630
36081145101,1501,1210,291
36081145102,2597,2096,501
36081145900,2870,2388,482
36081146300,2929,2410,519
36081146700,2807,2441,366
36081147100,3239,2684,555
36081147900,4279,3524,755
36081148300,2968,2426,542
36081150701,2919,2484,435
36081150702,3049,2574,475
36081152901,6382,5292,1090
36081152902,5665,4662,1003
36081155101,1945,1917,28
36081155103,4373,3846,527
36081155104,3616,3108,508
36081156700,1470,1292,178
36081157101,7561,6341,1220
36081157102,2109,1718,391
36081157901,5184,4444,740
36081157902,3757,3176,581
36081157903,4489,3665,824
36081161700,4541,3693,848
36081162100,6682,5427,1255
36083040100,4017,3015,1002
36083040200,4279,3322,957
36083040300,3350,2383,967
36083040400,2531,1701,830
36083040500,2055,1514,541
36083040600,2286,2069,217
36083040701,3786,3431,355
36083040702,1629,1377,252
36083040800,1731,1530,201
36083040900,2950,2184,766
36083041000,4536,3542,994
36083041101,3092,2588,504
36083041102,2682,1939,743
36083041200,3269,2601,668
36083041300,5283,4824,459
36083041400,3925,3469,456
36083051500,2880,2283,597
36083051601,2992,2311,681
36083051602,3338,2816,522
36083051701,3495,2760,735
36083051702,3216,2554,662
36083051800,5540,4375,1165
36083051901,3891,3178,713
36083051902,3554,2955,599
36083052002,1748,1398,350
36083052003,4326,3683,643
36083052004,6507,5432,1075
36083052101,2051,1672,379
36083052102,1372,1156,216
36083052103,1808,1471,337
36083052201,4322,3428,894
36083052203,5919,4731,1188
36083052204,2429,1980,449
36083052301,4822,3852,970
36083052303,1117,916,201
36083052305,2906,2350,556
36083052306,4447,3646,801
36083052402,2359,1904,455
36083052405,2522,2030,492
36083052406,4532,3640,892
36083052407,4625,3642,983
36083052408,2710,2164,546
36083052501,6105,4854,1251
36083052502,5327,4300,1027
36083052503,1477,1115,362
36083052601,3498,2842,656
36083052602,1103,855,248
36083052603,2791,2299,492
36085000300,2348,1955,393
36085000600,2859,2403,456
36085000700,5143,3963,1180
36085000800,6268,4878,1390
36085000900,2240,1680,560
36085001100,4234,3136,1098
36085001700,1865,1467,398
36085001800,495,351,144
36085002001,2524,2116,408
36085002002,3302,2688,614
36085002100,5467,4270,1197
36085002700,2049,1634,415
36085002900,6871,4748,2123
36085003300,3738,2942,796
36085003600,2792,2123,669
36085003900,2179,1844,335
36085004001,2775,2122,653
36085004002,3409,2723,686
36085004003,4851,3316,1535
36085004004,2807,2136,671
36085004700,3126,2662,464
36085005000,4357,3436,921
36085005901,2854,2322,532
36085006400,3698,2936,762
36085006700,2927,2337,590
36085007001,2634,2156,478
36085007002,6215,4995,1220
36085007400,4962,3939,1023
36085007500,4200,3245,955
36085007700,1762,1228,534
36085008100,4822,3872,950
36085009601,4075,3487,588
36085009602,3767,3036,731
36085009701,4454,3316,1138
36085010500,5597,4245,1352
36085011201,5768,4662,1106
36085011203,6791,5392,1399
36085011401,3249,2594,655
36085011402,3738,3056,682
36085012100,3212,2573,639
36085012200,3938,3231,707
36085012500,3087,2293,794
36085012804,4644,3665,979
36085012805,2390,1959,431
36085012806,6659,5274,1385
36085013201,1659,1318,341
36085013203,5790,4697,1093
36085013204,5055,4118,937
36085013301,1631,1047,584
36085013302,3733,2679,1054
36085013400,4204,3364,840
36085013800,6625,5366,1259
36085014100,2868,2184,684
36085014604,6651,5412,1239
36085014605,3785,3107,678
36085014606,6288,5176,1112
36085014607,4650,3585,1065
36085014608,3640,2917,723
36085014700,3451,2825,626
36085015100,5449,4241,1208
36085015601,6663,5355,1308
36085015602,3396,2776,620
36085015603,4776,3790,986
36085016901,3213,2542,671
36085017005,4845,3865,980
36085017007,5526,4179,1347
36085017009,4473,3559,914
36085017011,4587,3750,837
36085017012,4473,3602,871
36085017013,4333,3408,925
36085017014,4327,3461,866
36085017015,2713,2198,515
36085017016,4637,3625,1012
36085017300,2535,1977,558
36085017600,4932,4026,906
36085017701,4724,3828,896
36085017702,2353,1890,463
36085018100,3569,2988,581
36085018701,1836,1429,407
36085018703,3976,2966,1010
36085018704,3780,2980,800
36085018901,5725,4628,1097
36085018902,5533,4008,1525
36085019700,1958,1548,410
36085019800,6627,5261,1366
36085020100,3796,2903,893
36085020701,3942,2788,1154
36085020702,3436,2489,947
36085020803,7348,5724,1624
36085020804,5364,4314,1050
36085020805,6433,5110,1323
36085020806,2714,2155,559
36085021300,5737,4307,1430
36085022300,3134,2343,791
36085022601,6945,5318,1627
36085022602,1223,1042,181
36085022801,95,86,9
36085023100,4959,3801,1158
36085023900,3605,2851,754
36085024401,5687,4499,1188
36085024402,4381,3520,861
36085024700,2893,2181,712
36085024800,4798,3687,1111
36085025100,6030,4866,1164
36085027301,4811,3891,920
36085027302,4242,2946,1296
36085027702,6479,5465,1014
36085027704,4612,3659,953
36085027705,5866,4607,1259
36085027706,3043,2412,631
36085027900,2110,1762,348
36085029102,3394,2550,844
36085029104,7178,5676,1502
36085029105,4257,3467,790
36085029106,3231,2597,634
36085030301,5130,4097,1033
36085030302,6669,5137,1532
36085031901,3262,2274,988
36085031902,5500,3783,1717
36085032300,1233,948,285
36087010101,5742,4602,1140
36087010102,4854,3862,992
36087010200,4217,3369,848
36087010501,5291,4052,1239
36087010503,2875,1995,880
36087010504,7657,5929,1728
36087010601,4058,3104,954
36087010602,6883,5298,1585
36087010701,4079,3204,875
36087010702,4387,3160,1227
36087010703,3857,2887,970
36087010801,4824,3650,1174
36087010802,5288,4114,1174
36087010803,5609,4403,1206
36087010804,4038,3163,875
36087010901,4790,3856,934
36087010902,4139,3287,852
36087011000,2015,1574,441
36087011101,5857,4803,1054
36087011102,5945,4874,1071
36087011200,6545,5143,1402
36087011302,5614,4404,1210
36087011303,5667,4547,1120
36087011304,4651,3237,1414
36087011305,3934,3138,796
36087011401,4257,3330,927
36087011403,5548,4369,1179
36087011404,3961,3354,607
36087011405,4173,3208,965
36087011505,3493,1717,1776
36087011506,6888,2857,4031
36087011507,4384,2735,1649
36087011508,4216,2743,1473
36087011509,3735,2555,1180
36087011510,4546,2914,1632
36087011511,3674,2770,904
36087011512,4202,3174,1028
36087011601,3521,2639,882
36087011602,6667,4853,1814
36087011603,6069,4360,1709
36087011700,3036,2383,653
36087011800,930,698,232
36087011901,3943,3019,924
36087011902,3472,2772,700
36087012000,4026,3389,637
36087012107,5463,2225,3238
36087012108,5669,2401,3268
36087012109,3152,1636,1516
36087012110,3741,1491,2250
36087012111,3273,1539,1734
36087012112,4032,1900,2132
36087012113,4489,2129,2360
36087012114,2874,1438,1436
36087012115,1721,1099,622
36087012116,3242,1370,1872
36087012203,3531,2074,1457
36087012204,3926,1768,2158
36087012205,2669,1736,933
36087012206,3134,2347,787
36087012301,3457,1689,1768
36087012302,3813,2518,1295
36087012401,5307,3992,1315
36087012403,2498,1752,746
36087012404,2551,1741,810
36087012503,2970,1695,1275
36087012504,4119,2674,1445
36087012505,3243,1678,1565
36087012506,3243,1890,1353
36087012600,6172,4794,1378
36087012700,4363,3444,919
36087012800,7238,5704,1534
36087013001,2439,1924,515
36087013002,5452,4412,1040
36087013003,3265,2852,413
36087013101,3285,2655,630
36087013102,3098,2682,416
36087013200,2699,2224,475
36087013300,2517,2132,385
36087013401,4395,3445,950
36087013402,3732,2972,760
36089490100,3331,2470,861
36089490200,3633,2879,754
36089490300,5469,4281,1188
36089490400,3050,2461,589
36089490500,3979,3107,872
36089490600,4453,3505,948
36089490700,6443,4877,1566
36089490800,3393,2866,527
36089490900,3258,2569,689
36089491000,4456,3570,886
36089491100,2248,2230,18
36089491200,1546,1531,15
36089491300,4221,3129,1092
36089491400,4595,3783,812
36089491500,3419,2713,706
36089491600,2050,1589,461
36089491700,4158,3205,953
36089491800,4472,3057,1415
36089491900,1529,1522,7
36089492000,5618,4650,968
36089492100,4491,3855,636
36089492301,3421,2693,728
36089492302,2523,2023,500
36089492401,2167,1577,590
36089492501,2085,1733,352
36089492600,5813,4523,1290
36089492700,6551,5184,1367
36089492800,2994,2232,762
36089492900,2057,1577,480
36089493000,1082,873,209
36091060102,6304,4960,1344
36091060103,1890,1472,418
36091060104,4264,3443,821
36091060200,3744,3054,690
36091060301,3109,2456,653
36091060400,2562,1959,603
36091060501,1976,1620,356
36091060504,1154,1024,130
36091060505,998,892,106
36091060506,1675,1319,356
36091060507,400,344,56
36091060601,3083,2519,564
36091060602,4921,3872,1049
36091060703,3119,2472,647
36091060704,4786,3890,896
36091060705,3919,3109,810
36091060706,5537,4233,1304
36091060800,5242,4101,1141
36091060901,3961,3209,752
36091060902,1847,1392,455
36091061001,2432,2174,258
36091061002,1789,1647,142
36091061101,2002,1596,406
36091061102,3701,3122,579
36091061201,2232,2010,222
36091061202,3272,2775,497
36091061301,3956,3102,854
36091061303,2123,2112,11
36091061304,2831,2207,624
36091061305,4153,3399,754
36091061401,4920,3764,1156
36091061403,6460,5321,1139
36091061404,3081,2368,713
36091061500,3525,2879,646
36091061600,4328,3363,965
36091061701,6583,5127,1456
36091061702,4228,3281,947
36091061800,5359,4325,1034
36091061904,6092,4825,1267
36091061905,3584,2960,624
36091061906,3271,2744,527
36091061907,4183,3432,751
36091062001,4700,3762,938
36091062002,2568,2089,479
36091062100,1754,1318,436
36091062200,3117,2423,694
36091062300,2046,1591,455
36091062404,3003,2544,459
36091062406,3928,3062,866
36091062407,4448,3620,828
36091062408,2772,2317,455
36091062409,3042,2542,500
36091062410,3978,3199,779
36091062501,5138,3904,1234
36091062503,5806,4493,1313
36091062505,4491,3373,1118
36091062506,5729,4462,1267
36091062507,3830,3097,733
36091062508,4474,3512,962
36091062509,3328,2691,637
36091062601,2691,2079,612
36091062602,7033,5384,1649
36091062700,6170,5003,1167
36091062800,2038,1608,430
36091062900,829,670,159
36093020101,2342,1995,347
36093020102,2605,1776,829
36093020200,2839,2152,687
36093020300,1771,1507,264
36093020500,4693,3735,958
36093020600,3179,2461,718
36093020700,5618,4124,1494
36093020800,3943,2857,1086
36093020900,3767,2628,1139
36093021001,926,857,69
36093021002,2311,1758,553
36093021200,2892,2242,650
36093021400,3526,2484,1042
36093021500,3227,2225,1002
36093021600,3709,2892,817
36093021700,4167,2931,1236
36093021801,2099,1731,368
36093021802,4649,3958,691
36093031901,4646,3585,1061
36093031902,3315,2744,571
36093032000,7108,5387,1721
36093032101,6027,4560,1467
36093032102,1827,1392,435
36093032200,4657,3694,963
36093032300,2615,2065,550
36093032402,3482,2789,693
36093032403,2174,1755,419
36093032404,6675,5430,1245
36093032502,3494,2742,752
36093032503,4023,3126,897
36093032504,2206,1805,401
36093032601,2285,1868,417
36093032602,4328,3592,736
36093032700,4019,3206,813
36093032901,3808,3040,768
36093032902,4391,3434,957
36093033002,2541,2042,499
36093033003,3869,3162,707
36093033004,2987,2383,604
36093033101,2024,1680,344
36093033102,5863,4785,1078
36093033200,3405,2669,736
36093033300,2295,1816,479
36093033400,3219,2863,356
36093033500,2515,2354,161
36095740100,4913,3934,979
36095740200,4996,4089,907
36095740300,1090,1081,9
36095740400,5048,4006,1042
36095740500,3538,2860,678
36095740600,2840,2344,496
36095740700,4628,3783,845
36095740800,2661,2244,417
36097950100,4895,3994,901
36097950200,1719,1361,358
36097950300,3045,2436,609
36097950400,3752,3091,661
36097950500,4487,3626,861
36099950100,2401,1747,654
36099950200,2668,2145,523
36099950300,3465,2758,707
36099950400,2894,2335,559
36099950500,3683,2930,753
36099950600,3695,2966,729
36099950700,3657,2825,832
36099950801,991,991,0
36099950802,3868,2908,960
36099950900,4329,3461,868
36099951000,2163,1754,409
36101960100,1258,1011,247
36101960200,3119,2401,718
36101960300,2269,1817,452
36101960400,3732,2940,792
36101960500,2729,2186,543
36101960600,4039,3318,721
36101960700,2858,2269,589
36101960800,2893,2230,663
36101960900,2507,1832,675
36101961000,3379,2662,717
36101961100,4174,3295,879
36101961200,3579,2869,710
36101961300,3671,2933,738
36101961400,2122,1796,326
36101961500,1815,1485,330
36101961600,1684,1297,387
36101961700,3160,2569,591
36101961800,3245,2450,795
36101961900,3295,2514,781
36101962000,4113,2968,1145
36101962100,3055,2260,795
36101962200,2397,1742,655
36101962301,5257,4080,1177
36101962302,2838,2270,568
36101962400,2776,2259,517
36101962500,2307,1780,527
36101962600,2262,1755,507
36101962700,3206,2631,575
36101962800,3144,2495,649
36101962900,2839,2267,572
36101963000,3862,3066,796
36103110101,3571,2700,871
36103110103,1997,1677,320
36103110104,3057,2282,775
36103110200,5019,4315,704
36103110300,4677,3953,724
36103110401,2273,1864,409
36103110402,3471,2816,655
36103110501,3169,2502,667
36103110502,2960,2319,641
36103110601,4515,3670,845
36103110602,2832,2389,443
36103110801,1940,1635,305
36103110803,5867,4744,1123
36103110901,2821,2397,424
36103110902,4299,3261,1038
36103111001,2237,1894,343
36103111002,5902,4449,1453
36103111101,2405,1846,559
36103111102,2574,1880,694
36103111103,4247,3113,1134
36103111201,4026,2976,1050
36103111202,4879,3831,1048
36103111300,4716,3704,1012
36103111401,1377,1119,258
36103111402,5054,4067,987
36103111503,4002,3164,838
36103111504,2025,1683,342
36103111506,3185,2508,677
36103111507,2321,1746,575
36103111508,4434,3482,952
36103111601,3927,3098,829
36103111602,3154,2532,622
36103111701,5693,4517,1176
36103111703,3182,2541,641
36103111704,3274,2616,658
36103111801,6160,4890,1270
36103111802,2860,2242,618
36103111803,2723,2119,604
36103111804,2328,1815,513
36103111900,5385,4467,918
36103112001,4603,3727,876
36103112002,4958,4063,895
36103112102,3900,3047,853
36103112103,4564,3819,745
36103112104,2251,1738,513
36103112204,3287,2659,628
36103112211,4449,3471,978
36103112212,3312,2566,746
36103112213,5566,4307,1259
36103112215,3771,3227,544
36103112216,4386,3453,933
36103112217,2316,1764,552
36103112218,5489,4278,1211
36103112219,3482,3120,362
36103112220,3255,2520,735
36103122300,4311,3543,768
36103122405,3507,2618,889
36103122406,7088,5066,2022
36103122407,1633,1324,309
36103122408,3642,2850,792
36103122501,4788,3419,1369
36103122502,4877,3624,1253
36103122602,4759,3768,991
36103122603,5485,4408,1077
36103122604,4076,3218,858
36103122605,1903,1455,448
36103122704,2659,2097,562
36103122705,3226,2564,662
36103122706,4285,3401,884
36103122707,3113,2445,668
36103122801,5894,4736,1158
36103122802,4847,3817,1030
36103122901,5905,4683,1222
36103122902,4562,3760,802
36103123001,5894,4636,1258
36103123002,4900,3914,986
36103123101,3659,3003,656
36103123102,3972,3292,680
36103123201,2306,1833,473
36103123203,3253,2424,829
36103123204,5845,4563,1282
36103123303,4284,3143,1141
36103123304,5558,4332,1226
36103123401,4138,3276,862
36103123403,1956,1524,432
36103123404,5609,4474,1135
36103123500,5945,5012,933
36103123600,3652,3168,484
36103123701,7050,5390,1660
36103123703,4147,3245,902
36103123704,4632,3686,946
36103123801,4058,3566,492
36103123802,3542,2904,638
36103123900,5129,4062,1067
36103124001,4588,3715,873
36103124002,3374,2740,634
36103124101,4557,3671,886
36103124102,3416,2866,550
36103124200,6084,4938,1146
36103124301,2139,1756,383
36103124302,4422,3641,781
36103124401,3929,3386,543
36103124402,3437,2817,620
36103124500,4996,3890,1106
36103124601,2763,2215,548
36103124602,4429,3636,793
36103134702,6321,5168,1153
36103134703,3785,3061,724
36103134704,2891,2434,457
36103134902,5013,4064,949
36103134906,5379,4450,929
36103134907,3791,3014,777
36103134908,3356,2760,596
36103134909,4337,3360,977
36103135002,5322,4161,1161
36103135003,4734,3729,1005
36103135004,3084,2522,562
36103135005,3431,2981,450
36103135101,3965,3058,907
36103135102,4359,3431,928
36103135103,4835,3778,1057
36103135104,5081,3948,1133
36103135201,2071,1627,444
36103135205,5376,4109,1267
36103135208,2848,2313,535
36103135209,3151,2540,611
36103135303,4296,3324,972
36103135305,1741,1406,335
36103135306,4896,3906,990
36103135401,6422,5098,1324
36103135402,6785,5378,1407
36103135403,4314,3420,894
36103135500,4712,3823,889
36103145601,6003,4492,1511
36103145602,6592,4933,1659
36103145603,7011,5024,1987
36103145604,5079,3752,1327
36103145605,3869,2888,981
36103145701,5432,4319,1113
36103145702,6640,4980,1660
36103145703,6011,4473,1538
36103145705,2395,1943,452
36103145706,5359,3987,1372
36103145803,4742,3877,865
36103145804,3567,2981,586
36103145807,4239,3337,902
36103145808,3065,2442,623
36103145809,2062,1600,462
36103145810,3970,3247,723
36103145901,3458,2683,775
36103145903,5894,4581,1313
36103145904,4579,3340,1239
36103145905,4543,3427,1116
36103146001,5096,3813,1283
36103146002,5499,4088,1411
36103146004,1941,1398,543
36103146005,6603,5135,1468
36103146102,2756,2050,706
36103146103,4032,3162,870
36103146105,7294,5377,1917
36103146106,4761,3609,1152
36103146201,5137,3845,1292
36103146202,5047,3721,1326
36103146203,6027,4440,1587
36103146204,6587,4828,1759
36103146205,2311,1818,493
36103146206,2443,1880,563
36103146300,2607,2408,199
36103146402,4392,3566,826
36103146403,5845,4246,1599
36103146404,3297,2510,787
36103146500,5323,4205,1118
36103146607,2546,2111,435
36103146608,2629,2150,479
36103146611,3109,2493,616
36103146612,4908,3914,994
36103146613,3568,2767,801
36103146614,5556,4556,1000
36103146616,3870,3019,851
36103146617,3436,2777,659
36103146618,5619,4470,1149
36103146619,3072,2460,612
36103146620,1888,1589,299
36103146703,4268,3377,891
36103146704,2024,1580,444
36103146705,3252,2660,592
36103146706,2582,2034,548
36103146800,5783,4522,1261
36103146901,5273,4135,1138
36103146902,4345,3536,809
36103147001,4295,3374,921
36103147003,4625,3750,875
36103147004,693,595,98
36103147100,3181,2451,730
36103147201,3714,2990,724
36103147202,2905,2116,789
36103147301,2909,2113,796
36103147302,4772,3834,938
36103147401,5969,4890,1079
36103147402,3663,2951,712
36103147502,6374,5051,1323
36103147503,1977,1670,307
36103147504,1543,1265,278
36103147505,6014,4765,1249
36103147601,2293,1857,436
36103147602,5256,4460,796
36103147701,3525,2882,643
36103147702,4781,3871,910
36103147802,3881,3055,826
36103147803,3190,2688,502
36103147804,5973,4644,1329
36103147901,4209,3434,775
36103147902,4400,3412,988
36103158001,3795,3096,699
36103158009,2717,2139,578
36103158010,3680,2853,827
36103158011,4705,3774,931
36103158012,3829,3155,674
36103158013,2856,2329,527
36103158014,1066,1058,8
36103158015,9343,9244,99
36103158016,2137,1708,429
36103158017,4385,3576,809
36103158102,5053,4073,980
36103158103,4343,3428,915
36103158107,4211,3543,668
36103158108,2879,2262,617
36103158111,3087,2430,657
36103158112,4263,3312,951
36103158114,3364,2721,643
36103158116,1928,1554,374
36103158117,2872,2244,628
36103158118,3672,3010,662
36103158119,5740,4590,1150
36103158120,3188,2542,646
36103158205,1713,1327,386
36103158206,3928,3289,639
36103158207,4842,3961,881
36103158208,4820,3838,982
36103158209,3296,2588,708
36103158304,6648,5232,1416
36103158306,5948,4736,1212
36103158309,4615,3781,834
36103158310,4557,3895,662
36103158315,4502,3692,810
36103158317,5674,4475,1199
36103158318,4268,3343,925
36103158319,3790,3060,730
36103158320,6172,4985,1187
36103158322,2029,1633,396
36103158324,3096,2500,596
36103158325,6610,5237,1373
36103158326,1507,1242,265
36103158327,6601,5153,1448
36103158328,5281,3972,1309
36103158329,1561,1240,321
36103158401,1255,991,264
36103158402,4330,3427,903
36103158403,2375,1904,471
36103158407,5880,4547,1333
36103158408,3972,3051,921
36103158409,3762,3202,560
36103158410,3389,3220,169
36103158411,3072,2333,739
36103158412,2204,1810,394
36103158502,3373,2840,533
36103158505,3664,2980,684
36103158506,3197,2544,653
36103158509,4871,3837,1034
36103158510,6907,5434,1473
36103158511,6581,5207,1374
36103158512,3134,2478,656
36103158513,3065,2423,642
36103158514,6613,5207,1406
36103158604,4866,3838,1028
36103158605,4945,3886,1059
36103158606,4996,3954,1042
36103158607,3241,2633,608
36103158608,4101,3255,846
36103158609,4609,3663,946
36103158705,3981,2932,1049
36103158707,1796,1424,372
36103158708,3614,2893,721
36103158709,2822,2415,407
36103158710,3949,2996,953
36103158711,5736,4724,1012
36103158712,7744,6176,1568
36103158713,3004,2378,626
36103158714,2021,1528,493
36103158715,4482,3791,691
36103158802,5156,4180,976
36103158803,5825,4767,1058
36103158805,3262,2577,685
36103158806,3505,2808,697
36103158901,3183,2687,496
36103158902,4595,3770,825
36103159000,4614,3840,774
36103159103,6292,4463,1829
36103159106,6120,4864,1256
36103159107,3711,2929,782
36103159108,7056,5573,1483
36103159109,2902,2301,601
36103159110,3578,3033,545
36103159111,3159,2456,703
36103159112,3810,3071,739
36103159201,2830,2294,536
36103159203,5301,4420,881
36103159204,4174,3432,742
36103159300,2203,1840,363
36103159406,5703,4422,1281
36103159407,6477,5048,1429
36103159408,3414,2611,803
36103159410,8067,6159,1908
36103159411,3122,2422,700
36103159413,4821,3948,873
36103159414,3175,2524,651
36103159415,1883,1449,434
36103159416,5667,4202,1465
36103159509,3181,2373,808
36103159510,359,313,46
36103159511,7051,5356,1695
36103159512,2312,1807,505
36103159513,4939,3913,1026
36103159514,3350,2586,764
36103159515,2493,1942,551
36103159516,5173,3880,1293
36103159517,3572,2737,835
36103159518,5648,4269,1379
36103159602,4060,3247,813
36103159603,1143,1041,102
36103159604,5058,3979,1079
36103159700,2143,1706,437
36103169701,7731,6101,1630
36103169703,1546,1345,201
36103169705,2990,2362,628
36103169706,4693,4094,599
36103169800,7070,5336,1734
36103169903,4482,3867,615
36103169904,1668,1253,415
36103169905,1609,1384,225
36103169906,4113,3428,685
36103170003,2790,2330,460
36103170004,3027,2530,497
36103170005,2552,2188,364
36103170006,1909,1584,325
36103170101,2583,1998,585
36103170203,1994,1701,293
36103170204,4112,3493,619
36103170205,2289,1992,297
36103170206,2476,2157,319
36103180300,3253,2801,452
36103190402,2650,2097,553
36103190403,3942,3209,733
36103190404,3645,2990,655
36103190405,5097,3809,1288
36103190502,3163,2540,623
36103190503,3871,3109,762
36103190504,2682,2173,509
36103190603,5201,4169,1032
36103190604,5066,4066,1000
36103190605,1662,1375,287
36103190606,4096,3291,805
36103190706,5245,4238,1007
36103190708,2580,2141,439
36103190709,3101,2412,689
36103190710,1894,1546,348
36103190711,3951,3233,718
36103190712,1960,1583,377
36103190713,2245,1834,411
36103190714,3254,2647,607
36103190801,2263,1841,422
36103190802,2287,1924,363
36103200901,1500,1280,220
36103200903,2275,1870,405
36103200904,2701,2072,629
36103200905,1941,1619,322
36103200906,2696,2247,449
36103201005,2676,2145,531
36103201006,2192,1814,378
36103201007,2024,1693,331
36103201008,2294,1945,349
36103201009,5369,4241,1128
36103201010,2717,2233,484
36103201200,560,470,90
36105950100,3366,2713,653
36105950201,2092,1655,437
36105950202,1198,979,219
36105950300,1161,990,171
36105950400,2989,2508,481
36105950500,3075,2404,671
36105950600,1652,1338,314
36105950701,3215,2398,817
36105950702,2217,1653,564
36105950801,2324,1787,537
36105950802,2251,1674,577
36105950900,3518,2406,1112
36105951000,2315,1742,573
36105951100,3784,3383,401
36105951201,4319,3448,871
36105951202,4214,2814,1400
36105951301,1756,1433,323
36105951302,2366,1926,440
36105951500,2898,2060,838
36105951600,3400,2639,761
36105951701,3443,2834,609
36105951702,808,690,118
36105951801,3008,2271,737
36105951802,3801,2852,949
36105951900,1546,1286,260
36105952000,2413,2076,337
36105952100,2203,1796,407
36105952200,1448,1184,264
36105952300,1405,1164,241
36105952400,2196,1866,330
36105952500,2243,1817,426
36107020101,2523,1927,596
36107020102,3642,2827,815
36107020200,5149,4002,1147
36107020300,6782,5528,1254
36107020401,4425,3531,894
36107020402,3916,3062,854
36107020500,3654,2934,720
36107020600,6787,5288,1499
36107020701,2968,2291,677
36107020702,4292,3351,941
36107020703,4317,3334,983
36109000100,2064,1971,93
36109000201,3337,3225,112
36109000202,2539,2383,156
36109000300,2780,2713,67
36109000400,4968,4739,229
36109000500,4489,3626,863
36109000600,5415,4804,611
36109000700,3641,3184,457
36109000800,2745,2350,395
36109000900,4201,3432,769
36109001000,4530,3677,853
36109001100,6162,5464,698
36109001200,3324,3290,34
36109001301,3445,3144,301
36109001302,3972,3449,523
36109001400,3595,2983,612
36109001500,6321,5141,1180
36109001600,4263,3456,807
36109001700,4368,3489,879
36109001800,4883,3875,1008
36109001901,3105,2536,569
36109001902,3163,2519,644
36109002000,4291,3510,781
36109002100,4203,3302,901
36109002200,4431,3540,891
36109002300,5505,4246,1259
36111950100,5010,4121,889
36111950200,3895,3198,697
36111950300,4518,3669,849
36111950400,4025,3402,623
36111950500,3271,2812,459
36111950600,3016,2649,367
36111950900,1297,1097,200
36111951000,4226,3565,661
36111951100,2276,1932,344
36111951200,3902,3234,668
36111951300,4400,3620,780
36111951400,3640,3108,532
36111951500,3454,2812,642
36111951600,2099,1668,431
36111951700,4712,3737,975
36111951800,1839,1391,448
36111951900,2848,2256,592
36111952000,2815,2090,725
36111952100,3687,2842,845
36111952200,3761,3166,595
36111952300,1717,1399,318
36111952400,2690,2336,354
36111952500,3527,2952,575
36111952600,6021,4904,1117
36111952700,2699,2268,431
36111952800,3083,2577,506
36111952901,3063,2617,446
36111952902,2595,2165,430
36111953000,1815,1522,293
36111953300,4372,3508,864
36111953400,4843,4064,779
36111953500,5192,4769,423
36111953600,6116,4952,1164
36111953700,5017,4044,973
36111953800,3801,3027,774
36111953900,4911,3942,969
36111954000,5120,4214,906
36111954100,5304,4058,1246
36111954200,5610,4563,1047
36111954401,4255,3744,511
36111954402,4734,3723,1011
36111954500,4219,3638,581
36111954600,1689,1352,337
36111954700,1750,1449,301
36111954800,5113,3801,1312
36111954900,1590,1323,267
36111955001,2382,1980,402
36111955002,3075,2400,675
36111955300,2283,1951,332
36111955400,4574,3846,728
36113070100,2785,2263,522
36113070200,1862,1450,412
36113070300,3745,3013,732
36113070400,3884,3188,696
36113070500,2554,2089,465
36113070602,1507,1283,224
36113070603,3794,3246,548
36113070604,2407,2027,380
36113070701,4375,3662,713
36113070702,4909,3860,1049
36113070801,3959,3111,848
36113070802,3365,2666,699
36113070900,4853,3836,1017
36113071000,3079,2580,499
36113072001,2012,1738,274
36113072002,1492,1258,234
36113073000,3959,3206,753
36113073500,1853,1529,324
36113074000,2143,1785,358
36113075001,1627,1376,251
36113075002,1459,1197,262
36113076000,2104,1837,267
36113078000,2010,1803,207
36115080100,4820,3717,1103
36115080200,2607,2031,576
36115080301,3089,2525,564
36115080302,2452,1972,480
36115081001,1882,1587,295
36115081002,3930,3544,386
36115082001,4880,3760,1120
36115082002,1104,926,178
36115084001,3179,2541,638
36115084002,3036,2400,636
36115085000,2193,1759,434
36115086000,1786,1462,324
36115087000,3644,2999,645
36115088001,2379,1930,449
36115088002,3612,2886,726
36115089000,4868,3913,955
36115090000,2612,2077,535
36115091000,1718,1435,283
36115092000,3280,2632,648
36115093000,1952,1550,402
36115094000,2279,1846,433
36117020103,2675,2106,569
36117020104,2502,1976,526
36117020105,2947,2384,563
36117020106,2322,1787,535
36117020201,4722,3698,1024
36117020202,4531,3459,1072
36117020302,5372,4368,1004
36117020303,3898,3006,892
36117020401,2897,2316,581
36117020402,3963,3109,854
36117020500,4566,3628,938
36117020601,1568,1262,306
36117020602,2402,1881,521
36117020700,3433,2688,745
36117020800,2909,2501,408
36117020900,5119,3947,1172
36117021000,6121,5008,1113
36117021100,5084,4024,1060
36117021200,4533,3538,995
36117021400,3672,2780,892
36117021501,1872,1525,347
36117021502,4002,3116,886
36117021600,4126,3160,966
36117021700,3876,2896,980
36117021800,2171,1581,590
36119000101,5731,4224,1507
36119000103,5850,4260,1590
36119000104,1016,872,144
36119000202,3905,2969,936
36119000203,3365,2734,631
36119000204,4108,2993,1115
36119000205,3928,2960,968
36119000300,4638,3427,1211
36119000401,6059,4686,1373
36119000403,3740,2840,900
36119000404,2239,1758,481
36119000501,2477,1750,727
36119000502,3544,2574,970
36119000601,2878,2078,800
36119000602,4478,3525,953
36119000701,3455,2906,549
36119000702,5272,4442,830
36119000801,5950,4876,1074
36119000802,2646,2043,603
36119000803,4786,3677,1109
36119000900,3607,2949,658
36119001000,1820,1281,539
36119001101,3907,2519,1388
36119001102,5598,3880,1718
36119001200,5336,3635,1701
36119001301,3883,3081,802
36119001302,4101,3081,1020
36119001304,3630,2670,960
36119001305,3505,2496,1009
36119001401,4244,3463,781
36119001402,2003,1634,369
36119001403,3353,2654,699
36119001502,3189,2575,614
36119001503,3167,2575,592
36119001504,5020,4004,1016
36119001505,2194,1854,340
36119001600,4105,3179,926
36119001701,3913,3086,827
36119001702,3125,2513,612
36119001800,1803,1398,405
36119001900,1753,1451,302
36119002000,4545,3787,758
36119002101,4035,3346,689
36119002103,3258,2548,710
36119002104,5290,4353,937
36119002105,1926,1637,289
36119002106,2602,1991,611
36119002107,1592,1257,335
36119002201,2374,1950,424
36119002202,4709,4077,632
36119002203,1645,1519,126
36119002204,5144,4613,531
36119002300,3930,3166,764
36119002401,1908,1595,313
36119002402,3418,2965,453
36119002403,5891,4716,1175
36119002404,2924,2384,540
36119002405,3057,2527,530
36119002600,4349,3438,911
36119002700,3757,2891,866
36119002800,2732,2099,633
36119002900,4273,3240,1033
36119003000,3228,2486,742
36119003100,3211,2454,757
36119003200,2954,2187,767
36119003300,3993,3131,862
36119003400,4912,3923,989
36119003500,2354,1738,616
36119003600,4499,3421,1078
36119003700,4307,3325,982
36119003800,3342,2883,459
36119003900,3801,3159,642
36119004001,3834,3177,657
36119004002,2959,2404,555
36119004100,3703,3040,663
36119004200,4879,4012,867
36119004500,1548,1299,249
36119004600,3155,2461,694
36119004700,3501,2210,1291
36119004801,3693,3036,657
36119004802,3391,2569,822
36119004900,3275,2824,451
36119005001,3738,2753,985
36119005002,4572,3463,1109
36119005100,4337,3436,901
36119005200,4979,3633,1346
36119005300,5355,3956,1399
36119005400,1971,1327,644
36119005500,5752,4048,1704
36119005702,3266,2799,467
36119005703,3291,2764,527
36119005704,3172,2791,381
36119005800,4181,3291,890
36119005901,5138,4238,900
36119005902,5654,4656,998
36119006000,4335,3495,840
36119006100,4099,3259,840
36119006200,5796,4267,1529
36119006301,3713,2918,795
36119006302,3114,2434,680
36119006400,5504,4153,1351
36119006500,5762,4368,1394
36119006600,6406,5288,1118
36119006700,5214,3840,1374
36119006801,5595,4270,1325
36119006802,5486,4358,1128
36119006900,6249,4521,1728
36119007000,6601,4798,1803
36119007100,6630,4606,2024
36119007200,7022,5453,1569
36119007300,5256,3984,1272
36119007401,4849,3649,1200
36119007402,3024,2285,739
36119007500,5056,3505,1551
36119007600,6555,4455,2100
36119007700,4981,3722,1259
36119007800,4761,3451,1310
36119007901,3620,2777,843
36119007902,5089,3906,1183
36119008000,5963,4519,1444
36119008100,5026,3908,1118
36119008200,7401,5944,1457
36119008301,2779,2227,552
36119008302,7101,5392,1709
36119008401,2233,1594,639
36119008403,3883,2941,942
36119008404,5111,3963,1148
36119008500,3726,2727,999
36119008602,5387,3753,1634
36119008700,5745,4510,1235
36119008801,2031,1598,433
36119008802,2637,2349,288
36119008901,5676,4878,798
36119008902,3827,3058,769
36119009000,4199,3467,732
36119009100,5811,4527,1284
36119009201,4265,3490,775
36119009202,3212,2479,733
36119009300,3679,2982,697
36119009400,4290,3509,781
36119009500,5175,4267,908
36119009600,4541,3449,1092
36119009701,3100,2404,696
36119009702,2826,2334,492
36119009703,4290,3447,843
36119009800,4815,3326,1489
36119009900,3126,2194,932
36119010000,5616,3800,1816
36119010100,4696,3283,1413
36119010200,5273,3810,1463
36119010300,3317,2688,629
36119010400,3913,3168,745
36119010500,7628,5640,1988
36119010600,5091,3750,1341
36119010701,6372,4595,1777
36119010702,5479,4230,1249
36119010801,3381,2733,648
36119010803,3770,3343,427
36119010804,2591,2152,439
36119010901,2368,1992,376
36119010902,5938,4878,1060
36119010903,5084,4057,1027
36119011000,2473,1912,561
36119011101,6551,5313,1238
36119011102,3106,2318,788
36119011200,4550,3677,873
36119011300,6652,5043,1609
36119011401,4302,3560,742
36119011402,2172,1638,534
36119011500,5386,4442,944
36119011601,3188,2401,787
36119011602,3431,2616,815
36119011700,2966,2267,699
36119011800,6722,5402,1320
36119011902,4528,3572,956
36119012000,4625,3643,982
36119012101,5683,4272,1411
36119012102,4659,3635,1024
36119012201,3180,2358,822
36119012202,4333,3337,996
36119012301,2401,1902,499
36119012303,5114,3786,1328
36119012304,4893,3647,1246
36119012400,5082,4009,1073
36119012501,3032,2316,716
36119012502,5561,4336,1225
36119012503,3672,2910,762
36119012600,4529,3378,1151
36119012700,4643,3546,1097
36119012803,2976,2280,696
36119012804,4123,3158,965
36119012900,4389,3533,856
36119013000,6570,5187,1383
36119013102,6390,4647,1743
36119013103,5324,3954,1370
36119013104,6597,4554,2043
36119013201,3753,2889,864
36119013202,3131,2543,588
36119013301,3991,3050,941
36119013304,5391,4166,1225
36119013401,3208,2609,599
36119013402,4213,3165,1048
36119013500,4060,3119,941
36119013600,5321,4129,1192
36119013700,5626,4753,873
36119013800,3384,2513,871
36119013900,4943,3849,1094
36119014000,2302,1826,476
36119014100,6525,5063,1462
36119014200,3994,3075,919
36119014300,4240,3198,1042
36119014400,5942,4760,1182
36119014500,4730,4008,722
36119014604,4363,3490,873
36119014605,2933,2576,357
36119014606,5964,4717,1247
36119014607,4447,3401,1046
36119014701,4977,4013,964
36119014703,6287,4952,1335
36119014704,2164,1645,519
36119014805,4449,3491,958
36119014806,6591,5018,1573
36119014808,3382,2602,780
36119014809,6255,4845,1410
36119014810,2117,1902,215
36119014811,5736,4340,1396
36119014812,4324,3450,874
36119014813,3715,2962,753
36119014901,6280,4838,1442
36119014903,4006,3563,443
36119014907,4176,3183,993
36119014908,3673,2850,823
36119014909,3406,2956,450
36119015000,5243,4191,1052
36119015100,5258,4265,993
36119981000,1121,1031,90
36119982000,1367,1362,5
36119983000,1038,1027,11
36119984000,781,713,68
36119985000,2133,2113,20
36121970100,2592,2048,544
36121970201,2090,2090,0
36121970202,3700,2901,799
36121970300,3235,2666,569
36121970400,3650,2954,696
36121970500,5316,4335,981
36121970600,5832,4782,1050
36121970700,2711,2144,567
36121970800,2764,2187,577
36121970900,1972,1588,384
36121971000,4187,3282,905
36121971100,2482,1918,564
36123150101,3441,2573,868
36123150102,2259,1684,575
36123150200,5791,4310,1481
36123150301,2854,2162,692
36123150302,2296,1749,547
36123150400,3836,3322,514
36123150501,1815,1412,403
36123150502,2482,1878,604
37001020100,4040,3196,844
37001020200,4137,3192,945
37001020301,4213,3109,1104
37001020302,3974,2817,1157
37001020400,6556,4749,1807
37001020501,3965,3175,790
37001020502,4299,3101,1198
37001020601,3170,2613,557
37001020602,2509,2086,423
37001020701,5018,4142,876
37001020702,5063,3903,1160
37001020801,1930,1438,492
37001020802,6175,4475,1700
37001020901,3871,3083,788
37001020902,3887,3092,795
37001021000,4091,3038,1053
37001021101,3984,3106,878
37001021102,3587,2855,732
37001021201,6305,4722,1583
37001021204,5217,4037,1180
37001021205,7963,6109,1854
37001021206,5382,3960,1422
37001021207,3498,2697,801
37001021300,6178,4936,1242
37001021400,2668,2173,495
37001021500,4576,3658,918
37001021600,8913,7396,1517
37001021701,3479,2946,533
37001021702,5897,5272,625
37001021703,7974,6255,1719
37001021801,4706,3740,966
37001021802,3618,2861,757
37001021803,3042,2352,690
37001021901,4630,3622,1008
37001021902,4424,3438,986
37001022001,3759,2937,822
37001022002,4717,3688,1029
37003040100,3248,2568,680
37003040200,3877,3162,715
37003040300,3090,2509,581
37003040400,6503,5098,1405
37003040500,6560,5109,1451
37003040600,6320,5301,1019
37003040700,6846,5526,1320
37005950100,4058,3346,712
37005950200,3762,3027,735
37005950300,3068,2569,499
37007920100,2783,2228,555
37007920200,1411,1140,271
37007920301,4504,3561,943
37007920302,649,508,141
37007920400,2475,1880,595
37007920501,944,738,206
37007920502,4442,3587,855
37007920600,3481,2837,644
37007980000,1366,1366,0
37009970200,2497,2062,435
37009970300,2390,1968,422
37009970400,4360,3573,787
37009970501,3511,2919,592
37009970502,3007,2437,570
37009970701,3356,2835,521
37009970702,2527,2066,461
37009970801,2146,1811,335
37009970802,2783,2313,470
37011930100,3057,2641,416
37011930200,3431,3009,422
37011930301,3351,2699,652
37011930302,3030,2412,618
37011930400,4937,4343,594
37013930101,2889,2294,595
37013930102,1756,1432,324
37013930200,5898,4731,1167
37013930300,3892,3118,774
37013930400,5128,3987,1141
37013930501,4440,3538,902
37013930502,3422,2719,703
37013930600,3259,2590,669
37013930700,2663,2297,366
37013930800,2016,1615,401
37013930900,3875,3464,411
37013931001,2599,1974,625
37013931002,2815,2246,569
37015960100,4749,3984,765
37015960200,3232,2580,652
37015960300,2788,2262,526
37015960401,3002,2444,558
37015960402,4163,3626,537
37017950101,2096,1638,458
37017950102,2660,2135,525
37017950200,2734,2127,607
37017950301,2524,1902,622
37017950302,3246,2561,685
37017950401,3509,2842,667
37017950402,2010,1557,453
37017950501,2278,1813,465
37017950502,3371,2639,732
37017950601,2905,2312,593
37017950602,2273,1900,373
37019020101,2698,2074,624
37019020102,6040,4953,1087
37019020105,6376,5443,933
37019020106,2828,2231,597
37019020107,2769,2119,650
37019020108,3374,2637,737
37019020201,5169,4115,1054
37019020203,2396,1896,500
37019020204,6424,5231,1193
37019020205,8409,7274,1135
37019020206,2061,1604,457
37019020304,8816,8392,424
37019020305,3348,2947,401
37019020306,2578,2271,307
37019020307,268,248,20
37019020308,2024,1847,177
37019020311,2473,2251,222
37019020312,1101,916,185
37019020313,2876,2622,254
37019020314,558,494,64
37019020315,1910,1744,166
37019020316,652,616,36
37019020404,3006,2479,527
37019020405,3166,2666,500
37019020406,921,842,79
37019020407,1918,1708,210
37019020408,2885,2285,600
37019020409,2288,1982,306
37019020504,2024,1962,62
37019020505,3917,3055,862
37019020508,3039,2883,156
37019020510,2405,2127,278
37019020511,2566,2241,325
37019020512,1170,1079,91
37019020513,1541,1270,271
37019020514,3004,2512,492
37019020515,3581,3302,279
37019020516,4717,4355,362
37019020517,2522,2242,280
37019020518,3234,2982,252
37019020601,4698,3647,1051
37019020602,5618,4374,1244
37019020603,3325,2688,637
37021000100,1563,1512,51
37021000200,1902,1430,472
37021000300,2183,1806,377
37021000400,4436,4093,343
37021000500,3725,3133,592
37021000600,1972,1755,217
37021000700,1648,1460,188
37021000800,3358,2774,584
37021000900,3552,2967,585
37021001000,4620,3721,899
37021001100,5127,4257,870
37021001200,5381,4230,1151
37021001300,4585,3615,970
37021001401,5028,4083,945
37021001402,2442,1802,640
37021001500,2507,2065,442
37021001601,3432,2829,603
37021001602,3480,3011,469
37021001700,2887,2489,398
37021001801,3512,2971,541
37021001802,4671,3918,753
37021001900,3645,3079,566
37021002000,7131,5908,1223
37021002101,1469,1207,262
37021002102,5650,4474,1176
37021002203,6661,4941,1720
37021002204,9841,8314,1527
37021002205,6815,5471,1344
37021002206,5053,4227,826
37021002303,6716,5458,1258
37021002304,1675,1349,326
37021002305,5967,4850,1117
37021002306,3890,3267,623
37021002401,3554,2798,756
37021002402,5660,4434,1226
37021002503,4354,3359,995
37021002504,5135,4055,1080
37021002505,5164,4137,1027
37021002506,3961,3097,864
37021002603,3784,2981,803
37021002604,6746,5408,1338
37021002606,4158,3237,921
37021002607,4489,3541,948
37021002608,5199,4129,1070
37021002609,1297,1052,245
37021002701,4354,3665,689
37021002702,4633,3900,733
37021002704,4837,4034,803
37021002705,1391,1177,214
37021002803,4410,3452,958
37021002804,5343,4194,1149
37021002900,3876,3086,790
37021003002,7296,5920,1376
37021003003,5582,4720,862
37021003004,2615,2232,383
37021003103,1943,1571,372
37021003105,4609,3883,726
37021003106,1696,1428,268
37021003107,4030,3313,717
37021003108,2467,2212,255
37021003201,1773,1484,289
37021003202,4846,3826,1020
37021003203,6096,4984,1112
37021003204,5925,4708,1217
37021003205,1705,1391,314
37023020100,4048,3270,778
37023020202,4377,3413,964
37023020203,2860,2363,497
37023020204,2792,2264,528
37023020301,4691,3769,922
37023020303,4698,3722,976
37023020304,2741,2144,597
37023020500,2969,2290,679
37023020600,6363,4884,1479
37023020801,5219,4213,1006
37023020802,3249,2665,584
37023020901,3598,2945,653
37023020902,3421,2734,687
37023021000,5165,4122,1043
37023021100,5946,4673,1273
37023021201,3564,2966,598
37023021202,3902,3128,774
37023021203,4024,3209,815
37023021301,5442,4600,842
37023021302,3389,2685,704
37023021400,5112,3959,1153
37025040501,9545,6498,3047
37025040502,5641,4240,1401
37025040600,6238,4927,1311
37025040701,1823,1412,411
37025040703,2976,2123,853
37025040704,3720,2737,983
37025040705,3535,2736,799
37025040800,4136,3209,927
37025040900,2157,1667,490
37025041001,3495,2585,910
37025041002,2887,2086,801
37025041100,7370,5536,1834
37025041201,3385,2716,669
37025041202,6064,4781,1283
37025041301,7633,5253,2380
37025041304,8674,5551,3123
37025041305,2688,1969,719
37025041306,6345,4540,1805
37025041307,7343,4882,2461
37025041503,6114,4319,1795
37025041504,4409,3218,1191
37025041505,8107,5638,2469
37025041506,5302,3866,1436
37025041507,4450,3200,1250
37025041602,3514,2736,778
37025041603,4992,3751,1241
37025041604,4288,3316,972
37025041701,4259,3348,911
37025041702,3448,2713,735
37025041901,2076,1516,560
37025041902,4360,3216,1144
37025042000,5698,4191,1507
37025042101,3504,2505,999
37025042102,3709,2668,1041
37025042201,3033,2303,730
37025042202,4601,3757,844
37025042300,4922,3779,1143
37025042401,3684,3011,673
37025042402,5870,4407,1463
37025042501,4740,3808,932
37025042502,2728,2195,533
37025042503,5925,4510,1415
37025042504,1500,1153,347
37025042601,5626,4417,1209
37025042602,4789,3466,1323
37025042603,9240,7026,2214
37025042604,5261,4058,1203
37027030100,5614,4190,1424
37027030200,5208,4095,1113
37027030300,3798,3079,719
37027030400,4547,3694,853
37027030500,4792,3886,906
37027030600,4438,3486,952
37027030700,6690,5374,1316
37027030801,3538,2852,686
37027030802,4108,3117,991
37027030900,4686,3871,815
37027031000,2804,2425,379
37027031100,4277,3474,803
37027031201,4300,3560,740
37027031202,4327,3433,894
37027031301,4394,3472,922
37027031302,4084,3175,909
37027031401,3191,2581,610
37027031402,3519,2795,724
37027031403,2337,1877,460
37029950101,5754,4318,1436
37029950102,4601,3569,1032
37031970101,863,752,111
37031970102,2293,1956,337
37031970103,2689,2262,427
37031970200,1127,1003,124
37031970301,4689,3805,884
37031970304,2247,1944,303
37031970305,1682,1506,176
37031970401,1834,1617,217
37031970402,1412,1213,199
37031970403,1079,960,119
37031970501,2619,2160,459
37031970502,2083,1724,359
37031970503,2074,1678,396
37031970504,2053,1525,528
37031970601,1139,917,222
37031970602,1159,963,196
37031970603,1568,1271,297
37031970606,3471,2968,503
37031970701,1127,922,205
37031970702,3708,2938,770
37031970703,5068,4129,939
37031970704,2244,1837,407
37031970801,3005,2441,564
37031970804,3979,3097,882
37031970805,1698,1314,384
37031970806,3752,3025,727
37031970903,1092,997,95
37031970904,2757,2390,367
37031971003,1777,1586,191
37031971103,1398,1313,85
37033930100,2297,1857,440
37033930200,5517,4699,818
37033930300,3787,3035,752
37033930400,2563,2082,481
37033930500,3675,2962,713
37033930600,4897,3961,936
37035010101,6170,4959,1211
37035010102,4318,3499,819
37035010201,4760,3646,1114
37035010203,3209,2440,769
37035010204,5177,3975,1202
37035010301,5055,3859,1196
37035010302,5913,4793,1120
37035010303,4248,3235,1013
37035010304,4424,3133,1291
37035010402,5078,4261,817
37035010403,5555,4461,1094
37035010404,2541,2078,463
37035010501,4092,3286,806
37035010502,3514,2800,714
37035010600,6650,5198,1452
37035010700,2651,2049,602
37035010900,3607,2771,836
37035011000,2414,1791,623
37035011101,3597,2836,761
37035011102,7367,5789,1578
37035011200,5949,4707,1242
37035011300,7488,5671,1817
37035011401,3518,2760,758
37035011402,3982,3196,786
37035011501,5146,4167,979
37035011503,3822,3168,654
37035011505,3669,3030,639
37035011506,3166,2575,591
37035011601,4402,3485,917
37035011602,5496,4329,1167
37035011701,4267,3415,852
37035011702,7200,5671,1529
37035011801,6230,4839,1391
37035011802,5935,4694,1241
37037020103,5520,4399,1121
37037020104,6082,5232,850
37037020105,7944,5911,2033
37037020107,2643,2109,534
37037020108,1949,1542,407
37037020201,3007,2414,593
37037020202,3382,2723,659
37037020203,2409,1950,459
37037020300,2742,2152,590
37037020401,5835,4190,1645
37037020402,4610,3237,1373
37037020500,3605,2828,777
37037020600,5199,4258,941
37037020702,4361,3526,835
37037020703,4549,4068,481
37037020704,2782,2422,360
37037020801,4513,3627,886
37037020802,2775,2266,509
37037020803,2378,1934,444
37039930101,2284,1767,517
37039930102,2133,1714,419
37039930200,2232,1812,420
37039930300,2333,1950,383
37039930401,3934,3347,587
37039930402,2233,1850,383
37039930501,2002,1674,328
37039930502,3587,3006,581
37039930603,1872,1618,254
37039930604,1744,1453,291
37039930605,2025,1730,295
37039930606,2395,2130,265
37041930101,4905,3902,1003
37041930102,2195,1830,365
37041930201,4347,3564,783
37041930202,2261,1818,443
37043950101,2782,2402,380
37043950102,2729,2274,455
37043950201,2405,1948,457
37043950202,3173,2610,563
37045950101,5060,4058,1002
37045950102,2636,2115,521
37045950200,4682,3646,1036
37045950301,4841,3825,1016
37045950302,5940,4679,1261
37045950400,7224,5548,1676
37045950500,3707,2912,795
37045950601,4019,3107,912
37045950603,3081,2458,623
37045950604,2884,2206,678
37045950701,3659,2972,687
37045950702,3804,2879,925
37045950800,4378,3504,874
37045950900,3010,2339,671
37045951000,3380,2607,773
37045951100,3523,2758,765
37045951200,5696,4302,1394
37045951300,2796,2259,537
37045951400,6588,5166,1422
37045951501,5773,4730,1043
37045951502,1325,1053,272
37045951503,2453,1880,573
37045951601,4344,3321,1023
37045951602,4716,3708,1008
37047930100,3892,3057,835
37047930200,1843,1443,400
37047930300,2332,1940,392
37047930400,3567,2803,764
37047930500,4057,3213,844
37047930600,2950,2375,575
37047930700,4090,3200,890
37047930800,3934,3126,808
37047930900,4062,3156,906
37047931000,4863,3984,879
37047931100,3597,2719,878
37047931201,5120,4294,826
37047931202,1831,1427,404
37047931301,2267,1806,461
37047931302,2218,1773,445
37049960101,3787,3364,423
37049960102,4526,3649,877
37049960201,3642,2731,911
37049960202,4589,3775,814
37049960301,3200,2509,691
37049960302,3088,2458,630
37049960401,4910,4070,840
37049960402,3636,2926,710
37049960403,4074,3303,771
37049960404,2944,2565,379
37049960501,4149,3312,837
37049960502,4042,3046,996
37049960600,5335,4216,1119
37049960700,1840,1537,303
37049960800,2659,2058,601
37049960900,1669,1411,258
37049961002,3902,3150,752
37049961003,6694,5071,1623
37049961004,5522,4212,1310
37049961101,5777,4232,1545
37049961102,3755,2846,909
37049961201,2254,1610,644
37049961202,2428,2145,283
37049961301,3316,2591,725
37049961302,5109,3876,1233
37049961303,3873,3120,753
37051000200,2041,1439,602
37051000500,2096,1630,466
37051000600,5463,4389,1074
37051000701,5515,4309,1206
37051000702,2260,1832,428
37051000800,2588,2144,444
37051000900,4670,3784,886
37051001000,2910,2352,558
37051001100,3937,3298,639
37051001200,5677,4373,1304
37051001401,3498,2757,741
37051001402,2600,1847,753
37051001500,2816,2150,666
37051001603,3703,2733,970
37051001604,7877,5640,2237
37051001605,3765,2834,931
37051001606,3736,2772,964
37051001701,2742,2180,562
37051001702,5681,4007,1674
37051001800,2084,1670,414
37051001901,2029,1551,478
37051001902,4438,3461,977
37051001903,4008,3161,847
37051002001,2921,2302,619
37051002002,4548,3562,986
37051002100,4339,3414,925
37051002200,2488,2072,416
37051002301,3577,2746,831
37051002302,1008,773,235
37051002401,1550,1130,420
37051002402,3288,2613,675
37051002501,8012,6255,1757
37051002503,5220,4027,1193
37051002504,8292,5946,2346
37051002505,3427,2723,704
37051002506,3419,2644,775
37051002600,4754,3680,1074
37051002701,2914,2210,704
37051002702,5570,4275,1295
37051002801,4457,3335,1122
37051002802,2563,2009,554
37051002900,4197,3315,882
37051003002,2777,2190,587
37051003003,7343,5033,2310
37051003004,7738,5673,2065
37051003102,6518,4415,2103
37051003103,6683,4838,1845
37051003105,4650,3335,1315
37051003106,2102,1617,485
37051003203,5654,4343,1311
37051003205,5168,3897,1271
37051003206,5873,4166,1707
37051003207,7742,5384,2358
37051003208,3726,2896,830
37051003209,4600,3300,1300
37051003302,5782,4430,1352
37051003304,7157,5691,1466
37051003307,3885,2974,911
37051003310,5085,3666,1419
37051003311,2862,2277,585
37051003312,6505,4953,1552
37051003313,6951,4995,1956
37051003314,7345,5337,2008
37051003315,4191,3236,955
37051003316,2133,1664,469
37051003317,3577,2876,701
37051003318,2496,1934,562
37051003401,2630,1656,974
37051003403,3524,2369,1155
37051003404,2469,2448,21
37051003408,5252,3843,1409
37051003409,3703,3285,418
37051003410,4903,4223,680
37051003501,3532,2643,889
37051003502,1752,1326,426
37051003601,2902,2273,629
37051003602,2119,1566,553
37051003700,7506,5677,1829
37051003800,2588,2098,490
37051980100,427,419,8
37051980200,200,191,9
37053110101,1457,1352,105
37053110102,1486,1210,276
37053110201,5126,3790,1336
37053110202,3889,2953,936
37053110301,4721,3652,1069
37053110302,3480,2652,828
37053110401,3568,2898,670
37053110403,1734,1375,359
37053110404,2639,2122,517
37055970101,4462,3832,630
37055970102,3606,2908,698
37055970200,5056,4186,870
37055970301,4024,3272,752
37055970302,3098,2521,577
37055970400,3182,2732,450
37055970501,1161,910,251
37055970502,4272,3654,618
37055970601,6394,5116,1278
37055970602,1660,1314,346
37057060101,6265,4701,1564
37057060103,2894,2309,585
37057060104,5393,4192,1201
37057060201,5000,3998,1002
37057060202,2342,1790,552
37057060203,6044,4774,1270
37057060301,5054,4070,984
37057060302,4840,3829,1011
37057060303,4498,3604,894
37057060304,3505,2757,748
37057060400,5628,4441,1187
37057060500,5425,4317,1108
37057060601,4548,3330,1218
37057060602,3208,2432,776
37057060700,5298,3977,1321
37057060800,4363,3189,1174
37057060900,4888,3764,1124
37057061000,5240,4010,1230
37057061101,2839,2273,566
37057061102,4353,3530,823
37057061202,3181,2503,678
37057061203,3792,2958,834
37057061204,2674,2032,642
37057061300,2291,1881,410
37057061400,3132,2305,827
37057061501,4773,3513,1260
37057061502,2332,1920,412
37057061600,3152,2395,757
37057061701,5395,4119,1276
37057061703,4306,3271,1035
37057061704,3767,2936,831
37057061705,2856,2276,580
37057061803,3524,2732,792
37057061805,2649,2117,532
37057061806,3333,2729,604
37057061807,2577,2130,447
37057061808,4023,3285,738
37057061902,5067,4150,917
37057061903,3528,2778,750
37057061904,2672,2076,596
37057062001,4525,3728,797
37057062002,3756,3058,698
37059080101,4038,3235,803
37059080102,3451,2759,692
37059080200,5435,4381,1054
37059080301,5652,4684,968
37059080302,3449,2731,718
37059080400,5391,4268,1123
37059080500,4702,3607,1095
37059080600,4527,3466,1061
37059080701,3298,2601,697
37059080702,2769,2052,717
37061090101,2787,2002,785
37061090102,2891,2174,717
37061090103,1507,1084,423
37061090201,1234,945,289
37061090202,2070,1543,527
37061090301,2562,1983,579
37061090302,2282,1690,592
37061090401,2410,1838,572
37061090402,2566,1997,569
37061090503,3385,2609,776
37061090504,1745,1309,436
37061090505,2317,1839,478
37061090506,1829,1363,466
37061090600,2950,2366,584
37061090703,1778,1489,289
37061090704,1782,1337,445
37061090705,2673,1982,691
37061090706,2840,2182,658
37061090801,2695,1953,742
37061090803,1787,1390,397
37061090804,2625,1968,657
37063000101,3282,2488,794
37063000102,4430,3453,977
37063000200,2893,2388,505
37063000301,2644,2193,451
37063000302,3672,2929,743
37063000401,2564,2020,544
37063000402,2966,2747,219
37063000500,4192,3552,640
37063000600,5507,4281,1226
37063000700,3701,3061,640
37063000900,1783,1354,429
37063001001,3879,2750,1129
37063001002,6140,4280,1860
37063001100,4151,3044,1107
37063001301,1432,1162,270
37063001303,4052,3730,322
37063001304,2781,2011,770
37063001400,2746,1745,1001
37063001501,3430,3406,24
37063001503,1861,1850,11
37063001504,3033,2650,383
37063001505,3951,3402,549
37063001601,6117,4908,1209
37063001603,6846,5392,1454
37063001604,6655,5352,1303
37063001705,5794,4592,1202
37063001706,5252,4349,903
37063001708,4895,3618,1277
37063001709,8149,5793,2356
37063001710,4646,3411,1235
37063001711,4748,3692,1056
37063001712,4150,3533,617
37063001713,3407,2798,609
37063001801,8293,6230,2063
37063001802,7548,5278,2270
37063001806,6760,5136,1624
37063001808,11498,8803,2695
37063001809,7316,5915,1401
37063001810,3550,2475,1075
37063001811,6378,4958,1420
37063001900,6201,5644,557
37063002007,5080,4100,980
37063002008,3178,2424,754
37063002009,4800,3682,1118
37063002013,4805,3852,953
37063002015,5328,4179,1149
37063002019,5134,4425,709
37063002020,8403,6318,2085
37063002021,4604,3801,803
37063002022,4524,3809,715
37063002023,2837,2383,454
37063002024,7058,5694,1364
37063002025,6410,4938,1472
37063002026,6831,5318,1513
37063002029,3774,3119,655
37063002030,4354,3340,1014
37063002031,2201,1745,456
37063002032,3320,2552,768
37063002033,4293,3716,577
37063002034,6052,5018,1034
37063002035,6682,5384,1298
37063002036,4307,3525,782
37063002037,7165,6257,908
37063002038,5724,4892,832
37063002100,9056,7787,1269
37063002200,3177,2854,323
37063002300,2434,2071,363
37065020200,5084,3726,1358
37065020300,5372,4080,1292
37065020400,4335,3281,1054
37065020600,2417,1936,481
37065020700,1750,1464,286
37065020800,3115,2521,594
37065020900,2062,1608,454
37065021000,3125,2528,597
37065021100,3648,2773,875
37065021200,4969,4043,926
37065021300,4019,3192,827
37065021400,3490,2727,763
37065021500,2878,2247,631
37065021600,2636,2063,573
37067000100,3239,3113,126
37067000200,1303,1185,118
37067000301,1888,1316,572
37067000302,1832,1326,506
37067000400,3232,2211,1021
37067000500,2344,1545,799
37067000600,1966,1477,489
37067000700,1577,1231,346
37067000801,2827,2564,263
37067000802,2258,1604,654
37067000900,3589,3090,499
37067001000,3946,3156,790
37067001100,2765,2432,333
37067001200,2279,1879,400
37067001300,5265,4984,281
37067001400,3883,2883,1000
37067001500,4361,2969,1392
37067001601,3607,2834,773
37067001602,3101,2132,969
37067001700,5527,4031,1496
37067001800,4478,3196,1282
37067001901,1542,1037,505
37067001902,1871,1483,388
37067002001,2536,1854,682
37067002002,3445,2526,919
37067002100,2111,1780,331
37067002200,3588,3009,579
37067002501,2680,2117,563
37067002502,3017,2352,665
37067002601,2798,2270,528
37067002604,6519,4878,1641
37067002605,2569,1985,584
37067002606,4317,3469,848
37067002701,6329,4761,1568
37067002702,6141,4718,1423
37067002704,3424,2712,712
37067002705,3266,2873,393
37067002801,4521,3596,925
37067002804,3706,2858,848
37067002806,3285,2476,809
37067002807,4889,3882,1007
37067002808,3934,3089,845
37067002809,3045,2395,650
37067002901,4901,3738,1163
37067002903,3756,2841,915
37067002904,2027,1669,358
37067003002,4235,3292,943
37067003003,3610,2824,786
37067003004,3824,3032,792
37067003103,5934,4636,1298
37067003105,3914,3100,814
37067003106,3152,2595,557
37067003107,4346,3460,886
37067003108,3569,2715,854
37067003201,4937,4025,912
37067003202,4244,3293,951
37067003307,3798,2995,803
37067003308,8301,6396,1905
37067003309,5603,4040,1563
37067003310,4258,3049,1209
37067003311,1970,1509,461
37067003312,4537,3624,913
37067003313,1516,1196,320
37067003314,2935,2364,571
37067003315,3729,3065,664
37067003402,2396,1889,507
37067003403,3375,2297,1078
37067003404,3876,2734,1142
37067003500,8076,5771,2305
37067003600,7037,5185,1852
37067003701,4686,3650,1036
37067003702,5372,4197,1175
37067003703,8478,6439,2039
37067003803,4942,3969,973
37067003804,5253,4383,870
37067003805,6598,5244,1354
37067003806,3158,2467,691
37067003903,4860,3763,1097
37067003904,6820,5536,1284
37067003905,3633,3125,508
37067003906,3657,2771,886
37067003908,3265,2533,732
37067003909,4671,3686,985
37067004005,4870,3935,935
37067004007,8016,6073,1943
37067004009,4456,3411,1045
37067004010,5145,3735,1410
37067004011,5908,4537,1371
37067004012,6008,4647,1361
37067004013,4104,3155,949
37067004014,3431,2758,673
37067004015,4624,3504,1120
37067004102,3128,2529,599
37067004103,4244,3254,990
37067004104,4607,3475,1132
37069060100,4420,3512,908
37069060200,3279,2665,614
37069060301,5514,4480,1034
37069060302,2647,2071,576
37069060401,2678,2077,601
37069060403,2593,1992,601
37069060404,3241,2461,780
37069060501,9585,7264,2321
37069060502,9754,7232,2522
37069060601,2946,2226,720
37069060602,6640,5007,1633
37069060701,1329,953,376
37069060702,2063,1671,392
37069060703,2423,2041,382
37069060801,4142,3353,789
37069060802,5319,4139,1180
37071030103,1688,1386,302
37071030104,2307,1840,467
37071030105,3148,2414,734
37071030106,1306,1013,293
37071030205,3827,2932,895
37071030206,2380,1688,692
37071030207,1149,976,173
37071030208,599,486,113
37071030209,1706,1354,352
37071030301,2337,1898,439
37071030302,2587,2036,551
37071030401,4131,3326,805
37071030403,2002,1610,392
37071030404,2732,2148,584
37071030501,2524,2004,520
37071030503,2192,1707,485
37071030504,1682,1364,318
37071030601,2737,2193,544
37071030602,2469,1978,491
37071030700,3215,2568,647
37071030801,1495,1200,295
37071030802,4270,3354,916
37071030901,2534,1987,547
37071030902,5069,3550,1519
37071031001,2712,2123,589
37071031004,3296,2600,696
37071031005,2688,2137,551
37071031006,1824,1460,364
37071031101,2808,2204,604
37071031102,2207,1706,501
37071031202,2467,2145,322
37071031203,1893,1547,346
37071031204,1596,1302,294
37071031301,4497,3318,1179
37071031303,1727,1310,417
37071031304,2996,2313,683
37071031401,2743,2033,710
37071031402,2364,1947,417
37071031500,3459,2581,878
37071031600,3591,2791,800
37071031703,2990,2349,641
37071031704,3681,2852,829
37071031705,2108,1679,429
37071031706,1545,1282,263
37071031800,3351,2401,950
37071031901,585,453,132
37071031902,2365,1663,702
37071032000,3099,2437,662
37071032100,2862,2263,599
37071032201,2436,1960,476
37071032202,1858,1504,354
37071032301,3309,2701,608
37071032302,3127,2625,502
37071032403,2961,2375,586
37071032404,3183,2366,817
37071032405,3342,2510,832
37071032406,2464,1829,635
37071032505,4541,3468,1073
37071032506,3814,2961,853
37071032507,4031,3043,988
37071032508,3028,2396,632
37071032509,2043,1469,574
37071032510,2550,2081,469
37071032600,3959,3190,769
37071032702,2212,1850,362
37071032703,2020,1618,402
37071032704,4838,3929,909
37071032801,2439,1981,458
37071032802,3721,2886,835
37071032900,3759,2926,833
37071033100,3162,2381,781
37071033202,2351,1820,531
37071033203,2521,1894,627
37071033204,3666,2548,1118
37071033303,3602,2874,728
37071033306,1554,1286,268
37071033308,1311,1061,250
37071033309,1933,1522,411
37071033310,1940,1518,422
37071033311,789,615,174
37071033312,3800,2785,1015
37071033313,2297,1829,468
37071033400,2673,2063,610
37071033501,2495,1985,510
37071033502,2674,2089,585
37073970100,4117,3359,758
37073970200,3476,2762,714
37073970300,2885,2222,663
37075920100,2019,1680,339
37075920200,2703,2136,567
37075920300,3308,2554,754
37077970101,4918,3955,963
37077970102,3131,2584,547
37077970200,4327,3420,907
37077970300,3724,2897,827
37077970400,4059,3138,921
37077970500,3787,2990,797
37077970601,6305,4873,1432
37077970604,3946,3102,844
37077970605,5351,4097,1254
37077970606,2239,1745,494
37077970607,4945,3723,1222
37077970701,5437,4221,1216
37077970702,2462,1881,581
37077970703,4329,3546,783
37077970704,2032,2023,9
37079950101,3451,2689,762
37079950102,5807,5217,590
37079950200,4160,3217,943
37079950301,4304,3291,1013
37079950302,2729,2152,577
37081010100,1626,1143,483
37081010200,4659,3686,973
37081010300,2633,1942,691
37081010401,1484,1257,227
37081010403,1634,1324,310
37081010404,2533,2004,529
37081010500,2102,1816,286
37081010601,2857,2475,382
37081010602,6114,5629,485
37081010701,2036,1801,235
37081010702,6928,6769,159
37081010800,2946,2753,193
37081010900,2387,2188,199
37081011000,5224,4907,317
37081011101,4194,2942,1252
37081011102,2753,2157,596
37081011201,3378,3103,275
37081011202,2818,1908,910
37081011300,2956,2281,675
37081011400,5547,3754,1793
37081011500,3866,3229,637
37081011601,2578,1961,617
37081011602,3140,2272,868
37081011904,5263,3774,1489
37081011905,4781,3435,1346
37081012503,4361,3488,873
37081012504,3645,2583,1062
37081012505,4410,3530,880
37081012508,3411,2783,628
37081012509,2325,1854,471
37081012510,3262,2669,593
37081012511,5059,4013,1046
37081012604,4778,3721,1057
37081012607,2698,2115,583
37081012608,2504,1867,637
37081012610,3219,2497,722
37081012611,3855,2917,938
37081012612,6304,4745,1559
37081012617,3475,2460,1015
37081012618,3479,2833,646
37081012619,3446,2785,661
37081012620,3806,2954,852
37081012621,3914,2943,971
37081012703,5505,4254,1251
37081012704,3654,2736,918
37081012705,4168,3024,1144
37081012706,3399,2417,982
37081012707,2677,1916,761
37081012803,9306,6830,2476
37081012804,4299,3310,989
37081012805,2817,2321,496
37081013601,4668,4467,201
37081013602,4111,3095,1016
37081013700,4123,3346,777
37081013800,3977,2915,1062
37081013900,4425,2997,1428
37081014000,3197,2459,738
37081014200,4043,2786,1257
37081014300,2943,2080,863
37081014406,2511,1940,571
37081014407,6129,4913,1216
37081014408,2427,1657,770
37081014409,3038,2455,583
37081014410,3974,3118,856
37081014411,5480,4480,1000
37081014412,2823,2319,504
37081014501,1225,927,298
37081014502,4692,3472,1220
37081014503,3435,2488,947
37081015100,5594,4355,1239
37081015201,5363,4236,1127
37081015202,6477,4732,1745
37081015301,5506,4370,1136
37081015302,4621,3342,1279
37081015401,5446,4282,1164
37081015402,7760,5760,2000
37081015500,7211,5195,2016
37081015601,5439,3880,1559
37081015602,6245,4613,1632
37081015703,6590,5438,1152
37081015704,6347,5154,1193
37081015705,2966,2566,400
37081015706,6193,4807,1386
37081015707,6473,5249,1224
37081015800,8668,6425,2243
37081015901,6175,4676,1499
37081015902,4615,3433,1182
37081016003,4902,3541,1361
37081016005,1837,1490,347
37081016006,4211,3307,904
37081016007,5059,4255,804
37081016008,7620,5641,1979
37081016009,3888,2958,930
37081016010,2698,2361,337
37081016011,5733,4697,1036
37081016101,4684,4203,481
37081016102,3788,3000,788
37081016103,5299,4087,1212
37081016201,6753,4995,1758
37081016203,5221,4198,1023
37081016204,4557,3285,1272
37081016205,4650,3352,1298
37081016303,3380,2797,583
37081016304,3688,2997,691
37081016305,3484,2794,690
37081016306,5452,4436,1016
37081016405,1770,1398,372
37081016406,4228,3552,676
37081016407,4496,3519,977
37081016408,1972,1600,372
37081016409,2496,2026,470
37081016410,5450,4171,1279
37081016502,6553,5364,1189
37081016503,5480,4574,906
37081016505,5239,4164,1075
37081016506,4845,3720,1125
37081016600,2452,1958,494
37081016701,6046,4649,1397
37081016702,3754,2981,773
37081016800,7802,5938,1864
37081016900,4697,3844,853
37081017000,4675,3885,790
37081017101,5582,4430,1152
37081017102,2366,1927,439
37081017200,9369,7167,2202
37083930100,2908,2253,655
37083930200,5164,4092,1072
37083930300,4541,3404,1137
37083930400,3467,2647,820
37083930501,3813,2854,959
37083930503,2025,1651,374
37083930504,3183,2540,643
37083930600,3636,3048,588
37083930701,1111,928,183
37083930702,2468,2119,349
37083930800,4687,3728,959
37083930901,1342,1128,214
37083930902,2764,2174,590
37083931000,3059,2761,298
37083931101,1303,1115,188
37083931102,3151,2533,618
37085070100,3870,2931,939
37085070200,2937,2281,656
37085070300,4680,3760,920
37085070401,4133,3128,1005
37085070402,6658,4973,1685
37085070500,6054,4801,1253
37085070600,4497,3463,1034
37085070700,5514,4504,1010
37085070801,2726,2131,595
37085070802,5289,4631,658
37085070901,2844,2139,705
37085070902,2816,2151,665
37085070903,2293,1753,540
37085070904,3937,2970,967
37085071002,3593,2787,806
37085071003,4034,3107,927
37085071004,1915,1492,423
37085071101,3366,2520,846
37085071102,5014,3774,1240
37085071201,3164,2242,922
37085071202,4551,3120,1431
37085071203,2692,1789,903
37085071204,7201,5044,2157
37085071301,4293,3198,1095
37085071302,7127,4750,2377
37085071303,12164,8255,3909
37085071401,4422,3286,1136
37085071402,11784,7089,4695
37087920101,3811,3259,552
37087920102,3997,3287,710
37087920201,1318,1055,263
37087920202,5239,4257,982
37087920300,3458,2726,732
37087920400,1964,1529,435
37087920501,2044,1596,448
37087920502,4596,3588,1008
37087920601,2326,1944,382
37087920602,2772,2354,418
37087920701,2358,2079,279
37087920702,1789,1601,188
37087920800,3211,2731,480
37087920900,1819,1554,265
37087921000,3339,2690,649
37087921100,2620,2157,463
37087921201,1800,1483,317
37087921202,4115,3428,687
37087921301,4196,3460,736
37087921302,5308,4307,1001
37089930100,4622,3673,949
37089930201,3974,3067,907
37089930202,3340,2490,850
37089930301,4089,3351,738
37089930302,3892,3104,788
37089930401,2677,2173,504
37089930402,3021,2503,518
37089930501,5566,4334,1232
37089930502,4897,3801,1096
37089930600,5437,4351,1086
37089930701,3669,2894,775
37089930702,4644,3747,897
37089930703,5849,4799,1050
37089930800,5075,4061,1014
37089930900,3346,2713,633
37089931000,6081,4998,1083
37089931100,2324,1840,484
37089931200,2291,1846,445
37089931300,4055,3202,853
37089931401,3965,3018,947
37089931402,2323,1834,489
37089931500,3982,3598,384
37089931600,4874,4136,738
37089931700,2881,2499,382
37089931801,3319,2903,416
37089931802,4414,3768,646
37089931901,4086,3472,614
37089931902,3082,2538,544
37089932000,4506,3715,791
37091950101,3483,3002,481
37091950102,3235,2637,598
37091950201,2182,1737,445
37091950202,1650,1356,294
37091950300,2633,2123,510
37091950401,3362,2647,715
37091950402,3792,2922,870
37091980000,1215,1215,0
37093970104,4622,3323,1299
37093970105,5511,3662,1849
37093970106,6500,4402,2098
37093970107,7622,5280,2342
37093970108,5264,3796,1468
37093970109,3428,2405,1023
37093970201,4129,3251,878
37093970202,3991,2929,1062
37093970300,4758,3706,1052
37093970401,3507,2670,837
37093970402,2742,2043,699
37095920101,2305,1866,439
37095920102,2284,1919,365
37097060100,5926,4668,1258
37097060200,2085,1411,674
37097060300,2648,1903,745
37097060400,4042,3070,972
37097060500,4342,3464,878
37097060601,6425,4967,1458
37097060602,2030,1649,381
37097060603,1551,1231,320
37097060701,3007,2395,612
37097060702,4103,3200,903
37097060703,2810,2226,584
37097060801,3503,2734,769
37097060802,3609,2811,798
37097060901,3282,2579,703
37097060902,3802,3023,779
37097061001,4048,3130,918
37097061002,4063,3231,832
37097061003,3848,3047,801
37097061101,2724,2132,592
37097061102,3329,2584,745
37097061103,2812,2253,559
37097061104,2194,1729,465
37097061201,5186,3960,1226
37097061202,5086,3983,1103
37097061203,6614,5137,1477
37097061204,4390,3360,1030
37097061205,3895,3270,625
37097061301,2874,2252,622
37097061302,5012,3875,1137
37097061303,5400,3921,1479
37097061304,5780,4423,1357
37097061401,5221,3871,1350
37097061402,7339,5723,1616
37097061403,3812,3060,752
37097061404,3115,2540,575
37097061405,3625,2931,694
37097061406,5067,3844,1223
37097061407,4506,3663,843
37097061408,5389,3679,1710
37097061501,4898,3510,1388
37097061502,5000,3746,1254
37097061503,4928,3692,1236
37097061601,3402,2448,954
37097061603,5467,4209,1258
37097061604,1459,1093,366
37097061605,3045,2168,877
37099940200,6141,4565,1576
37099950200,1855,1549,306
37099950300,5538,4425,1113
37099950400,4335,3427,908
37099950500,5713,4566,1147
37099950600,11518,10420,1098
37099950700,2950,2439,511
37099950800,2224,1871,353
37099950900,2835,2528,307
37101040101,2802,2148,654
37101040102,2383,1806,577
37101040103,2223,1698,525
37101040204,4645,3510,1135
37101040205,6321,4748,1573
37101040206,4570,3492,1078
37101040207,12721,8960,3761
37101040208,4567,3270,1297
37101040209,6811,4565,2246
37101040210,2303,1679,624
37101040301,4105,3024,1081
37101040303,3501,2388,1113
37101040304,2188,1680,508
37101040400,5070,3787,1283
37101040501,4735,3540,1195
37101040502,2269,1706,563
37101040600,3461,2595,866
37101040700,3406,2644,762
37101040800,3495,2769,726
37101040903,9106,6631,2475
37101040904,4839,3879,960
37101040905,5298,3949,1349
37101040906,2313,1798,515
37101041001,11160,8179,2981
37101041003,3727,2921,806
37101041004,2344,1843,501
37101041005,4075,3116,959
37101041104,4880,3610,1270
37101041105,3918,2965,953
37101041106,5392,3780,1612
37101041107,5155,3716,1439
37101041108,3910,2734,1176
37101041109,3207,2461,746
37101041110,3769,2805,964
37101041111,3869,2868,1001
37101041112,6165,4367,1798
37101041113,2149,1669,480
37101041203,1885,1406,479
37101041204,1625,1198,427
37101041205,2751,2042,709
37101041206,2663,2021,642
37101041301,2133,1628,505
37101041302,3975,3009,966
37101041401,3241,2410,831
37101041402,4435,3357,1078
37101041504,4004,2967,1037
37101041505,4434,3332,1102
37101041506,2333,1774,559
37101041507,4192,3132,1060
37101041508,2682,1990,692
37101041509,4191,3125,1066
37101041510,1983,1470,513
37101041511,2620,1938,682
37103920100,3431,2863,568
37103920200,2532,2040,492
37103920300,3209,2578,631
37105030101,4812,3662,1150
37105030102,5803,4590,1213
37105030200,3265,2316,949
37105030300,2967,2210,757
37105030401,3777,2729,1048
37105030402,7165,5202,1963
37105030502,2151,1584,567
37105030504,6547,5079,1468
37105030505,3211,2526,685
37105030506,1385,1038,347
37105030507,3720,3079,641
37105030601,3506,2757,749
37105030602,5525,4291,1234
37105030702,4368,3404,964
37105030703,1922,1465,457
37105030704,3161,2460,701
37107010100,4520,3545,975
37107010200,2276,1709,567
37107010300,1465,929,536
37107010400,723,546,177
37107010500,3257,2362,895
37107010600,3559,2856,703
37107010700,2116,1763,353
37107010800,4952,4107,845
37107010900,3080,2440,640
37107011001,4435,3504,931
37107011002,3810,2985,825
37107011100,5366,4168,1198
37107011201,3295,2523,772
37107011202,3471,2580,891
37107011301,1665,1330,335
37107011302,2912,2259,653
37107011400,4220,3317,903
37109070100,4896,3900,996
37109070201,4736,3715,1021
37109070202,3323,2676,647
37109070300,4029,3300,729
37109070400,5881,4713,1168
37109070500,4889,3851,1038
37109070600,4226,3327,899
37109070700,3560,2743,817
37109070800,6249,4864,1385
37109070901,3536,2719,817
37109070902,7143,5478,1665
37109071001,5505,4349,1156
37109071002,2719,2182,537
37109071101,7254,5549,1705
37109071102,6689,5373,1316
37109071201,1862,1574,288
37109071202,3995,3338,657
37109071203,6318,4765,1553
37111970101,2058,1654,404
37111970102,3264,2579,685
37111970200,4993,4028,965
37111970300,3090,2447,643
37111970400,2569,1973,596
37111970500,3877,3047,830
37111970600,3464,2804,660
37111970700,4089,3341,748
37111970800,4381,3618,763
37111970902,5026,3926,1100
37111970903,4704,3935,769
37111970904,3063,2453,610
37113970100,2996,2507,489
37113970200,4167,3436,731
37113970302,4416,3552,864
37113970303,2126,1719,407
37113970304,2187,1765,422
37113970400,4331,3568,763
37113970501,1604,1390,214
37113970502,1882,1659,223
37113970600,6343,5195,1148
37113970700,6962,5554,1408
37115010100,2785,2304,481
37115010200,2168,1784,384
37115010400,1854,1566,288
37115010500,4814,3925,889
37115010601,2577,2134,443
37115010602,4082,3403,679
37115010700,2913,2365,548
37117970100,3749,3039,710
37117970200,4168,3304,864
37117970300,3790,2944,846
37117970400,2239,1870,369
37117970500,5272,4213,1059
37117970600,2813,2245,568
37119000101,1182,1131,51
37119000102,2749,2665,84
37119000103,2000,1936,64
37119000104,1876,1781,95
37119000301,1239,1196,43
37119000302,1586,1518,68
37119000401,1886,1836,50
37119000402,2132,2073,59
37119000501,2448,2293,155
37119000502,1585,1422,163
37119000503,1931,1851,80
37119000600,2753,2415,338
37119000700,2480,2362,118
37119000800,2885,2290,595
37119000900,1853,1590,263
37119001000,3466,2977,489
37119001100,3317,2768,549
37119001200,5404,4178,1226
37119001300,3850,3189,661
37119001400,3594,3073,521
37119001504,6620,4898,1722
37119001505,4325,3141,1184
37119001507,4372,3119,1253
37119001508,6762,5059,1703
37119001509,3045,2320,725
37119001510,3202,2502,700
37119001603,3974,3207,767
37119001605,1651,1326,325
37119001606,4104,3221,883
37119001607,2629,1882,747
37119001608,4104,3033,1071
37119001609,3202,2452,750
37119001701,4004,3145,859
37119001702,6094,4486,1608
37119001801,1299,1079,220
37119001802,3453,2872,581
37119001910,5007,3646,1361
37119001911,5812,4339,1473
37119001914,3464,2633,831
37119001916,4641,3433,1208
37119001917,3775,2805,970
37119001918,3690,2795,895
37119001919,4467,3244,1223
37119001920,4883,3454,1429
37119001921,2454,1798,656
37119001922,4594,3316,1278
37119001923,3756,2831,925
37119001924,2878,2003,875
37119001925,4180,3021,1159
37119001926,3564,2841,723
37119001927,2948,2214,734
37119002004,5189,3969,1220
37119002005,2568,2042,526
37119002006,3998,3095,903
37119002007,2578,2019,559
37119002008,3143,2459,684
37119002100,2764,2218,546
37119002201,2718,1968,750
37119002202,3184,2453,731
37119002300,2937,1938,999
37119002400,3100,2676,424
37119002500,2498,2254,244
37119002600,1521,1243,278
37119002701,2307,1944,363
37119002702,6123,4768,1355
37119002800,3901,2826,1075
37119002903,4711,3753,958
37119002905,3784,2805,979
37119002907,3509,2630,879
37119002908,3813,2884,929
37119002909,1570,1233,337
37119002910,3452,2817,635
37119003006,4490,3416,1074
37119003008,5742,4601,1141
37119003012,4419,3357,1062
37119003013,5841,4284,1557
37119003015,4691,3616,1075
37119003016,5117,3581,1536
37119003017,3808,2913,895
37119003018,2743,2137,606
37119003019,2482,1826,656
37119003020,4648,3415,1233
37119003021,2614,1969,645
37119003022,3822,3035,787
37119003102,4455,3714,741
37119003105,3733,3060,673
37119003106,4069,3223,846
37119003108,3228,2502,726
37119003109,4076,3126,950
37119003110,2141,1879,262
37119003111,3251,2905,346
37119003201,2430,1903,527
37119003203,2888,2475,413
37119003204,3512,2926,586
37119003301,1808,1718,90
37119003302,2581,2130,451
37119003401,2168,1892,276
37119003402,4111,3094,1017
37119003500,2901,2499,402
37119003600,3777,3206,571
37119003701,1978,1875,103
37119003702,2280,1797,483
37119003802,3615,2831,784
37119003805,3228,2763,465
37119003807,4569,3244,1325
37119003808,5562,3759,1803
37119003809,3362,2658,704
37119003810,4100,3118,982
37119003811,2793,2147,646
37119003902,4850,3482,1368
37119003903,2411,1393,1018
37119004000,4546,3513,1033
37119004101,2061,1766,295
37119004102,2858,2573,285
37119004200,3300,2510,790
37119004302,5118,3753,1365
37119004303,2910,2287,623
37119004304,3878,2824,1054
37119004306,2570,1832,738
37119004307,3298,2487,811
37119004400,4500,3238,1262
37119004500,3121,2314,807
37119004600,2987,2340,647
37119004700,1719,1464,255
37119004800,3701,2852,849
37119004900,702,551,151
37119005000,2566,1844,722
37119005100,2522,1884,638
37119005200,2419,1797,622
37119005301,3637,2698,939
37119005305,4528,3336,1192
37119005306,2587,1869,718
37119005307,4222,3149,1073
37119005308,3110,2067,1043
37119005403,5333,3960,1373
37119005404,5315,3987,1328
37119005405,3295,2406,889
37119005406,3986,3086,900
37119005508,4140,3145,995
37119005510,6875,4801,2074
37119005511,4242,3428,814
37119005512,5246,3905,1341
37119005513,4581,3443,1138
37119005515,2634,2009,625
37119005516,1726,1252,474
37119005517,4347,3312,1035
37119005519,6605,4890,1715
37119005520,4829,3594,1235
37119005522,4793,3774,1019
37119005525,4350,3291,1059
37119005526,3622,2740,882
37119005527,2622,2117,505
37119005528,4253,3363,890
37119005529,1783,1322,461
37119005530,3832,2889,943
37119005531,5678,4389,1289
37119005532,3657,3054,603
37119005533,1277,1140,137
37119005534,4990,4284,706
37119005535,3945,2971,974
37119005536,5887,4682,1205
37119005604,8512,8096,416
37119005609,4240,3669,571
37119005610,3315,2619,696
37119005611,3561,2642,919
37119005612,5780,4438,1342
37119005613,3313,2512,801
37119005615,2548,1891,657
37119005616,1822,1326,496
37119005617,2906,2229,677
37119005618,3272,2536,736
37119005619,4713,3494,1219
37119005621,5038,4014,1024
37119005622,3219,2776,443
37119005623,4654,3837,817
37119005624,2486,1808,678
37119005625,5752,4362,1390
37119005626,3637,2545,1092
37119005627,7602,5315,2287
37119005709,3840,3211,629
37119005710,4523,3381,1142
37119005712,3814,2949,865
37119005713,4376,3440,936
37119005714,5816,4440,1376
37119005715,3067,2409,658
37119005716,4892,3672,1220
37119005718,3677,2836,841
37119005719,3778,3028,750
37119005720,2510,2050,460
37119005721,3447,2792,655
37119005722,2731,2064,667
37119005723,3573,2767,806
37119005811,4433,3720,713
37119005815,3566,2877,689
37119005816,4303,3394,909
37119005817,4363,3261,1102
37119005824,4618,3396,1222
37119005826,2912,2288,624
37119005827,2772,2143,629
37119005828,3783,3010,773
37119005829,2511,2057,454
37119005830,3718,3009,709
37119005832,3406,2341,1065
37119005833,4941,3959,982
37119005834,4260,3151,1109
37119005835,2666,2004,662
37119005836,4064,3053,1011
37119005839,2763,2286,477
37119005840,2156,1607,549
37119005843,3362,2466,896
37119005845,5926,4131,1795
37119005846,4059,2967,1092
37119005847,5101,3830,1271
37119005848,5333,3759,1574
37119005849,3826,2871,955
37119005850,2848,2211,637
37119005851,4378,3137,1241
37119005852,2140,1711,429
37119005853,2074,1771,303
37119005854,2308,1706,602
37119005855,5222,3907,1315
37119005856,2848,1929,919
37119005857,2587,1915,672
37119005858,4962,3463,1499
37119005859,3102,2401,701
37119005860,4157,2972,1185
37119005861,3120,2494,626
37119005862,3095,2292,803
37119005863,3706,2641,1065
37119005864,5400,3746,1654
37119005865,2248,1810,438
37119005866,4190,3410,780
37119005867,4281,3342,939
37119005868,1961,1593,368
37119005908,2241,1814,427
37119005910,5524,4152,1372
37119005913,6679,5177,1502
37119005915,2477,2164,313
37119005916,2526,1910,616
37119005918,4852,3545,1307
37119005919,3636,2897,739
37119005920,2401,1674,727
37119005921,3426,2787,639
37119005922,4903,3568,1335
37119005923,4997,3760,1237
37119005924,5197,3879,1318
37119005925,3254,2439,815
37119005926,7166,5447,1719
37119005927,5109,4097,1012
37119005928,1576,1225,351
37119005929,3925,3019,906
37119005930,2702,2119,583
37119005931,4005,3252,753
37119005932,2465,1954,511
37119006005,3621,2680,941
37119006008,3795,2936,859
37119006009,3289,2482,807
37119006011,3535,2483,1052
37119006012,5100,3782,1318
37119006013,4002,2860,1142
37119006014,4374,3249,1125
37119006015,4053,3074,979
37119006016,3426,2280,1146
37119006103,4517,3450,1067
37119006105,3144,2374,770
37119006108,4808,3561,1247
37119006109,4833,4030,803
37119006110,5619,4147,1472
37119006111,4461,3293,1168
37119006112,2214,1768,446
37119006113,3528,2824,704
37119006114,4374,3315,1059
37119006115,3330,2815,515
37119006208,3471,2706,765
37119006209,4870,4039,831
37119006210,4744,3482,1262
37119006211,6457,4412,2045
37119006212,3749,2880,869
37119006214,4263,3147,1116
37119006216,2062,1649,413
37119006217,3661,2954,707
37119006218,2853,2140,713
37119006219,2341,1903,438
37119006220,2960,2556,404
37119006221,3865,2796,1069
37119006222,3976,2918,1058
37119006223,2684,1988,696
37119006224,3395,2577,818
37119006305,3824,2824,1000
37119006306,1744,1396,348
37119006307,5792,4499,1293
37119006308,4247,3136,1111
37119006309,2251,1677,574
37119006310,2911,2160,751
37119006311,4373,3098,1275
37119006403,6588,5617,971
37119006404,7065,4929,2136
37119006407,3734,2640,1094
37119006408,2969,2445,524
37119006409,3623,2972,651
37119006410,3531,2515,1016
37119006411,2915,2155,760
37121950100,2326,1949,377
37121950200,3575,2956,619
37121950300,4120,3313,807
37121950400,4882,4028,854
37123960101,1622,1276,346
37123960102,4416,3249,1167
37123960201,1995,1638,357
37123960202,4420,3313,1107
37123960301,1629,1355,274
37123960302,2450,2199,251
37123960401,1975,1558,417
37123960402,2616,2198,418
37123960501,2443,1783,660
37123960502,2185,1608,577
37125950100,2594,2000,594
37125950201,2369,1777,592
37125950202,4154,3249,905
37125950303,2269,1748,521
37125950304,2853,2214,639
37125950305,3992,3203,789
37125950306,1920,1548,372
37125950402,3917,2970,947
37125950403,2345,1850,495
37125950404,2368,1883,485
37125950503,3098,2335,763
37125950504,3548,2555,993
37125950505,890,655,235
37125950506,6644,4643,2001
37125950507,4252,3207,1045
37125950601,3805,3332,473
37125950603,4399,3311,1088
37125950604,3477,2947,530
37125950702,2728,2350,378
37125950703,2667,2171,496
37125950704,2528,2132,396
37125950801,6049,4693,1356
37125950802,4319,3700,619
37125950900,2430,2064,366
37125951001,4246,3582,664
37125951002,1178,880,298
37125951101,3696,2719,977
37125951102,6190,4809,1381
37125951200,4802,3685,1117
37127010200,5058,3783,1275
37127010301,3441,2618,823
37127010302,2944,2389,555
37127010400,2872,2267,605
37127010503,2814,2281,533
37127010504,5651,4462,1189
37127010505,3604,2906,698
37127010506,3760,2993,767
37127010601,2578,2047,531
37127010603,1532,1182,350
37127010604,3830,3037,793
37127010700,2870,2306,564
37127010801,1316,1077,239
37127010802,6027,4761,1266
37127010900,5320,4225,1095
37127011000,4235,3390,845
37127011101,6190,4835,1355
37127011103,5158,4009,1149
37127011104,2538,2138,400
37127011201,3222,2543,679
37127011202,3524,2793,731
37127011300,4910,3736,1174
37127011400,4605,3485,1120
37127011501,2916,2215,701
37127011502,4055,3096,959
37129010100,2447,1959,488
37129010200,3326,2785,541
37129010300,5755,4332,1423
37129010400,2596,2084,512
37129010501,3396,2908,488
37129010503,2089,1839,250
37129010504,6176,5278,898
37129010600,4584,3858,726
37129010700,3779,3054,725
37129010800,2371,1762,609
37129010900,2213,1911,302
37129011000,2075,1597,478
37129011100,2586,2042,544
37129011200,2098,1798,300
37129011300,2014,1915,99
37129011400,1688,1344,344
37129011501,2581,2407,174
37129011502,5494,5249,245
37129011503,3657,2892,765
37129011504,5249,4327,922
37129011605,5269,4176,1093
37129011606,4407,3609,798
37129011608,6127,4829,1298
37129011609,4534,3552,982
37129011610,3409,2755,654
37129011611,6606,5128,1478
37129011612,6185,4851,1334
37129011701,4562,3991,571
37129011703,4898,4143,755
37129011705,9620,7374,2246
37129011800,2476,2129,347
37129011904,2812,2464,348
37129011905,2441,2023,418
37129011906,2905,2611,294
37129012004,3830,2977,853
37129012006,4274,3434,840
37129012007,5345,4739,606
37129012008,6788,5545,1243
37129012009,6991,5358,1633
37129012010,5375,4107,1268
37129012011,4706,3646,1060
37129012012,2630,2078,552
37129012103,4709,3844,865
37129012106,8662,6714,1948
37129012107,4401,3684,717
37129012108,3516,2843,673
37129012109,4051,3020,1031
37129012110,4663,3604,1059
37129012111,5752,4979,773
37129012201,2875,2491,384
37129012202,3700,3046,654
37129012203,2199,1940,259
37129012300,8808,7088,1720
37131920101,1442,1156,286
37131920102,1432,1180,252
37131920103,1647,1365,282
37131920201,1043,875,168
37131920202,2115,1683,432
37131920301,1825,1493,332
37131920302,1644,1327,317
37131920303,1193,1007,186
37131920401,3592,2906,686
37131920402,1538,1380,158
37133000103,6398,4746,1652
37133000104,2968,2134,834
37133000105,6990,5509,1481
37133000203,4668,3131,1537
37133000204,4466,3149,1317
37133000205,7191,5184,2007
37133000206,4000,2831,1169
37133000207,4065,2986,1079
37133000303,1955,1516,439
37133000304,4222,3171,1051
37133000305,3151,2248,903
37133000306,6847,4968,1879
37133000401,9813,7479,2334
37133000403,1339,1217,122
37133000404,1430,1189,241
37133000405,7684,5926,1758
37133000500,3349,3322,27
37133000600,13330,13289,41
37133000700,6025,3610,2415
37133000800,419,332,87
37133000901,1139,916,223
37133000902,3877,2902,975
37133001000,6152,5810,342
37133001101,5068,3792,1276
37133001102,4035,3193,842
37133001201,3367,2373,994
37133001202,8048,6013,2035
37133001301,4048,3138,910
37133001302,3334,2243,1091
37133001303,2431,1919,512
37133001304,7925,5751,2174
37133001400,4433,3443,990
37133001500,2483,1814,669
37133001700,2304,1816,488
37133001800,1749,1447,302
37133002100,5900,4572,1328
37133002201,4825,3794,1031
37133002202,4292,3271,1021
37133002300,4431,3263,1168
37133002400,7558,5361,2197
37133002500,3263,2393,870
37133002600,3202,2488,714
37133002801,2049,1601,448
37133002802,2272,1688,584
37133002803,6081,4529,1552
37135010701,2198,1710,488
37135010705,5036,4083,953
37135010706,3668,2587,1081
37135010707,3363,2929,434
37135010708,2603,2139,464
37135010709,1955,1643,312
37135010710,3335,2731,604
37135010802,4820,3902,918
37135010803,3118,2497,621
37135010804,1930,1574,356
37135010902,6584,4919,1665
37135010903,2589,2060,529
37135010904,3673,2764,909
37135011001,4733,3580,1153
37135011002,4291,3496,795
37135011103,4104,3107,997
37135011104,1499,1172,327
37135011105,3399,2620,779
37135011106,2471,1910,561
37135011107,4257,3199,1058
37135011204,3545,2771,774
37135011206,4184,3150,1034
37135011207,4599,3617,982
37135011208,5245,3595,1650
37135011209,2971,2387,584
37135011210,3459,2703,756
37135011211,2336,1937,399
37135011300,3132,2781,351
37135011400,3893,3568,325
37135011500,1849,1508,341
37135011601,2114,2103,11
37135011602,6498,6381,117
37135011700,5791,5403,388
37135011800,3076,2504,572
37135011902,4367,3517,850
37135011903,2162,1688,474
37135011904,3096,2501,595
37135012101,3913,3014,899
37135012102,1543,1127,416
37135012103,2764,2098,666
37135012201,3084,2427,657
37135012202,5449,4125,1324
37137950101,3062,2449,613
37137950103,2491,2112,379
37137950104,1094,930,164
37137950202,2134,1959,175
37137950203,1632,1462,170
37137950204,1863,1566,297
37139960100,1415,1142,273
37139960200,4261,3425,836
37139960300,2661,1840,821
37139960400,4144,3141,1003
37139960501,3341,2644,697
37139960502,5615,4622,993
37139960503,2520,2018,502
37139960600,7412,5796,1616
37139960701,6131,4863,1268
37139960702,3068,2473,595
37141920104,4632,3571,1061
37141920105,1601,1207,394
37141920106,1813,1571,242
37141920201,7882,5932,1950
37141920202,8993,6797,2196
37141920203,5740,4343,1397
37141920204,1833,1495,338
37141920300,3847,2995,852
37141920401,2268,1740,528
37141920402,3041,2554,487
37141920403,3336,2668,668
37141920501,4169,3310,859
37141920502,1677,1321,356
37141920601,2849,2165,684
37141920602,6522,4939,1583
37143920101,3575,2877,698
37143920102,3122,2525,597
37143920201,2654,2064,590
37143920202,3654,3126,528
37145920100,6861,5466,1395
37145920200,6374,5273,1101
37145920300,6168,4716,1452
37145920400,2690,2133,557
37145920500,7061,5616,1445
37145920601,5145,3985,1160
37145920602,4798,3774,1024
37147000101,2265,2085,180
37147000102,1982,1699,283
37147000201,4185,3696,489
37147000202,2556,2081,475
37147000301,3061,2465,596
37147000303,2307,1898,409
37147000304,5083,4086,997
37147000400,5208,4986,222
37147000501,6457,5165,1292
37147000503,4362,3465,897
37147000504,2228,1992,236
37147000602,4868,3704,1164
37147000604,5088,4076,1012
37147000605,4579,3740,839
37147000606,3838,2877,961
37147000607,8700,6102,2598
37147000701,3675,2803,872
37147000702,2728,1902,826
37147000800,3074,2413,661
37147000901,3680,3033,647
37147000902,2882,2102,780
37147001001,2206,1617,589
37147001002,6668,4988,1680
37147001003,5877,4370,1507
37147001100,5082,3819,1263
37147001200,6349,4796,1553
37147001301,4442,3286,1156
37147001302,5900,4502,1398
37147001304,4186,3112,1074
37147001305,4571,3422,1149
37147001402,2530,1954,576
37147001403,2959,2264,695
37147001404,1773,1370,403
37147001500,3088,2361,727
37147001601,4177,3157,1020
37147001602,4832,3713,1119
37147001700,3909,3026,883
37147001800,5693,4277,1416
37147001900,2725,2095,630
37147002002,4667,3693,974
37147002003,4004,2746,1258
37147002004,1799,1335,464
37149920101,3014,2491,523
37149920103,3013,2481,532
37149920104,3001,2546,455
37149920201,2665,2188,477
37149920202,2119,1714,405
37149920301,1089,946,143
37149920303,1775,1513,262
37149920304,2652,2325,327
37151030100,5043,3960,1083
37151030201,3234,2562,672
37151030202,4962,3851,1111
37151030301,6559,4894,1665
37151030302,3109,2219,890
37151030400,4238,3145,1093
37151030502,4388,3493,895
37151030503,5838,4575,1263
37151030504,5871,4592,1279
37151030600,6668,5287,1381
37151030700,6138,4803,1335
37151030803,3902,3024,878
37151030804,2538,1950,588
37151030805,4083,3079,1004
37151030806,2809,2137,672
37151030900,3583,2848,735
37151031001,2881,2212,669
37151031002,4446,3425,1021
37151031101,3349,2681,668
37151031102,2397,1809,588
37151031200,5184,4050,1134
37151031303,4298,3414,884
37151031304,4713,3781,932
37151031305,3706,2943,763
37151031307,4203,3333,870
37151031308,2678,2122,556
37151031401,5434,4185,1249
37151031402,3971,2917,1054
37151031501,6215,4864,1351
37151031503,3026,2430,596
37151031504,5368,4242,1126
37151031505,3453,2828,625
37151031601,4357,3462,895
37151031602,1529,1198,331
37153970100,3213,2661,552
37153970200,4319,3349,970
37153970300,4486,3458,1028
37153970400,4088,3182,906
37153970500,2335,1760,575
37153970600,3990,2970,1020
37153970700,2789,2087,702
37153970800,4981,3879,1102
37153970900,5050,3981,1069
37153971000,3730,2845,885
37153971100,3965,3066,899
37155960101,3859,2802,1057
37155960102,4594,3458,1136
37155960202,4025,2844,1181
37155960203,3204,2400,804
37155960204,2057,1497,560
37155960301,3283,2395,888
37155960302,2416,1804,612
37155960402,3342,2508,834
37155960403,3029,2226,803
37155960404,3205,2419,786
37155960501,2924,2241,683
37155960502,5701,4848,853
37155960503,1783,1330,453
37155960601,3996,2901,1095
37155960602,1272,963,309
37155960701,4782,3639,1143
37155960702,2617,1973,644
37155960801,3220,2561,659
37155960802,1178,816,362
37155960900,1874,1469,405
37155961000,1803,1429,374
37155961100,1930,1313,617
37155961200,2767,2165,602
37155961301,4322,3497,825
37155961302,5025,3582,1443
37155961400,3789,2883,906
37155961500,5044,3796,1248
37155961601,3402,2562,840
37155961602,3098,2467,631
37155961700,4322,3475,847
37155961801,4444,3332,1112
37155961802,4450,3437,1013
37155961900,4004,3126,878
37155962001,3040,2239,801
37155962002,2729,2058,671
37157040101,3934,3171,763
37157040102,2454,1971,483
37157040200,3746,2858,888
37157040300,3866,3146,720
37157040400,5851,4568,1283
37157040501,3534,2835,699
37157040502,2811,2279,532
37157040601,3688,2981,707
37157040602,4386,3533,853
37157040700,4149,3446,703
37157040800,1597,1305,292
37157040900,2468,2047,421
37157041001,6437,5117,1320
37157041002,5903,4760,1143
37157041100,6485,5251,1234
37157041200,4962,3876,1086
37157041300,6374,5000,1374
37157041400,3019,2270,749
37157041501,1338,1110,228
37157041502,6035,4776,1259
37157041601,3323,2698,625
37157041602,4736,3785,951
37159050201,4152,3246,906
37159050202,5347,4210,1137
37159050300,3609,2860,749
37159050400,3139,2432,707
37159050500,3845,3249,596
37159050700,3221,2474,747
37159050800,2870,2146,724
37159050901,4169,3511,658
37159050903,6349,4943,1406
37159050904,2597,2078,519
37159051001,7748,5936,1812
37159051002,5980,4596,1384
37159051101,7017,5546,1471
37159051102,3824,3002,822
37159051201,6887,5403,1484
37159051202,3896,3029,867
37159051204,4282,3192,1090
37159051301,2848,2281,567
37159051302,5355,4356,999
37159051303,5892,4610,1282
37159051400,7583,5907,1676
37159051501,4261,3070,1191
37159051502,3156,2513,643
37159051600,7182,5552,1630
37159051700,8170,6340,1830
37159051801,4577,3576,1001
37159051802,4879,3854,1025
37159051901,4861,3813,1048
37159051903,3390,2671,719
37159051904,3207,2477,730
37159052000,2582,2095,487
37161960101,1471,1193,278
37161960102,2210,1830,380
37161960103,2420,1930,490
37161960201,4184,3394,790
37161960202,1303,1035,268
37161960203,1330,1088,242
37161960301,1615,1417,198
37161960302,1405,1266,139
37161960400,3384,2714,670
37161960501,2600,2109,491
37161960502,2799,2288,511
37161960503,1699,1378,321
37161960600,4109,3272,837
37161960700,4558,3589,969
37161960800,4505,3329,1176
37161960900,5056,3981,1075
37161961001,3890,3055,835
37161961002,3088,2376,712
37161961102,3132,2463,669
37161961103,2332,1797,535
37161961104,3008,2362,646
37161961200,4346,3553,793
37163970101,1734,1328,406
37163970102,4555,3392,1163
37163970201,1154,918,236
37163970202,5143,3920,1223
37163970302,4906,3718,1188
37163970303,2227,1620,607
37163970304,4071,3097,974
37163970401,1833,1458,375
37163970402,2801,2107,694
37163970501,1189,934,255
37163970502,4198,3207,991
37163970600,4640,3597,1043
37163970701,1807,1365,442
37163970702,4624,3509,1115
37163970801,2073,1667,406
37163970802,4513,3284,1229
37163970900,2976,2221,755
37163971001,2471,1891,580
37163971002,1226,986,240
37163971003,895,717,178
37165010101,3529,2828,701
37165010102,5031,3765,1266
37165010200,3614,2625,989
37165010300,4145,3166,979
37165010400,5288,4648,640
37165010501,2698,2105,593
37165010502,3550,2720,830
37165010601,3115,2458,657
37165010602,3204,2530,674
37167930101,4251,3478,773
37167930102,3797,2959,838
37167930200,4945,4118,827
37167930300,3917,3105,812
37167930500,3478,2727,751
37167930700,4668,3701,967
37167930801,5839,4509,1330
37167930802,4746,3679,1067
37167930901,2590,2004,586
37167930902,3459,2641,818
37167931001,2347,1822,525
37167931002,3441,2753,688
37167931101,2019,1640,379
37167931102,3406,2694,712
37167931202,3159,2473,686
37167931203,2767,2097,670
37167931204,3675,2864,811
37169070101,3492,2799,693
37169070102,2633,2133,500
37169070200,3256,2723,533
37169070301,2315,1928,387
37169070302,2178,1760,418
37169070400,4959,3944,1015
37169070503,5892,4677,1215
37169070504,3290,2586,704
37169070505,3545,2917,628
37169070506,2804,2297,507
37169070600,4748,3876,872
37169070701,2852,2361,491
37169070702,2556,2048,508
37171930101,1818,1473,345
37171930102,4806,3742,1064
37171930201,3125,2511,614
37171930202,3152,2493,659
37171930301,2086,1697,389
37171930302,3606,2858,748
37171930400,2521,1993,528
37171930501,2771,2173,598
37171930502,3516,2890,626
37171930600,3538,2850,688
37171930700,4090,3218,872
37171930802,3164,2521,643
37171930803,2321,1846,475
37171930804,2683,2025,658
37171930901,4438,3542,896
37171930902,1618,1289,329
37171931001,2393,1845,548
37171931002,4938,3908,1030
37171931003,2949,2206,743
37171931101,2874,2260,614
37171931102,3503,2783,720
37171931103,1746,1406,340
37171931200,3703,2909,794
37173940100,4883,3555,1328
37173960200,2951,2316,635
37173960301,3192,2651,541
37173960302,3086,2449,637
37175960100,4352,3464,888
37175960201,1868,1451,417
37175960202,2469,2103,366
37175960301,3892,3290,602
37175960302,3539,2921,618
37175960401,4355,3693,662
37175960403,2635,2438,197
37175960404,1941,1631,310
37175960501,2819,2243,576
37175960502,2661,2050,611
37175960601,1124,914,210
37175960602,1331,1101,230
37177960100,3245,2574,671
37179020100,6928,5219,1709
37179020203,3943,3154,789
37179020204,4117,3169,948
37179020205,3443,2524,919
37179020206,4017,3094,923
37179020305,7286,5167,2119
37179020307,6748,4995,1753
37179020308,6326,4638,1688
37179020309,2343,1880,463
37179020310,6422,4717,1705
37179020312,4293,3205,1088
37179020313,2344,1788,556
37179020314,5841,4282,1559
37179020315,5250,3671,1579
37179020316,4968,3738,1230
37179020317,6772,4782,1990
37179020318,3764,2940,824
37179020319,3419,2390,1029
37179020320,2956,2168,788
37179020321,4723,3366,1357
37179020401,6465,4893,1572
37179020403,4555,3475,1080
37179020405,2007,1573,434
37179020406,4373,2962,1411
37179020501,5258,3925,1333
37179020502,4085,3063,1022
37179020601,5064,3602,1462
37179020602,4702,3579,1123
37179020701,5994,4825,1169
37179020702,3966,3127,839
37179020800,5072,3894,1178
37179020901,5306,4117,1189
37179020902,5952,4655,1297
37179021004,7062,4876,2186
37179021005,4891,3814,1077
37179021006,5541,3876,1665
37179021007,7126,4673,2453
37179021009,4468,2932,1536
37179021012,5647,3778,1869
37179021013,9206,6112,3094
37179021014,2769,2116,653
37179021015,4819,3825,994
37179021016,5254,3477,1777
37179021017,5405,3645,1760
37179021018,4794,3297,1497
37179021019,5007,3600,1407
37179021020,5173,3500,1673
37179021021,2403,1766,637
37181960100,3925,3166,759
37181960200,4107,3288,819
37181960300,5124,4031,1093
37181960400,4226,3383,843
37181960500,4650,3573,1077
37181960600,1375,1022,353
37181960700,3770,2763,1007
37181960800,1898,1444,454
37181960901,2860,2128,732
37181960902,1661,1274,387
37181960903,3464,2467,997
37181961000,5518,4332,1186
37183050100,5199,4939,260
37183050300,3498,3301,197
37183050400,1655,1373,282
37183050500,3880,2975,905
37183050600,3460,2981,479
37183050700,3073,2510,563
37183050800,4086,3563,523
37183050900,2672,2163,509
37183051000,2798,2521,277
37183051101,4099,3678,421
37183051102,3940,3911,29
37183051200,4466,4173,293
37183051400,5962,5155,807
37183051501,3519,2647,872
37183051502,2695,2099,596
37183051600,4958,3815,1143
37183051700,4044,3059,985
37183051800,5147,4056,1091
37183051900,4911,3784,1127
37183052001,3782,2707,1075
37183052002,5085,3865,1220
37183052101,8750,6401,2349
37183052102,5966,4137,1829
37183052303,3759,3344,415
37183052304,2803,2285,518
37183052305,3053,2836,217
37183052306,1382,1224,158
37183052307,4619,4205,414
37183052401,6315,5687,628
37183052404,4001,3330,671
37183052407,4401,3606,795
37183052408,3025,2392,633
37183052409,4865,4442,423
37183052410,1790,1344,446
37183052411,6285,5185,1100
37183052504,7187,6282,905
37183052505,5050,4173,877
37183052506,2488,2102,386
37183052507,2861,2176,685
37183052508,3384,2956,428
37183052509,3989,3347,642
37183052601,3386,2556,830
37183052602,5219,4436,783
37183052603,3613,2922,691
37183052701,6052,4810,1242
37183052704,6809,4787,2022
37183052705,5558,4657,901
37183052706,4848,3641,1207
37183052707,6958,5333,1625
37183052801,6140,4914,1226
37183052802,5972,4736,1236
37183052807,6737,4929,1808
37183052809,2772,2055,717
37183052810,8391,5885,2506
37183052811,8517,6075,2442
37183052812,4215,3436,779
37183052813,2939,2375,564
37183052814,5061,3951,1110
37183052815,4648,3531,1117
37183052816,5842,4100,1742
37183052901,2906,2186,720
37183052902,5824,4502,1322
37183052903,3257,2573,684
37183052905,3286,2446,840
37183052906,5131,3969,1162
37183053003,6105,5158,947
37183053004,2938,2447,491
37183053005,4880,3843,1037
37183053006,3126,2444,682
37183053007,3545,2826,719
37183053009,9254,6912,2342
37183053010,4665,3678,987
37183053011,4224,3565,659
37183053105,5462,4319,1143
37183053106,3999,2982,1017
37183053109,10138,7495,2643
37183053110,6424,4764,1660
37183053111,6905,4889,2016
37183053112,6549,4992,1557
37183053113,5592,4014,1578
37183053114,7140,5142,1998
37183053115,2747,2007,740
37183053202,4367,3206,1161
37183053203,10600,7057,3543
37183053204,4982,3676,1306
37183053205,6082,4129,1953
37183053206,5759,3920,1839
37183053208,12130,7814,4316
37183053209,3023,2095,928
37183053210,5363,3820,1543
37183053211,8124,5502,2622
37183053405,5376,4404,972
37183053408,4278,2916,1362
37183053409,6807,4872,1935
37183053410,6673,4431,2242
37183053411,14610,9454,5156
37183053415,4917,3540,1377
37183053417,4634,3388,1246
37183053419,3010,2181,829
37183053421,5922,4287,1635
37183053422,2449,1790,659
37183053423,2172,1768,404
37183053424,4728,3588,1140
37183053425,3140,2302,838
37183053426,7522,5095,2427
37183053427,5698,3969,1729
37183053428,13307,8731,4576
37183053429,3185,2476,709
37183053430,4201,3133,1068
37183053431,5562,3935,1627
37183053432,3173,2264,909
37183053433,4434,3083,1351
37183053434,4931,3412,1519
37183053435,3741,2852,889
37183053436,3255,2470,785
37183053505,3791,2960,831
37183053506,5943,4955,988
37183053507,3923,3263,660
37183053509,5201,4002,1199
37183053512,7112,5960,1152
37183053513,4461,3478,983
37183053516,3543,2793,750
37183053517,4663,3321,1342
37183053518,3528,2868,660
37183053519,3954,3164,790
37183053520,5857,4583,1274
37183053521,3638,2842,796
37183053522,8495,6638,1857
37183053523,5779,4463,1316
37183053524,3778,3076,702
37183053525,2898,2205,693
37183053603,4457,3241,1216
37183053604,4336,3195,1141
37183053608,7746,5259,2487
37183053609,1653,1352,301
37183053611,6852,4842,2010
37183053612,3664,2495,1169
37183053613,4419,3657,762
37183053614,2572,2030,542
37183053615,5038,4204,834
37183053616,5488,4336,1152
37183053617,10385,7024,3361
37183053618,4931,3584,1347
37183053619,501,433,68
37183053620,6758,4640,2118
37183053711,5339,4173,1166
37183053712,2805,2149,656
37183053713,3799,3149,650
37183053714,5297,4221,1076
37183053715,3489,2785,704
37183053716,4233,3551,682
37183053717,4806,3975,831
37183053718,3458,2445,1013
37183053719,4017,2856,1161
37183053720,4360,3244,1116
37183053721,3980,2976,1004
37183053722,4958,4193,765
37183053723,3359,2918,441
37183053724,6316,4739,1577
37183053725,5663,4483,1180
37183053726,3366,2712,654
37183053727,5204,4287,917
37183053728,2722,2324,398
37183053729,4285,3534,751
37183053730,2412,2042,370
37183053803,3917,2913,1004
37183053804,3928,2956,972
37183053805,2007,1561,446
37183053806,3582,2792,790
37183053807,4146,3217,929
37183053808,5581,4310,1271
37183053901,4583,3427,1156
37183053902,6091,4523,1568
37183054001,5511,4537,974
37183054004,5286,4283,1003
37183054006,3288,2440,848
37183054007,4101,3366,735
37183054008,6474,4845,1629
37183054011,2838,2159,679
37183054012,3734,2927,807
37183054015,4122,3234,888
37183054016,6058,4755,1303
37183054017,2813,2250,563
37183054018,3741,2943,798
37183054019,5208,3983,1225
37183054020,4849,3570,1279
37183054021,3101,2146,955
37183054022,6181,4496,1685
37183054023,7951,5855,2096
37183054106,8332,6034,2298
37183054108,7771,5810,1961
37183054109,4824,3644,1180
37183054111,2605,2056,549
37183054112,3999,2919,1080
37183054113,4887,3746,1141
37183054114,7613,5555,2058
37183054115,9855,7385,2470
37183054116,6623,4731,1892
37183054117,6300,4695,1605
37183054118,5662,4341,1321
37183054119,7087,5601,1486
37183054120,1475,1191,284
37183054121,8953,6493,2460
37183054203,3818,2892,926
37183054204,4957,3659,1298
37183054206,6566,5072,1494
37183054212,6171,4739,1432
37183054213,4462,3341,1121
37183054214,2122,1673,449
37183054215,4978,3522,1456
37183054216,5706,3945,1761
37183054217,4573,3270,1303
37183054218,8672,6176,2496
37183054219,4130,2898,1232
37183054220,6573,4802,1771
37183054221,7537,5292,2245
37183054222,8084,5554,2530
37183054223,2723,2160,563
37183054224,4651,3378,1273
37183054303,2783,2141,642
37183054304,5628,4204,1424
37183054305,3551,2648,903
37183054306,3635,2711,924
37183054402,8201,6239,1962
37183054403,4159,3079,1080
37183054404,6927,5066,1861
37183054501,5763,4516,1247
37183054502,3898,3223,675
37185950101,2215,1989,226
37185950102,1316,1160,156
37185950103,2426,1934,492
37185950201,3469,2742,727
37185950202,2227,1922,305
37185950300,3726,2989,737
37185950400,3263,2556,707
37187950100,4103,3402,701
37187950201,2653,2125,528
37187950202,2951,2232,719
37187950300,1296,1091,205
37189920100,4507,3573,934
37189920200,3843,3106,737
37189920300,2360,1964,396
37189920400,8327,7317,1010
37189920500,8429,8098,331
37189920601,5143,4656,487
37189920602,2549,2301,248
37189920701,1982,1578,404
37189920702,2905,2380,525
37189920703,5895,4696,1199
37189920800,2835,2471,364
37189920900,4610,3823,787
37189921000,701,627,74
37191000102,6602,5057,1545
37191000103,2353,1856,497
37191000104,5003,3630,1373
37191000200,3110,2504,606
37191000302,5484,4323,1161
37191000303,6762,5194,1568
37191000304,5063,3933,1130
37191000401,5915,4604,1311
37191000402,4160,3224,936
37191000500,2722,1854,868
37191000601,4387,3210,1177
37191000603,4856,3579,1277
37191000604,3223,2161,1062
37191000700,2338,1852,486
37191000800,2382,1945,437
37191000901,4391,3312,1079
37191000902,5212,4033,1179
37191001000,3766,2949,817
37191001102,3160,2548,612
37191001103,3717,3072,645
37191001104,3467,2676,791
37191001200,3759,3004,755
37191001301,5758,4631,1127
37191001302,3491,2820,671
37191001401,3538,2879,659
37191001402,2490,1676,814
37191001500,2162,1656,506
37191001800,2799,2104,695
37191001900,3934,3091,843
37191002000,1329,1125,204
37193960101,3158,2524,634
37193960102,3437,2696,741
37193960200,3455,2813,642
37193960300,5978,4692,1286
37193960401,3213,2611,602
37193960402,3639,2933,706
37193960500,3283,2519,764
37193960600,2575,2006,569
37193960700,3590,2784,806
37193960801,3972,3107,865
37193960802,4339,3450,889
37193960901,2377,1969,408
37193960902,2260,1843,417
37193961001,4749,3780,969
37193961002,4969,3985,984
37193961100,4157,3440,717
37193961201,3567,2900,667
37193961202,3251,2599,652
37195000100,2902,2281,621
37195000200,1080,802,278
37195000300,2200,1672,528
37195000401,4574,3732,842
37195000402,3586,2838,748
37195000501,3554,2952,602
37195000502,5045,4004,1041
37195000601,3612,2723,889
37195000602,3982,3130,852
37195000701,2226,1633,593
37195000702,2870,2115,755
37195000801,1597,1191,406
37195000802,3383,2483,900
37195000900,3472,2723,749
37195001000,1839,1451,388
37195001100,1443,1143,300
37195001200,3675,2902,773
37195001301,2719,2140,579
37195001302,2602,2051,551
37195001401,3380,2694,686
37195001402,6059,4453,1606
37195001501,2337,1725,612
37195001502,3498,2713,785
37195001600,3154,2419,735
37195001700,3995,3085,910
37197050101,5463,4358,1105
37197050102,3990,3176,814
37197050200,4451,3517,934
37197050300,5732,4530,1202
37197050401,3158,2433,725
37197050402,3123,2405,718
37197050502,4267,3412,855
37197050503,3361,2719,642
37197050504,3669,2934,735
37199960101,3977,3253,724
37199960102,1969,1591,378
37199960200,4825,3965,860
37199960300,3118,2554,564
37199960400,4581,3742,839
38001965600,2200,1767,433
38003967900,1675,1323,352
38003968000,2581,2044,537
38003968200,2796,2330,466
38003968300,3801,3043,758
38005940100,2134,1240,894
38005940200,1825,1092,733
38005956700,2005,1594,411
38007963100,945,737,208
38009952300,2336,1817,519
38009952400,2318,1841,477
38009952500,1725,1323,402
38011965200,1718,1295,423
38011965300,1275,997,278
38013953300,2201,1641,560
38015010100,3050,2569,481
38015010200,4651,3784,867
38015010300,5794,4508,1286
38015010400,3487,2795,692
38015010500,5494,4333,1161
38015010600,4426,3573,853
38015010700,3999,3080,919
38015010800,3556,2752,804
38015010900,5026,4170,856
38015011001,7283,5887,1396
38015011002,7563,5244,2319
38015011101,5630,4577,1053
38015011103,2598,2054,544
38015011104,7123,5043,2080
38015011105,6726,4813,1913
38015011200,9237,7338,1899
38015011300,8273,5667,2606
38015011400,3115,2292,823
38015011500,1427,1142,285
38017000100,5184,3907,1277
38017000203,2838,2369,469
38017000204,3351,2868,483
38017000300,5239,4910,329
38017000400,3813,3242,571
38017000501,3413,2872,541
38017000502,3666,3329,337
38017000601,2336,1892,444
38017000602,2607,2247,360
38017000700,1855,1796,59
38017000801,3102,2604,498
38017000802,4887,3855,1032
38017000901,4816,3806,1010
38017000903,3507,2993,514
38017000904,4126,3310,816
38017001003,3772,3081,691
38017001004,4256,3507,749
38017010106,4576,3625,951
38017010107,2639,2135,504
38017010109,3789,2826,963
38017010110,2361,1799,562
38017010111,3581,2762,819
38017010201,4673,3525,1148
38017010205,3727,2952,775
38017010206,5797,4508,1289
38017010303,6530,5061,1469
38017010306,4028,3101,927
38017010307,1994,1548,446
38017010308,4888,3690,1198
38017040100,1902,1463,439
38017040200,2437,1752,685
38017040300,3370,2362,1008
38017040501,7860,6061,1799
38017040502,8909,6283,2626
38017040503,3216,2265,951
38017040504,6393,4747,1646
38017040505,5780,4183,1597
38017040506,3809,2585,1224
38017040507,3683,2396,1287
38017040508,5587,3723,1864
38017040509,5625,3771,1854
38017040600,3155,2231,924
38017040700,6341,5330,1011
38017040800,5107,3662,1445
38019950900,1883,1435,448
38019951100,1821,1450,371
38021973200,2268,1702,566
38021973300,1468,1089,379
38021973400,1263,983,280
38023954500,2195,1691,504
38025962200,4095,3056,1039
38027959200,2347,1824,523
38029966500,3301,2615,686
38031959600,3397,2627,770
38033962900,1736,1274,462
38035010100,3388,2778,610
38035010200,4248,3501,747
38035010301,1588,1513,75
38035010302,2396,2296,100
38035010400,5873,4529,1344
38035010600,2414,1861,553
38035010700,1879,1507,372
38035010801,6027,4995,1032
38035010804,4824,4057,767
38035010805,2391,1952,439
38035010806,3023,2414,609
38035010900,2211,1668,543
38035011000,1846,1441,405
38035011100,6382,4560,1822
38035011201,2742,2142,600
38035011202,5774,4601,1173
38035011400,2318,1686,632
38035011701,2350,1827,523
38035011702,5120,3868,1252
38035011800,1712,1249,463
38035011900,2002,1288,714
38035012000,2662,2051,611
38037965900,2301,1885,416
38039968600,2306,1827,479
38041964700,1072,849,223
38041964800,1417,1094,323
38043966800,2394,1877,517
38045972100,1404,1099,305
38045972200,2689,2071,618
38047972500,1876,1424,452
38049955600,2425,1888,537
38049955900,2920,2211,709
38051972900,2530,2054,476
38053940100,1878,1144,734
38053962301,3573,2470,1103
38053962302,1662,1215,447
38053962400,5654,4142,1512
38053962500,1937,1395,542
38055940100,1058,723,335
38055960800,4180,3234,946
38055961001,4533,3622,911
38057961600,2427,1854,573
38057961700,3145,2304,841
38057961800,2778,2200,578
38059020100,4904,3876,1028
38059020200,8931,6723,2208
38059020301,7128,5609,1519
38059020302,3718,2618,1100
38059020303,1734,1331,403
38059020400,3252,2422,830
38059020500,3624,2786,838
38061940300,1239,918,321
38061940400,3542,2483,1059
38061955200,5028,3674,1354
38063959000,3015,2473,542
38065961200,1877,1414,463
38067950100,1191,900,291
38067950200,1494,1219,275
38067950500,1448,1142,306
38067950600,2711,2104,607
38069956100,1469,1122,347
38069956200,2521,1974,547
38071957600,4393,3375,1018
38071957700,2875,2348,527
38071957800,4337,3204,1133
38073968900,1821,1338,483
38073969000,1556,1183,373
38073969100,2326,1794,532
38075952900,2282,1778,504
38077970700,2185,1643,542
38077970800,2140,1608,532
38077970900,4264,3407,857
38077971000,3836,3018,818
38077971100,1240,964,276
38077971400,2864,2191,673
38079941800,5113,3372,1741
38079951600,1407,985,422
38079951700,4121,2695,1426
38079951900,1546,1109,437
38081974000,1513,1199,314
38081974200,2349,1858,491
38083960200,1265,1016,249
38085940800,1509,968,541
38085940900,2389,1576,813
38087965000,706,554,152
38089963300,1631,1198,433
38089963400,5613,4088,1525
38089963501,3579,2627,952
38089963502,5617,4199,1418
38089963600,2199,1732,467
38089963700,3926,3049,877
38089963800,5086,3658,1428
38089963900,3973,2955,1018
38089964000,2022,1467,555
38091968700,1798,1407,391
38093967000,2701,2059,642
38093967200,2583,2017,566
38093967300,2881,2393,488
38093967401,1730,1519,211
38093967402,4125,3255,870
38093967500,3589,2852,737
38093967800,3984,3159,825
38095951500,2162,1668,494
38097970100,2358,1762,596
38097970200,2509,2009,500
38097970300,1433,1087,346
38097970400,1697,1273,424
38099957800,1516,1144,372
38099957900,1508,1183,325
38099958000,2644,1992,652
38099958100,2174,1661,513
38099958200,1613,1254,359
38099958300,1108,925,183
38101010100,2752,2324,428
38101010200,5734,4437,1297
38101010301,5651,4387,1264
38101010302,5987,4529,1458
38101010400,5628,4195,1433
38101010500,5397,4133,1264
38101010601,4284,3611,673
38101010602,5924,4379,1545
38101010701,4235,3251,984
38101010702,3125,2206,919
38101010800,4916,3611,1305
38101010901,2268,1431,837
38101010902,2749,1929,820
38101011000,1984,1494,490
38101011200,3731,2780,951
38101011300,5554,4109,1445
38103959800,1681,1340,341
38103960000,2301,1840,461
38105953400,3002,2251,751
38105953500,3806,2619,1187
38105953600,3838,2722,1116
38105953701,12559,9140,3419
38105953702,6337,4420,1917
38105953800,2415,1793,622
38105953900,3721,2848,873
38105954100,5272,4000,1272
39001770100,4742,3646,1096
39001770200,4714,3558,1156
39001770301,3988,2921,1067
39001770302,3077,2294,783
39001770400,4685,3662,1023
39001770500,3038,2345,693
39001770600,3233,2470,763
39003010100,4126,3278,848
39003010200,3812,2886,926
39003010300,1600,1218,382
39003010600,5128,3859,1269
39003010801,4453,3463,990
39003010802,3602,2766,836
39003010900,4545,3691,854
39003011000,5437,4280,1157
39003011200,2843,2544,299
39003011301,4538,3563,975
39003011302,2771,2114,657
39003011400,3143,2396,747
39003011500,2757,2076,681
39003011600,2579,2088,491
39003011800,2298,1812,486
39003011900,3089,2454,635
39003012000,2593,1979,614
39003012100,3438,2626,812
39003012200,3338,2386,952
39003012300,3893,2808,1085
39003012400,2466,1846,620
39003012600,1742,1323,419
39003012700,1481,1061,420
39003012900,1668,1095,573
39003013000,4005,3126,879
39003013100,2343,1812,531
39003013200,1827,1337,490
39003013300,1352,963,389
39003013400,2124,1616,508
39003013600,1182,827,355
39003013700,1095,814,281
39003013800,2614,1847,767
39003013900,3313,2519,794
39003014000,3316,2600,716
39003014100,1695,1346,349
39005970101,2375,1746,629
39005970102,6168,4451,1717
39005970200,5803,4352,1451
39005970300,3823,2875,948
39005970400,3614,2779,835
39005970500,2954,2325,629
39005970600,4433,3565,868
39005970700,5493,4439,1054
39005970800,4148,3441,707
39005970900,5061,3856,1205
39005971000,4750,3784,966
39005971100,3825,3025,800
39007000101,4653,4115,538
39007000102,3130,2506,624
39007000103,3527,2669,858
39007000200,4344,3511,833
39007000300,2093,1720,373
39007000400,1681,1389,292
39007000500,4108,3184,924
39007000601,2582,1975,607
39007000602,3294,2644,650
39007000603,4058,3247,811
39007000701,3036,2245,791
39007000702,2836,2353,483
39007000703,3631,2604,1027
39007000704,3793,3071,722
39007000801,1346,1117,229
39007000802,4912,3883,1029
39007000900,4477,3589,888
39007001001,5611,4425,1186
39007001002,3397,2754,643
39007001101,1852,1486,366
39007001102,6139,4765,1374
39007001201,3497,2777,720
39007001202,3327,2593,734
39007001301,3628,2786,842
39007001303,2835,2151,684
39007001304,979,809,170
39007001401,4119,2659,1460
39007001402,4689,3385,1304
39009972600,4042,3109,933
39009972700,3633,2844,789
39009972800,3815,3213,602
39009972900,5776,4797,979
39009973000,3707,3200,507
39009973101,4316,4193,123
39009973200,4581,3775,806
39009973300,3926,3250,676
39009973400,3154,2472,682
39009973500,3351,2620,731
39009973600,3795,3026,769
39009973700,3971,3132,839
39009973800,4925,3879,1046
39009973901,6193,6017,176
39009973902,3246,3106,140
39011040100,3726,2914,812
39011040200,4241,3319,922
39011040300,3553,2609,944
39011040400,6882,5277,1605
39011040500,5162,3996,1166
39011040600,3749,2800,949
39011040900,3751,2826,925
39011041000,4011,2883,1128
39011041100,4003,3057,946
39011041201,2057,1672,385
39011041202,5287,4013,1274
39013010100,3733,3049,684
39013010200,3516,2874,642
39013010300,3401,2736,665
39013010600,3540,2745,795
39013010700,2687,2109,578
39013010802,2162,1695,467
39013010901,1733,1329,404
39013010902,4875,3796,1079
39013011000,4770,3768,1002
39013011200,3167,2596,571
39013011300,3696,3051,645
39013011400,4292,3491,801
39013011500,1435,1173,262
39013011600,1151,909,242
39013011700,1285,993,292
39013011900,2786,2206,580
39013012000,2459,1816,643
39013012100,1128,949,179
39013012201,1810,1457,353
39013012202,4469,4161,308
39013012300,4078,3389,689
39013012400,4324,3490,834
39015951201,4345,3390,955
39015951202,4818,3764,1054
39015951301,5439,3968,1471
39015951302,2668,2101,567
39015951400,4234,3192,1042
39015951500,5567,4304,1263
39015951600,3357,2712,645
39015951700,2380,1869,511
39015951800,5218,4073,1145
39015951900,5650,4361,1289
39017000100,4733,3687,1046
39017000200,4253,3153,1100
39017000300,3574,2455,1119
39017000400,4747,3618,1129
39017000500,4520,3398,1122
39017000600,4680,3505,1175
39017001001,5907,4688,1219
39017001002,5603,4553,1050
39017001100,4287,3280,1007
39017001300,4443,3417,1026
39017010102,2965,2305,660
39017010103,5129,4329,800
39017010104,5545,5518,27
39017010105,3560,3305,255
39017010106,3241,3096,145
39017010201,2451,2440,11
39017010202,5238,4273,965
39017010203,5345,4214,1131
39017010301,4378,3526,852
39017010302,3523,2733,790
39017010500,2336,1768,568
39017010600,3249,2626,623
39017010800,6672,5101,1571
39017010901,4882,3840,1042
39017010903,5563,4175,1388
39017010904,3812,2972,840
39017010906,7444,5690,1754
39017010907,2704,2153,551
39017010909,5165,4154,1011
39017010910,4894,3893,1001
39017010911,4145,3206,939
39017010912,2318,1875,443
39017010913,3518,2733,785
39017011003,6405,5020,1385
39017011004,6442,4655,1787
39017011005,7208,5534,1674
39017011006,5767,4457,1310
39017011109,4504,3436,1068
39017011110,5373,4244,1129
39017011111,6690,5150,1540
39017011112,6670,4787,1883
39017011118,3487,2653,834
39017011120,8072,5994,2078
39017011122,5704,4216,1488
39017011123,6042,4201,1841
39017011125,3744,2900,844
39017011126,5013,3850,1163
39017011127,4584,3362,1222
39017011128,2953,2254,699
39017011129,4396,3352,1044
39017011130,5398,4151,1247
39017011131,3545,2805,740
39017011132,4400,3039,1361
39017011133,4450,2937,1513
39017011134,8101,5848,2253
39017011135,7199,4881,2318
39017011136,5042,3702,1340
39017011137,3462,2496,966
39017011200,8868,6644,2224
39017011300,7038,4921,2117
39017011800,6411,4592,1819
39017012100,3170,2363,807
39017012200,3462,2630,832
39017012300,2121,1626,495
39017012400,2439,2073,366
39017012500,5024,4129,895
39017012600,2439,1997,442
39017012700,3153,2367,786
39017013000,1555,1127,428
39017013100,2182,1552,630
39017013200,3389,2390,999
39017013300,2335,1854,481
39017013400,2237,1776,461
39017013500,2980,2263,717
39017013600,5239,4056,1183
39017013900,2805,2106,699
39017014000,2687,1778,909
39017014100,2333,1712,621
39017014300,4736,3717,1019
39017014400,1809,1451,358
39017014600,1178,1015,163
39017014700,4059,2901,1158
39017014800,6963,5402,1561
39017014900,5265,3859,1406
39017015000,7616,6002,1614
39017015100,7389,5176,2213
39019720100,3261,2469,792
39019720200,3361,2626,735
39019720300,4910,3932,978
39019720400,4042,3279,763
39019720500,5087,3979,1108
39019720600,3150,2484,666
39019720700,2910,2382,528
39021010100,1872,1440,432
39021010200,6668,5098,1570
39021010400,3893,2968,925
39021010500,3996,3156,840
39021010600,3714,2924,790
39021011001,2683,2080,603
39021011501,4350,3337,1013
39021011504,5117,4018,1099
39021011505,3262,2477,785
39021011506,3159,2380,779
39023000200,1489,1115,374
39023000300,1317,940,377
39023000400,2194,1638,556
39023000500,1690,1228,462
39023000600,2685,1875,810
39023000700,1897,1651,246
39023000901,2179,1564,615
39023000902,1171,825,346
39023001000,1541,1163,378
39023001101,1335,913,422
39023001102,2833,2181,652
39023001200,4199,2896,1303
39023001300,4029,3048,981
39023001400,3721,2928,793
39023001500,4433,3379,1054
39023001600,3813,2955,858
39023001700,2453,1784,669
39023001900,3018,2398,620
39023002000,2231,1734,497
39023002100,1655,1326,329
39023002200,4362,3486,876
39023002301,3143,2435,708
39023002403,4064,3213,851
39023002404,3328,2800,528
39023002501,2292,2015,277
39023002502,3180,2563,617
39023002601,3799,2958,841
39023002602,4169,3237,932
39023002605,3930,3081,849
39023002607,3567,2928,639
39023002608,4164,3405,759
39023002701,3096,2319,777
39023002702,2522,1975,547
39023002800,4591,3635,956
39023002901,3629,2656,973
39023002902,4410,3486,924
39023003001,3092,2551,541
39023003002,3669,2947,722
39023003101,2446,1832,614
39023003102,1742,1335,407
39023003200,2711,2158,553
39023003301,3652,2887,765
39023003302,2532,1930,602
39023003400,3213,2510,703
39023003700,4815,3809,1006
39025040101,5071,3970,1101
39025040102,2655,2094,561
39025040202,2215,1750,465
39025040203,6230,4810,1420
39025040205,3192,2244,948
39025040206,4463,3281,1182
39025040301,3979,2846,1133
39025040302,3900,2974,926
39025040303,7628,5438,2190
39025040401,3349,2737,612
39025040403,2786,2050,736
39025040404,3974,3262,712
39025040405,3101,2373,728
39025040500,5082,4299,783
39025040600,7439,5489,1950
39025040702,4351,3205,1146
39025040703,3479,2733,746
39025040704,3949,2889,1060
39025040800,5663,4533,1130
39025040900,5682,4485,1197
39025041001,5873,4242,1631
39025041002,3092,2588,504
39025041101,3411,2543,868
39025041102,5352,3748,1604
39025041104,3822,2859,963
39025041105,6110,4520,1590
39025041201,4125,3294,831
39025041202,5024,3965,1059
39025041303,5036,3837,1199
39025041305,5269,4250,1019
39025041306,5438,4695,743
39025041307,4904,3851,1053
39025041403,4378,3435,943
39025041404,4834,4054,780
39025041405,5384,4268,1116
39025041406,5230,3801,1429
39025041503,4730,3417,1313
39025041504,3967,3223,744
39025041505,3600,3007,593
39025041506,2799,2301,498
39025041600,5533,4134,1399
39025041701,4308,3201,1107
39025041702,3223,2574,649
39025041800,3637,2742,895
39025041900,5525,4331,1194
39025042001,3412,2618,794
39025042002,2374,1835,539
39027964300,3701,2830,871
39027964400,5184,4065,1119
39027964501,3358,2671,687
39027964502,2983,2338,645
39027964600,2891,2269,622
39027964700,5762,4520,1242
39027964800,4874,3762,1112
39027964900,5065,3909,1156
39027965000,3929,3011,918
39027965100,4271,3296,975
39029950100,5504,4392,1112
39029950200,4588,3700,888
39029950300,5055,4030,1025
39029950400,4205,3327,878
39029950500,5965,4861,1104
39029950600,4860,3831,1029
39029950700,5174,4088,1086
39029950800,4429,3456,973
39029950900,3655,2952,703
39029951000,5618,4399,1219
39029951100,4502,3613,889
39029951200,4154,3224,930
39029951300,3593,2908,685
39029951401,2119,1623,496
39029951402,4997,4523,474
39029951500,4627,3556,1071
39029951600,5398,4426,972
39029951700,4776,3870,906
39029951800,2842,2161,681
39029951900,3334,2650,684
39029952000,2702,2170,532
39029952100,1382,1066,316
39029952200,1772,1331,441
39029952300,2703,1978,725
39029952400,3923,3183,740
39031960900,4681,3335,1346
39031961000,4702,3368,1334
39031961100,4317,3205,1112
39031961200,3052,2425,627
39031961300,3866,2943,923
39031961400,3044,2457,587
39031961500,2495,1811,684
39031961600,2358,1883,475
39031961700,2905,2243,662
39031961800,5192,4001,1191
39033974100,3394,2692,702
39033974200,4039,3164,875
39033974300,2791,2277,514
39033974400,3161,2499,662
39033974500,3872,3000,872
39033974600,2574,2059,515
39033974700,3913,3141,772
39033974800,2182,1746,436
39033974900,3263,2436,827
39033975000,3857,3085,772
39033975100,2931,2173,758
39033975200,2701,2220,481
39033975300,3347,2657,690
39035101101,1686,1420,266
39035101102,4338,3977,361
39035101201,2678,2352,326
39035101300,1638,1452,186
39035101400,2211,1601,610
39035101501,2353,1722,631
39035101603,2395,1716,679
39035101700,2534,1794,740
39035101800,2667,2052,615
39035101901,1530,1159,371
39035102101,3334,2434,900
39035102102,2665,1993,672
39035102200,2817,2138,679
39035102300,2269,1629,640
39035102401,2123,1505,618
39035102402,3214,2221,993
39035102700,4074,2938,1136
39035102800,1728,1233,495
39035102900,1892,1349,543
39035103300,2760,2121,639
39035103500,1758,1503,255
39035103602,3999,3692,307
39035103800,1672,1341,331
39035104400,1310,1123,187
39035104800,1620,1309,311
39035105100,3584,2675,909
39035105300,3188,2288,900
39035105400,3532,2570,962
39035105500,1746,1322,424
39035105602,1998,1525,473
39035105700,4385,3479,906
39035105900,2988,2451,537
39035106100,3659,2934,725
39035106200,3596,2911,685
39035106500,2421,1959,462
39035106600,3319,2590,729
39035106800,2804,2067,737
39035106900,3623,3019,604
39035107000,1658,1426,232
39035107101,3656,3592,64
39035107701,5524,5165,359
39035107802,4158,3939,219
39035108201,1287,1105,182
39035108301,1569,1350,219
39035108400,1094,921,173
39035108701,4549,2580,1969
39035109301,1089,906,183
39035109701,2318,1452,866
39035109801,2147,1187,960
39035110901,2495,1861,634
39035111202,1120,946,174
39035111401,1043,743,300
39035111700,1041,791,250
39035112100,1649,1330,319
39035112200,935,675,260
39035112301,1115,860,255
39035114501,923,688,235
39035114600,828,588,240
39035114800,2144,1148,996
39035115400,1957,1462,495
39035115700,1303,995,308
39035115800,2648,1953,695
39035115900,3635,2664,971
39035116300,1351,1052,299
39035116400,2445,1855,590
39035116500,1810,1415,395
39035116600,1823,1405,418
39035116700,1271,993,278
39035116800,2267,1711,556
39035116900,1336,1010,326
39035117101,2188,1684,504
39035117102,996,774,222
39035117201,3113,2617,496
39035117203,1757,1326,431
39035117300,1852,1380,472
39035117400,1270,968,302
39035117500,2462,1810,652
39035117600,2956,2455,501
39035117700,4736,3885,851
39035117800,1878,1418,460
39035117900,2169,1712,457
39035118101,1509,1149,360
39035118200,1684,1306,378
39035118301,2239,1755,484
39035118602,1786,1390,396
39035118800,3596,3467,129
39035118900,1453,1159,294
39035119401,2021,1730,291
39035119402,1554,1209,345
39035119501,2485,2158,327
39035119502,1819,1600,219
39035119600,2136,1691,445
39035119701,1830,1403,427
39035119702,1710,1291,419
39035119800,2491,1920,571
39035119900,2043,1551,492
39035120200,1869,1443,426
39035120400,1975,1536,439
39035120500,1834,1382,452
39035120600,2113,1649,464
39035120701,1326,1031,295
39035120702,1644,1286,358
39035120801,2090,1578,512
39035120802,1838,1378,460
39035121100,1799,1419,380
39035121200,1390,1075,315
39035121300,1769,1268,501
39035121401,1452,1107,345
39035121403,2456,1892,564
39035121500,2634,2077,557
39035121700,3613,2828,785
39035121800,1662,1343,319
39035121900,1261,988,273
39035122100,3005,2474,531
39035122200,1722,1318,404
39035122300,1717,1380,337
39035123100,2555,2073,482
39035123200,2907,2476,431
39035123400,3511,2908,603
39035123501,3570,2729,841
39035123502,2718,2132,586
39035123601,2776,2329,447
39035123602,2981,2576,405
39035123603,3021,2578,443
39035123700,2561,2039,522
39035123800,2007,1316,691
39035123900,3323,2528,795
39035124100,5302,3965,1337
39035124201,2501,2018,483
39035124202,1866,1500,366
39035124300,4312,3226,1086
39035124500,3608,2884,724
39035124600,3963,3032,931
39035126100,2882,2307,575
39035127501,2743,2132,611
39035130103,4913,3684,1229
39035130104,4179,3093,1086
39035130105,3549,2696,853
39035130106,3522,2754,768
39035131103,4812,3399,1413
39035131104,5206,4479,727
39035131105,3968,3216,752
39035132100,4757,3870,887
39035132200,2851,2266,585
39035132301,3617,3025,592
39035132302,1924,1605,319
39035133103,3365,2716,649
39035133104,2921,2385,536
39035134100,1466,1258,208
39035134203,3700,2801,899
39035134204,4157,3526,631
39035134205,2546,2135,411
39035134206,2988,2459,529
39035134300,3688,3306,382
39035135103,2240,1851,389
39035135104,4288,3416,872
39035135105,5507,4298,1209
39035135106,1600,1201,399
39035136101,6368,5137,1231
39035136103,5720,4520,1200
39035136104,3342,2537,805
39035136105,4506,3548,958
39035137101,2528,2089,439
39035137102,4503,3636,867
39035137103,4328,3605,723
39035138105,1209,946,263
39035138106,3279,2587,692
39035138107,1997,1611,386
39035138108,3840,3197,643
39035138109,4153,3472,681
39035138110,4117,3374,743
39035140100,1501,1151,350
39035140301,2140,1625,515
39035140302,2476,1959,517
39035140400,3145,2428,717
39035140500,3345,2568,777
39035140600,1162,877,285
39035140701,2469,1804,665
39035140702,1661,1230,431
39035140800,3866,2732,1134
39035140900,2048,1461,587
39035141000,1079,783,296
39035141100,4158,3810,348
39035141200,3111,2672,439
39035141300,2790,2436,354
39035141400,2460,1999,461
39035141500,1583,1320,263
39035141601,1617,1312,305
39035141602,1526,1198,328
39035141700,1455,1199,256
39035150100,1900,1449,451
39035150300,1159,879,280
39035150400,1006,740,266
39035151200,1569,1210,359
39035151300,1800,1670,130
39035151500,1102,880,222
39035151600,1270,1009,261
39035151700,1019,764,255
39035151800,1214,965,249
39035152101,2426,1984,442
39035152102,4875,3581,1294
39035152201,3340,2835,505
39035152202,4424,3412,1012
39035152301,2288,1950,338
39035152302,4181,3252,929
39035152303,3931,3071,860
39035152400,1727,1337,390
39035152501,3711,2829,882
39035152502,2577,1931,646
39035152605,5726,4539,1187
39035152701,2401,2206,195
39035152702,2427,1934,493
39035152703,1826,1491,335
39035153103,2597,2096,501
39035153104,3011,2416,595
39035153105,3901,3295,606
39035153106,3872,3004,868
39035153107,3910,3179,731
39035154100,2274,1669,605
39035154200,1601,1216,385
39035154400,2901,2087,814
39035154501,3792,2939,853
39035154502,3275,2576,699
39035154601,5126,3984,1142
39035154603,3163,2388,775
39035154604,4253,3199,1054
39035155101,5628,4531,1097
39035155102,3091,2434,657
39035156101,1424,1111,313
39035156102,6160,4862,1298
39035160100,1940,1567,373
39035160200,2289,1983,306
39035160300,1852,1519,333
39035160400,3535,2877,658
39035160500,3794,3255,539
39035160602,2944,2494,450
39035160603,1682,1580,102
39035160604,3431,3267,164
39035160900,3478,2930,548
39035161000,1718,1433,285
39035161100,3601,2966,635
39035161200,2901,2351,550
39035161300,2894,2377,517
39035161400,3270,2693,577
39035161500,3840,3218,622
39035161600,2040,1674,366
39035161900,2548,2358,190
39035170101,2935,2412,523
39035170102,4793,3912,881
39035170201,2480,2202,278
39035170202,3842,3357,485
39035171102,5126,3820,1306
39035171103,3917,2897,1020
39035171104,4636,3404,1232
39035171203,2730,2077,653
39035171204,2124,1579,545
39035171205,2664,2197,467
39035171206,2504,1991,513
39035172101,2716,2083,633
39035172102,3968,3131,837
39035172104,2030,1536,494
39035172105,3378,3081,297
39035172201,3776,2975,801
39035172202,4483,3823,660
39035173103,2802,2369,433
39035173104,4763,4143,620
39035173105,2360,1947,413
39035173106,3699,2991,708
39035173107,2380,1961,419
39035174103,2956,2418,538
39035174104,2410,1892,518
39035174105,2990,2367,623
39035174106,3170,2629,541
39035174107,3632,3022,610
39035174203,2992,2457,535
39035174204,3784,2978,806
39035174205,4585,3857,728
39035174206,2486,2003,483
39035174207,3437,2794,643
39035175105,4850,3878,972
39035175106,2931,2386,545
39035175107,3652,2944,708
39035175108,2665,2321,344
39035175109,2380,1958,422
39035175110,5138,4141,997
39035175201,6395,5278,1117
39035175202,3311,2695,616
39035176100,2109,1681,428
39035176200,5380,4325,1055
39035177101,4357,3618,739
39035177103,4006,3349,657
39035177104,3619,2850,769
39035177201,4016,3112,904
39035177202,3366,2576,790
39035177302,2543,2108,435
39035177303,5009,3995,1014
39035177304,3662,3042,620
39035177403,3066,2434,632
39035177404,2867,2273,594
39035177405,4471,3569,902
39035177406,3990,3136,854
39035177501,4294,3493,801
39035177503,3510,2969,541
39035177504,4008,3261,747
39035177505,4395,3712,683
39035177604,1979,1626,353
39035177605,2710,2280,430
39035177606,3809,3282,527
39035177607,3778,3175,603
39035177608,5672,4703,969
39035177609,2019,1715,304
39035178101,2758,2355,403
39035178102,4587,3687,900
39035178201,3454,2939,515
39035178204,4862,4030,832
39035178205,2235,1827,408
39035178206,2967,2384,583
39035179101,3816,2986,830
39035179102,2980,2251,729
39035180102,4217,3638,579
39035180103,3609,3034,575
39035180104,2975,2406,569
39035181100,7234,5482,1752
39035181201,5851,4837,1014
39035181203,3194,2541,653
39035181204,5476,4500,976
39035182103,2713,2342,371
39035182104,2683,2265,418
39035182105,3313,2801,512
39035182106,3011,2641,370
39035183100,2958,2328,630
39035183200,2700,1954,746
39035183300,4686,3445,1241
39035183401,2262,1627,635
39035183402,1507,1216,291
39035183501,3137,2695,442
39035183502,3749,2736,1013
39035183603,1415,1026,389
39035183604,2576,1859,717
39035183605,2867,2294,573
39035183606,1582,1206,376
39035184103,4178,3111,1067
39035184104,1887,1480,407
39035184105,4887,3636,1251
39035184106,2369,1742,627
39035184108,7822,5911,1911
39035185101,2755,2061,694
39035185102,2685,2094,591
39035185103,2333,1781,552
39035185104,3773,3119,654
39035185201,1569,1274,295
39035185202,4967,3808,1159
39035185203,3801,3249,552
39035186103,5145,4098,1047
39035186104,2618,2127,491
39035186105,3685,3062,623
39035186106,4836,3978,858
39035186107,6561,5285,1276
39035186201,5829,4730,1099
39035186202,4606,3624,982
39035186203,3692,2958,734
39035186205,5187,4107,1080
39035186206,4332,3271,1061
39035187103,2777,2208,569
39035187104,3287,2606,681
39035187105,3137,2656,481
39035187106,4713,3135,1578
39035188103,3050,2379,671
39035188106,2677,1973,704
39035188107,2493,1824,669
39035189105,4126,3307,819
39035189107,5139,4236,903
39035189108,5415,4461,954
39035189109,3568,2932,636
39035189110,4523,3824,699
39035189111,7600,6225,1375
39035189112,3857,3063,794
39035190502,2366,2191,175
39035190503,1680,1341,339
39035190505,6166,4305,1861
39035190506,5387,4279,1108
39035192300,1519,1202,317
39035192800,1430,1301,129
39035192900,1897,1560,337
39035194100,2033,1902,131
39035194300,3356,2736,620
39035194500,2264,1861,403
39035195600,4734,3862,872
39035195700,4566,3845,721
39035195800,4016,3043,973
39035195900,4323,3421,902
39035196000,1720,1514,206
39035196100,2435,1939,496
39035196200,3832,2494,1338
39035196300,4087,3164,923
39035196400,2643,1949,694
39035196800,5095,4943,152
39035197000,3020,2439,581
39035197100,4062,3197,865
39035197200,2238,1757,481
39035197300,3185,2581,604
39035197400,3862,2853,1009
39035197500,3863,3336,527
39035197600,3360,2445,915
39035197700,2711,2204,507
39035197800,3094,2745,349
39035197900,1824,1402,422
39035198000,2338,1697,641
39035198100,2066,1494,572
39035198200,3396,2614,782
39035198300,4165,3318,847
39035198400,2933,1950,983
39035198500,1701,1328,373
39035198600,4129,2978,1151
39035198700,1945,1611,334
39035198800,1858,1398,460
39035198900,1689,1336,353
39035199000,1289,987,302
39035199100,2153,1722,431
39035199200,1628,1245,383
39035199300,1753,1440,313
39035981000,54,52,2
39037500100,4057,2851,1206
39037510100,3954,3010,944
39037520100,3440,2454,986
39037530100,4491,3440,1051
39037540100,3343,2498,845
39037550100,3494,2699,795
39037555001,2675,2210,465
39037555002,3795,3147,648
39037555101,3250,2558,692
39037555102,3715,2846,869
39037560101,3619,2734,885
39037560102,3184,2491,693
39037570101,2968,2212,756
39037570102,5896,4458,1438
39039958100,4250,3328,922
39039958200,4543,3435,1108
39039958300,4281,3182,1099
39039958400,3869,2962,907
39039958500,4318,3446,872
39039958600,3630,2746,884
39039958700,4637,3620,1017
39039958800,3534,2652,882
39039958900,5224,4049,1175
39041010100,4839,3994,845
39041010200,5659,4282,1377
39041010420,2824,2185,639
39041010421,2265,1858,407
39041010422,6199,4433,1766
39041010520,7164,5254,1910
39041010530,3192,2407,785
39041011101,2689,2088,601
39041011102,5416,4165,1251
39041011200,3264,2557,707
39041011411,3321,2451,870
39041011412,4769,3469,1300
39041011421,7521,5404,2117
39041011423,7079,5063,2016
39041011430,3016,2418,598
39041011431,1266,1045,221
39041011432,7545,5511,2034
39041011520,3962,3009,953
39041011530,4079,2859,1220
39041011540,7067,4930,2137
39041011561,7079,5093,1986
39041011562,8697,5715,2982
39041011563,6191,4045,2146
39041011564,5203,3545,1658
39041011565,4519,3053,1466
39041011604,9560,6648,2912
39041011710,6772,5283,1489
39041011740,5178,3913,1265
39041011760,4881,3666,1215
39041011762,5684,4508,1176
39041011763,5157,3572,1585
39041011764,2569,1982,587
39041011765,2439,1770,669
39041011766,4591,3387,1204
39041011900,6557,4743,1814
39041012000,5851,4481,1370
39041012100,9973,6438,3535
39041012200,5125,4101,1024
39041012300,4730,3606,1124
39041012400,10232,8168,2064
39043040100,5593,4587,1006
39043040200,3901,3257,644
39043040300,5920,4812,1108
39043040400,5921,4951,970
39043040500,4487,3523,964
39043040700,3805,3138,667
39043040801,2585,1851,734
39043040802,1624,1366,258
39043040900,3300,2672,628
39043041000,2850,2155,695
39043041100,4052,2913,1139
39043041200,2472,1811,661
39043041300,3585,2774,811
39043041400,2866,2403,463
39043041600,5685,4493,1192
39043041701,3519,2839,680
39043041702,2729,2324,405
39043041800,6103,4817,1286
39043041900,4625,3844,781
39045030100,3669,3021,648
39045030200,3004,2282,722
39045030300,3418,2617,801
39045030400,4796,3810,986
39045030601,7918,5407,2511
39045030602,4044,2798,1246
39045030700,4209,3059,1150
39045030800,5950,4469,1481
39045030901,5146,3794,1352
39045030902,3996,3076,920
39045031000,5646,4436,1210
39045031100,6303,4724,1579
39045031200,4905,3772,1133
39045031300,3187,2459,728
39045031401,2594,2115,479
39045031402,4296,3445,851
39045031500,2984,2460,524
39045031600,6763,5400,1363
39045031700,3920,2957,963
39045032000,3290,2461,829
39045032100,3371,2619,752
39045032200,3580,2664,916
39045032300,3998,3133,865
39045032501,3554,2719,835
39045032502,2902,2661,241
39045032601,3244,2405,839
39045032602,3562,2705,857
39045032701,4515,3365,1150
39045032703,4021,2800,1221
39045032704,4444,3141,1303
39045032800,4235,3239,996
39045032901,6223,4473,1750
39045032902,5957,4487,1470
39045033000,5365,4009,1356
39045033101,4488,3340,1148
39045033102,5424,4011,1413
39047925800,3773,2880,893
39047925900,3497,2695,802
39047926000,4181,3348,833
39047926100,4769,3445,1324
39047926200,4667,3663,1004
39047926300,3594,2786,808
39047926400,4470,3381,1089
39049000110,3489,3015,474
39049000120,3220,2716,504
39049000210,3049,2512,537
39049000220,4186,3398,788
39049000310,3377,2650,727
39049000320,2505,2010,495
39049000330,2427,1906,521
39049000410,2439,2098,341
39049000420,3316,2689,627
39049000500,4187,3649,538
39049000600,3839,3492,347
39049000710,3339,2533,806
39049000720,2583,1872,711
39049000730,3629,2390,1239
39049000810,2747,2099,648
39049000820,3193,2420,773
39049000910,3693,2560,1133
39049000920,2209,1509,700
39049001000,5613,5237,376
39049001110,3751,3643,108
39049001121,12131,12116,15
39049001122,3268,3162,106
39049001200,5201,4901,300
39049001301,2903,2659,244
39049001302,3039,2917,122
39049001400,1531,1091,440
39049001500,2092,1218,874
39049001600,2399,1914,485
39049001700,3994,3638,356
39049001810,4324,4155,169
39049001820,2478,2326,152
39049001901,4059,3939,120
39049001902,4063,3877,186
39049002000,3259,3013,246
39049002100,2456,2375,81
39049002200,4279,4065,214
39049002300,1503,1136,367
39049002510,3144,2275,869
39049002520,2784,2248,536
39049002600,3920,2794,1126
39049002710,1908,1519,389
39049002730,2183,1623,560
39049002740,2447,1913,534
39049002750,2554,1757,797
39049002760,3331,2653,678
39049002770,2300,1600,700
39049002780,2353,2008,345
39049002800,2461,1863,598
39049002900,2887,1717,1170
39049003000,4189,4021,168
39049003200,3500,3431,69
39049003600,2039,1698,341
39049003700,3389,2794,595
39049003800,2105,1843,262
39049004001,1253,1209,44
39049004002,4245,4148,97
39049004200,1107,982,125
39049004301,3532,3420,112
39049004302,1740,1259,481
39049004500,5048,3681,1367
39049004610,3298,2779,519
39049004620,2609,1860,749
39049004700,5138,3463,1675
39049004810,2929,2211,718
39049004820,2685,1934,751
39049004900,5686,4084,1602
39049005001,1647,1287,360
39049005002,3095,2235,860
39049005100,2548,1633,915
39049005200,3125,2960,165
39049005300,2676,2045,631
39049005410,1418,1025,393
39049005420,2082,1509,573
39049005500,4062,2958,1104
39049005610,1646,1255,391
39049005620,2422,1869,553
39049005700,3715,3493,222
39049005810,2719,2468,251
39049005820,2127,1888,239
39049005900,2365,1796,569
39049006000,2224,1609,615
39049006100,2534,1966,568
39049006236,6192,4513,1679
39049006237,5953,5051,902
39049006238,1892,1406,486
39049006239,6516,4887,1629
39049006240,5998,5193,805
39049006241,9531,7435,2096
39049006301,3155,2406,749
39049006302,4613,3674,939
39049006310,4857,3535,1322
39049006321,4436,3362,1074
39049006323,3570,2787,783
39049006330,4941,3688,1253
39049006340,3392,2568,824
39049006351,4116,3410,706
39049006352,3290,2973,317
39049006353,4806,3992,814
39049006372,7614,5644,1970
39049006384,6276,4712,1564
39049006386,6014,4974,1040
39049006387,6512,5151,1361
39049006391,5664,3969,1695
39049006392,4644,3485,1159
39049006393,5343,3968,1375
39049006394,2753,1997,756
39049006395,3713,3129,584
39049006396,5472,4709,763
39049006397,6680,4929,1751
39049006398,3592,2672,920
39049006410,2943,2218,725
39049006430,4946,3598,1348
39049006500,3827,2698,1129
39049006600,4204,3026,1178
39049006710,2894,2164,730
39049006721,3763,2814,949
39049006722,2953,2295,658
39049006810,2354,1743,611
39049006821,3619,3094,525
39049006822,1907,1613,294
39049006910,1698,1231,467
39049006921,3861,2975,886
39049006923,3957,2866,1091
39049006924,4245,3341,904
39049006931,6882,4919,1963
39049006932,7121,5154,1967
39049006933,7124,4718,2406
39049006943,4677,3535,1142
39049006944,4332,3464,868
39049006945,6102,4448,1654
39049006950,2797,2402,395
39049006991,4576,3445,1131
39049006992,4443,3114,1329
39049007010,3995,3347,648
39049007020,6547,5104,1443
39049007041,2744,2335,409
39049007043,5558,4442,1116
39049007044,5888,4688,1200
39049007047,3760,2907,853
39049007048,6388,4864,1524
39049007101,3239,2549,690
39049007102,3392,2749,643
39049007103,3286,2615,671
39049007112,6625,4826,1799
39049007113,5194,3648,1546
39049007114,5130,3943,1187
39049007115,6053,4337,1716
39049007120,5451,3910,1541
39049007193,6563,4977,1586
39049007198,2875,2202,673
39049007199,6263,4680,1583
39049007202,3645,2744,901
39049007205,6540,5842,698
39049007209,9770,8117,1653
39049007211,4549,3149,1400
39049007212,5388,3809,1579
39049007213,5398,3607,1791
39049007214,3877,3479,398
39049007215,5550,4772,778
39049007301,5986,4384,1602
39049007302,4862,3729,1133
39049007303,6632,4688,1944
39049007305,4480,3606,874
39049007306,4526,3378,1148
39049007394,3499,2670,829
39049007397,3537,2588,949
39049007398,8249,5603,2646
39049007424,6240,4601,1639
39049007425,2712,2096,616
39049007426,3357,2676,681
39049007427,6714,5058,1656
39049007492,6421,4944,1477
39049007494,4404,3219,1185
39049007511,1872,1326,546
39049007512,4295,3172,1123
39049007520,3242,2122,1120
39049007531,3065,2103,962
39049007532,2633,1759,874
39049007533,1933,1352,581
39049007534,3884,2501,1383
39049007550,2983,2462,521
39049007552,3998,2631,1367
39049007553,5731,4089,1642
39049007710,4629,3433,1196
39049007721,6485,4484,2001
39049007722,3673,2849,824
39049007730,3221,2471,750
39049007740,1743,1466,277
39049007811,3621,3136,485
39049007812,4931,4438,493
39049007820,3784,3232,552
39049007830,3691,3555,136
39049007922,6201,4821,1380
39049007931,4305,3181,1124
39049007941,3258,2467,791
39049007955,3364,2479,885
39049007956,4747,3486,1261
39049007957,4940,4085,855
39049007958,3330,2640,690
39049007959,1962,1556,406
39049007960,4926,3594,1332
39049007961,4974,3401,1573
39049007962,5249,3891,1358
39049007963,3065,2346,719
39049007964,6496,5211,1285
39049007965,3863,2851,1012
39049007966,5332,3810,1522
39049008001,3350,2512,838
39049008002,3487,2385,1102
39049008110,4245,3338,907
39049008120,4101,3033,1068
39049008132,7202,5396,1806
39049008163,3622,2619,1003
39049008164,4573,3235,1338
39049008165,2544,2029,515
39049008166,5601,4047,1554
39049008167,4078,2853,1225
39049008168,3517,2656,861
39049008169,5235,3920,1315
39049008170,5083,3879,1204
39049008171,3505,2894,611
39049008172,5597,4439,1158
39049008210,2321,1757,564
39049008230,3178,1792,1386
39049008241,2559,1851,708
39049008242,6316,5040,1276
39049008311,4686,3250,1436
39049008312,5027,3344,1683
39049008321,2530,1991,539
39049008322,4837,3800,1037
39049008330,1847,1445,402
39049008340,6354,4741,1613
39049008350,7668,5295,2373
39049008360,6690,4950,1740
39049008380,5128,4062,1066
39049008381,4426,3378,1048
39049008382,3715,2880,835
39049008400,3161,2482,679
39049008500,5702,4784,918
39049008710,2593,2058,535
39049008720,3507,2734,773
39049008730,1987,1547,440
39049008811,1774,1390,384
39049008812,3393,2601,792
39049008813,2447,1785,662
39049008821,2597,2115,482
39049008822,4134,3084,1050
39049008825,6468,4877,1591
39049008900,5240,4136,1104
39049009000,3644,2646,998
39049009100,5044,3477,1567
39049009220,2613,1927,686
39049009230,5631,3898,1733
39049009240,2052,1584,468
39049009250,2103,1611,492
39049009251,1169,827,342
39049009252,2927,2402,525
39049009311,3325,2422,903
39049009312,3552,2608,944
39049009321,2457,1725,732
39049009322,3751,2811,940
39049009323,3828,2672,1156
39049009325,4746,3417,1329
39049009326,1686,1277,409
39049009332,3321,2713,608
39049009334,3160,2332,828
39049009336,2085,1791,294
39049009337,4416,3088,1328
39049009340,3513,2552,961
39049009350,3046,2312,734
39049009361,5429,4722,707
39049009372,4613,3317,1296
39049009373,6184,4241,1943
39049009381,6424,4659,1765
39049009382,3002,2335,667
39049009383,2636,2006,630
39049009384,2916,2168,748
39049009385,3907,3215,692
39049009386,3279,2263,1016
39049009390,7155,5275,1880
39049009391,5068,3650,1418
39049009392,3750,2706,1044
39049009393,3742,2878,864
39049009394,2014,1601,413
39049009395,4895,3964,931
39049009396,2825,2166,659
39049009397,2977,2418,559
39049009401,4626,3490,1136
39049009403,3629,2341,1288
39049009404,2764,2204,560
39049009405,4143,3118,1025
39049009410,2810,2108,702
39049009420,6093,4482,1611
39049009440,5054,3994,1060
39049009495,5258,4056,1202
39049009497,2000,1661,339
39049009498,3827,2836,991
39049009520,4614,3405,1209
39049009590,5323,4205,1118
39049009600,4250,3130,1120
39049009711,4436,3398,1038
39049009712,2593,2008,585
39049009751,6537,4941,1596
39049009752,7528,5730,1798
39049009753,5947,4569,1378
39049009754,3989,2929,1060
39049009755,7213,5702,1511
39049009756,2244,1791,453
39049009757,4669,3688,981
39049009801,3288,2669,619
39049009802,3521,2846,675
39049009900,1970,1491,479
39049010000,5858,4622,1236
39049010100,1487,1387,100
39049010201,4049,3291,758
39049010202,5534,4030,1504
39049010203,4486,3281,1205
39049010204,6684,4922,1762
39049010300,2665,1738,927
39049010401,2641,1855,786
39049010402,5411,3830,1581
39049010501,5037,3605,1432
39049010502,3411,2499,912
39049010601,5364,3790,1574
39049010602,7124,5353,1771
39049010700,1420,1291,129
39049010900,4983,3804,1179
39051040100,3322,2506,816
39051040200,4560,3558,1002
39051040300,4668,3768,900
39051040400,3679,2687,992
39051040500,4856,3721,1135
39051040600,4324,3366,958
39051040701,2873,2103,770
39051040702,4992,3745,1247
39051040800,4778,3617,1161
39051040900,4661,3588,1073
39053953500,4498,3493,1005
39053953600,4000,2996,1004
39053953700,4137,2996,1141
39053953800,3953,3021,932
39053953901,4084,3157,927
39053953902,2632,2048,584
39053954000,3509,2809,700
39053954100,2407,1912,495
39055310100,2144,1724,420
39055310200,1938,1558,380
39055310600,6017,4893,1124
39055310700,3940,3187,753
39055310800,7087,5645,1442
39055310900,3103,2456,647
39055311000,3657,2427,1230
39055311300,4379,3344,1035
39055311400,5244,4375,869
39055311500,5540,4552,988
39055311600,3972,2997,975
39055311700,5608,4543,1065
39055311800,7285,5714,1571
39055311900,6574,5128,1446
39055312000,2778,2033,745
39055312100,4446,2790,1656
39055312201,5504,4391,1113
39055312202,4232,3370,862
39055312203,4676,3700,976
39055312300,4644,3471,1173
39055312400,2629,1674,955
39057200101,2528,2030,498
39057200103,3794,3014,780
39057200104,5048,4628,420
39057200300,3796,2891,905
39057200400,2122,1722,400
39057200500,4850,3709,1141
39057200600,3667,2974,693
39057200700,4287,3392,895
39057200901,4152,3377,775
39057200902,3535,2928,607
39057210101,3769,3072,697
39057210102,2061,1623,438
39057210201,4532,3507,1025
39057210202,3652,2616,1036
39057210300,3705,2923,782
39057210401,5226,4288,938
39057210402,5260,4209,1051
39057210500,6292,4921,1371
39057210602,5186,4065,1121
39057210603,7946,5447,2499
39057210604,5552,4538,1014
39057210605,3009,2379,630
39057220101,4104,2964,1140
39057220102,4716,3545,1171
39057220201,4474,3328,1146
39057220202,4079,3229,850
39057230100,2473,2057,416
39057240100,2802,2249,553
39057240200,4614,3565,1049
39057240302,3948,3192,756
39057240303,4333,3198,1135
39057240304,4275,3090,1185
39057240500,4478,3646,832
39057240600,5186,4450,736
39057240700,2604,2056,548
39057255000,3566,2987,579
39057260100,6717,5763,954
39057270100,3732,2858,874
39057280101,2639,2066,573
39057280102,2304,1817,487
39057280200,1367,1106,261
39057280300,1586,1186,400
39059977100,4376,3264,1112
39059977200,4610,3658,952
39059977300,3252,2567,685
39059977400,3629,2977,652
39059977500,3327,2472,855
39059977600,2919,2309,610
39059977700,3795,3046,749
39059977800,3880,3040,840
39059977900,4330,3417,913
39059978000,4320,3356,964
39061000200,1156,869,287
39061000700,3433,3331,102
39061000900,1660,1413,247
39061001000,1688,1505,183
39061001100,1088,857,231
39061001600,1059,821,238
39061001700,1215,904,311
39061001800,1427,1200,227
39061001900,2044,1835,209
39061002000,1503,1394,109
39061002200,2256,1833,423
39061002300,1387,1143,244
39061002500,3836,3569,267
39061002600,3437,3125,312
39061002700,1651,1463,188
39061002800,1234,1064,170
39061002901,2744,2657,87
39061002902,2799,2562,237
39061003000,5918,5794,124
39061003200,1426,1296,130
39061003300,2947,2751,196
39061003600,1054,826,228
39061003700,1601,1361,240
39061003800,2032,1539,493
39061003900,1684,1240,444
39061004000,2141,1669,472
39061004100,1618,1377,241
39061004200,1947,1720,227
39061004602,5056,3962,1094
39061004603,3048,2454,594
39061004604,3561,2805,756
39061004605,2622,2216,406
39061004703,3850,3132,718
39061004800,3551,2611,940
39061004900,6644,5341,1303
39061005000,5029,4249,780
39061005100,2520,1996,524
39061005200,3563,2996,567
39061005301,3349,3058,291
39061005302,3319,2969,350
39061005500,4110,3443,667
39061005600,5339,4350,989
39061005701,3174,2512,662
39061005702,4513,3723,790
39061005800,5166,4191,975
39061005900,1208,950,258
39061006000,5806,4614,1192
39061006100,2781,1977,804
39061006300,3865,3080,785
39061006400,3137,2509,628
39061006501,2947,2706,241
39061006502,3512,2814,698
39061006600,2052,1604,448
39061006800,4046,3084,962
39061006900,2598,1891,707
39061007000,2499,2088,411
39061007100,3695,3191,504
39061007200,2214,1935,279
39061007300,1916,1490,426
39061007400,1954,1646,308
39061007500,2032,1724,308
39061007700,2667,1647,1020
39061008000,5684,3261,2423
39061008100,2791,2168,623
39061008201,4159,3153,1006
39061008202,3349,2719,630
39061008300,4779,3668,1111
39061008400,2286,1738,548
39061008501,3790,2374,1416
39061008502,1918,922,996
39061008601,1951,1340,611
39061008800,3157,2191,966
39061009200,4464,2955,1509
39061009300,2412,1657,755
39061009400,1651,1030,621
39061009500,2569,1734,835
39061009600,4145,3196,949
39061009700,5168,3645,1523
39061009800,2285,1535,750
39061009901,4552,3382,1170
39061009902,3490,2567,923
39061010002,6030,4250,1780
39061010003,4935,3580,1355
39061010004,4705,3664,1041
39061010005,1546,1039,507
39061010100,4834,3770,1064
39061010201,5923,4602,1321
39061010202,2531,1955,576
39061010300,1256,926,330
39061010400,1257,1019,238
39061010500,1434,1152,282
39061010600,1391,1082,309
39061010700,1735,1278,457
39061010900,2784,2038,746
39061011000,2768,2030,738
39061011100,3454,2745,709
39061020401,5174,3835,1339
39061020403,5994,4503,1491
39061020404,4807,3878,929
39061020501,3053,2352,701
39061020502,4687,4019,668
39061020504,3358,2705,653
39061020505,4633,3521,1112
39061020601,6237,5019,1218
39061020603,5727,4269,1458
39061020604,2671,2269,402
39061020701,7107,5604,1503
39061020705,3335,2517,818
39061020707,4982,4109,873
39061020741,3435,2550,885
39061020742,4213,3017,1196
39061020762,3178,2348,830
39061020763,2341,1791,550
39061020764,4975,3815,1160
39061020802,4978,4085,893
39061020811,5876,4612,1264
39061020812,4454,3589,865
39061020901,3623,2838,785
39061020902,5614,4402,1212
39061021001,3134,2416,718
39061021002,3805,2870,935
39061021003,3160,2236,924
39061021101,4962,3928,1034
39061021102,6449,4941,1508
39061021201,2153,1699,454
39061021202,5363,4189,1174
39061021302,5672,4473,1199
39061021303,4723,3600,1123
39061021304,5026,3981,1045
39061021401,5242,4085,1157
39061021421,4149,3168,981
39061021422,2988,2210,778
39061021501,4911,3939,972
39061021504,6386,4765,1621
39061021505,3196,2411,785
39061021506,3506,2537,969
39061021508,6026,4666,1360
39061021509,6831,5037,1794
39061021571,3591,2716,875
39061021572,5893,4533,1360
39061021602,3100,2145,955
39061021603,3767,2887,880
39061021604,3727,2732,995
39061021701,2891,2349,542
39061021702,4370,3181,1189
39061021801,6270,4813,1457
39061021802,3411,2475,936
39061021900,1330,1003,327
39061022000,3957,3089,868
39061022101,4462,3685,777
39061022102,7029,5314,1715
39061022200,4389,3615,774
39061022301,5838,4341,1497
39061022302,5710,4715,995
39061022400,2298,1914,384
39061022500,4603,3726,877
39061022601,6140,4444,1696
39061022602,2748,1898,850
39061022700,3144,2165,979
39061023001,4939,3915,1024
39061023002,5045,4010,1035
39061023100,2669,2173,496
39061023201,2933,2315,618
39061023210,5372,4265,1107
39061023222,3213,2501,712
39061023300,4148,3056,1092
39061023400,3814,2845,969
39061023501,4691,3657,1034
39061023521,2582,1956,626
39061023522,6500,5139,1361
39061023600,4134,3389,745
39061023701,2723,2276,447
39061023702,2605,2127,478
39061023800,5222,4436,786
39061023901,4902,3693,1209
39061023902,5011,3729,1282
39061024001,5241,4111,1130
39061024002,3058,2362,696
39061024100,7391,5307,2084
39061024200,2938,2337,601
39061024301,4147,2994,1153
39061024303,7164,5273,1891
39061024322,8197,6008,2189
39061024323,3352,2531,821
39061024324,4675,3554,1121
39061024401,4716,3568,1148
39061024402,3240,2433,807
39061024700,1768,1348,420
39061024800,3646,2683,963
39061024901,1066,833,233
39061024903,4578,3263,1315
39061024904,3528,2616,912
39061025001,6253,4772,1481
39061025002,7258,5459,1799
39061025101,5026,3504,1522
39061025102,7542,5473,2069
39061025103,6743,5217,1526
39061025200,4313,3417,896
39061025300,2580,2057,523
39061025401,1535,1268,267
39061025402,2955,2505,450
39061025500,4087,3144,943
39061025600,3573,3121,452
39061025700,2087,1534,553
39061025800,4070,3262,808
39061026001,5049,3815,1234
39061026002,8422,5980,2442
39061026102,2905,2433,472
39061026103,4146,3105,1041
39061026104,3910,3012,898
39061026200,2255,1535,720
39061026300,1070,711,359
39061026400,2508,1707,801
39061026500,3196,2966,230
39061026600,1476,1304,172
39061026700,1645,1276,369
39061026800,1578,1482,96
39061026900,2366,1717,649
39061027000,2649,1957,692
39061027100,4271,3464,807
39061027200,2181,1600,581
39061027300,2773,1936,837
39061027400,4337,3348,989
39061027500,2924,2242,682
39061027600,2325,2095,230
39061027700,4110,3426,684
39063000100,4122,3249,873
39063000200,6476,5170,1306
39063000301,1303,995,308
39063000302,7013,5144,1869
39063000400,7632,5934,1698
39063000500,4933,3906,1027
39063000600,6533,5343,1190
39063000700,6301,4940,1361
39063000800,3546,2728,818
39063000901,1983,1551,432
39063000902,3401,2986,415
39063001000,6413,4894,1519
39063001100,4141,3260,881
39063001200,5732,4270,1462
39063001300,5391,4090,1301
39065000100,3173,2404,769
39065000200,4577,3405,1172
39065000300,3620,2811,809
39065000401,1794,1744,50
39065000402,4215,3312,903
39065000500,4162,3206,956
39065000600,3857,2988,869
39065000700,5298,3758,1540
39067975600,3409,2715,694
39067975700,3539,2715,824
39067975800,2246,1746,500
39067975900,2053,1675,378
39067976000,3236,2576,660
39069000100,4673,3508,1165
39069000200,3755,2870,885
39069000300,5208,3982,1226
39069000400,3410,2727,683
39069000500,3256,2541,715
39069000600,3388,2521,867
39069000700,3972,3063,909
39071954400,3981,3020,961
39071954500,3932,2869,1063
39071954600,5816,4253,1563
39071954700,6222,4753,1469
39071954800,4261,3234,1027
39071954900,3648,2913,735
39071955001,1706,1308,398
39071955002,2620,2050,570
39071955101,3230,2550,680
39071955102,2970,2236,734
39071955200,4931,3781,1150
39073964900,4338,3515,823
39073965000,3629,2877,752
39073965100,3925,3160,765
39073965200,4329,3433,896
39073965300,3851,2868,983
39073965400,4480,3409,1071
39073965500,3498,2660,838
39075976301,4994,3119,1875
39075976302,6090,4000,2090
39075976401,2484,1567,917
39075976402,2804,1908,896
39075976403,3703,2622,1081
39075976500,5413,3923,1490
39075976600,4363,3379,984
39075976700,4473,3535,938
39075976801,5156,3358,1798
39075976802,4743,3108,1635
39077915400,5141,4003,1138
39077915500,6111,4565,1546
39077915600,5053,3923,1130
39077915700,4272,3248,1024
39077915800,4519,3508,1011
39077915900,4010,3075,935
39077916000,4002,2990,1012
39077916100,3447,2747,700
39077916200,4568,3307,1261
39077916300,3465,2715,750
39077916400,4962,3606,1356
39077916500,4702,3714,988
39077916600,4313,3379,934
39079957200,4821,3661,1160
39079957300,3504,2706,798
39079957400,5435,4172,1263
39079957500,5794,4501,1293
39079957600,2725,2072,653
39079957700,5406,4124,1282
39079957800,4968,3670,1298
39081000200,3453,3086,367
39081000400,2581,1869,712
39081000600,2490,2042,448
39081001000,2451,2077,374
39081001200,5096,4136,960
39081001300,1221,971,250
39081001400,3915,3087,828
39081011000,1555,1249,306
39081011100,2660,2067,593
39081011200,2053,1577,476
39081011300,2597,2108,489
39081011401,3958,3233,725
39081011402,3781,3100,681
39081011500,4769,3897,872
39081011700,4277,3452,825
39081011800,3457,2744,713
39081011900,3107,2512,595
39081012000,2803,2254,549
39081012100,2560,2061,499
39081012200,1982,1626,356
39081012300,2077,1696,381
39081012400,2406,1724,682
39083006700,5209,3707,1502
39083006801,5737,4498,1239
39083006802,5051,3662,1389
39083006900,6260,4609,1651
39083007000,3170,2464,706
39083007100,3618,2849,769
39083007200,5329,4046,1283
39083007301,3447,3122,325
39083007302,3407,2912,495
39083007400,5709,4151,1558
39083007500,4331,3508,823
39083007600,4775,3739,1036
39083007701,3283,2450,833
39083007702,3395,2579,816
39085200100,2002,1668,334
39085200200,2564,2019,545
39085200300,3038,2421,617
39085200400,3414,2820,594
39085200500,3186,2525,661
39085200600,3345,2694,651
39085200700,3751,3116,635
39085200800,3599,2944,655
39085200900,1957,1513,444
39085201000,5068,4272,796
39085201101,1981,1601,380
39085201102,2970,2512,458
39085201200,3531,3093,438
39085201300,3871,3310,561
39085201400,3830,3272,558
39085201500,2651,2134,517
39085201600,4023,3220,803
39085201700,6053,4888,1165
39085201800,3657,2914,743
39085201900,2698,2304,394
39085202000,5550,4634,916
39085202100,2180,1810,370
39085202400,2871,2402,469
39085202500,4260,3512,748
39085202600,3679,2955,724
39085202700,6399,5153,1246
39085202800,5926,4891,1035
39085202901,4795,3911,884
39085202902,1641,1382,259
39085203000,6477,5251,1226
39085203200,3453,2896,557
39085203400,4363,3621,742
39085203500,6709,5398,1311
39085203700,3215,2576,639
39085204000,3108,2558,550
39085204200,4332,2875,1457
39085204303,2660,1942,718
39085204304,6572,4963,1609
39085204400,3114,2344,770
39085204500,3622,2795,827
39085204700,4705,3890,815
39085204800,5424,4256,1168
39085204900,5728,4524,1204
39085205001,5964,4783,1181
39085205002,5851,4764,1087
39085205100,7439,5856,1583
39085205200,3128,2569,559
39085205300,2484,1987,497
39085205400,1601,1231,370
39085205701,4777,3852,925
39085205702,2668,2066,602
39085205800,1259,993,266
39085206100,3436,2626,810
39085206200,1500,1226,274
39085206300,4777,3665,1112
39085206400,4957,3892,1065
39085206500,4008,3275,733
39085206600,4430,3646,784
39085206700,6352,5101,1251
39087050100,2522,2014,508
39087050200,2216,1798,418
39087050300,2168,1648,520
39087050400,3003,2380,623
39087050501,3002,2294,708
39087050502,3168,2451,717
39087050600,1227,945,282
39087050700,3223,2472,751
39087050800,3528,2695,833
39087050900,2133,1654,479
39087051001,4542,3549,993
39087051002,4085,3064,1021
39087051101,3685,2931,754
39087051102,2561,2117,444
39087051200,4861,3805,1056
39087051300,3537,2771,766
39087051401,5293,4211,1082
39087051402,3486,2780,706
39089750700,3306,2639,667
39089751000,2539,1827,712
39089751300,3593,2709,884
39089751600,3726,2967,759
39089751900,4419,3375,1044
39089752200,4743,3568,1175
39089752500,4151,3089,1062
39089752801,4184,3204,980
39089752802,2843,2419,424
39089753100,5153,3919,1234
39089753301,3362,2746,616
39089753302,4826,3421,1405
39089753600,1969,1527,442
39089753900,5081,4145,936
39089754102,2538,2030,508
39089754103,2213,1664,549
39089754104,5691,4663,1028
39089754400,6057,4560,1497
39089754700,6500,5021,1479
39089755000,6937,5404,1533
39089755301,3626,2626,1000
39089755302,4270,3352,918
39089755601,2621,2140,481
39089755602,2478,2003,475
39089755901,5178,3853,1325
39089755902,2647,2051,596
39089756201,2862,2215,647
39089756203,3147,2342,805
39089756204,5877,4322,1555
39089756500,4961,3765,1196
39089756801,3719,2757,962
39089756802,1830,1302,528
39089756803,4360,3297,1063
39089757100,4216,3259,957
39089757401,5123,3691,1432
39089757402,2509,1847,662
39089757701,3171,2641,530
39089757702,4678,3837,841
39089758300,2518,2058,460
39089758601,2727,2159,568
39089758602,4583,3702,881
39089758901,3077,2248,829
39089758902,3278,2524,754
39089759000,3438,2649,789
39089759101,4665,3720,945
39089759102,3129,2208,921
39091003800,3827,2903,924
39091003900,4519,3508,1011
39091004000,2590,2278,312
39091004100,2780,2335,445
39091004200,1787,1417,370
39091004300,5484,4144,1340
39091004400,5542,4248,1294
39091004500,4302,3200,1102
39091004600,5440,4078,1362
39091004700,5415,4235,1180
39091004800,4464,3489,975
39093010200,4228,3231,997
39093010300,5570,4297,1273
39093010400,4081,3364,717
39093013101,5392,3971,1421
39093013102,5010,3740,1270
39093013201,8214,5682,2532
39093013202,6231,4404,1827
39093021100,3207,2594,613
39093021200,5750,4555,1195
39093022100,1889,1513,376
39093022200,2474,1925,549
39093022400,3889,2900,989
39093022500,1633,1256,377
39093022601,2765,2221,544
39093022800,4654,3194,1460
39093023000,5375,3971,1404
39093023100,3240,2117,1123
39093023200,2905,2139,766
39093023300,2359,1627,732
39093023400,2248,1809,439
39093023500,2304,1782,522
39093023600,2813,2026,787
39093023900,1459,1096,363
39093024000,2114,1655,459
39093024100,3096,2488,608
39093024200,4418,3495,923
39093028100,4135,3478,657
39093030101,2783,2329,454
39093030102,4005,3202,803
39093050100,2829,2307,522
39093050200,3792,3056,736
39093050301,4746,3694,1052
39093050302,3807,3062,745
39093050400,2225,1806,419
39093057100,3607,2990,617
39093060100,4260,3610,650
39093060200,5116,4550,566
39093070101,3556,2934,622
39093070102,5220,4250,970
39093070200,2006,1695,311
39093070300,3336,2816,520
39093070400,4466,3496,970
39093070500,2852,2111,741
39093070600,4393,3619,774
39093070700,2120,1623,497
39093070901,1874,1147,727
39093070902,3733,3121,612
39093071100,4345,3387,958
39093071201,4314,3390,924
39093071202,3990,3277,713
39093071300,4627,3441,1186
39093071400,3122,2166,956
39093071500,1770,1487,283
39093077100,3501,2881,620
39093080101,2154,1822,332
39093080103,4295,3446,849
39093080104,3463,2717,746
39093080500,9133,6864,2269
39093080600,5450,4466,984
39093080701,5044,3822,1222
39093080702,5741,4564,1177
39093090100,3775,3039,736
39093090200,3636,2980,656
39093091100,3565,3014,551
39093091200,3986,3489,497
39093092100,2394,1981,413
39093093100,3052,2478,574
39093094101,4727,3760,967
39093094102,3677,2843,834
39093095100,7672,6501,1171
39093096100,6140,4906,1234
39093097100,3008,2423,585
39093097201,4032,3108,924
39093097202,5871,4617,1254
39093097300,2903,2111,792
39093097401,5540,4128,1412
39093097402,5787,4369,1418
39093097500,6809,5218,1591
39093097600,3262,2599,663
39095000201,2482,1762,720
39095000202,1850,1396,454
39095000301,2629,1964,665
39095000302,2475,1742,733
39095000400,3720,2614,1106
39095000601,3441,2407,1034
39095000602,984,698,286
39095000701,2058,1495,563
39095000702,2146,1537,609
39095000703,776,599,177
39095000800,1278,927,351
39095000900,2014,1412,602
39095001001,1459,1002,457
39095001002,1832,1326,506
39095001100,2110,1517,593
39095001201,2247,1761,486
39095001202,2825,2164,661
39095001301,2692,2206,486
39095001302,2107,1776,331
39095001303,3128,2450,678
39095001400,1414,1051,363
39095001500,1243,907,336
39095001601,1623,1257,366
39095001602,1163,944,219
39095001700,1162,823,339
39095001800,1988,1395,593
39095001900,1272,858,414
39095002000,1507,1120,387
39095002100,2682,2275,407
39095002401,3402,2817,585
39095002402,1394,1000,394
39095002500,1450,1072,378
39095002600,1047,755,292
39095002700,876,781,95
39095002800,1587,1417,170
39095002900,1875,1359,516
39095003000,1778,1384,394
39095003100,1009,792,217
39095003200,1034,817,217
39095003300,1114,764,350
39095003500,1108,838,270
39095003600,1048,793,255
39095003901,2886,2113,773
39095003902,1957,1437,520
39095004000,1746,1198,548
39095004200,1483,1038,445
39095004401,1395,953,442
39095004402,1944,1266,678
39095004501,2526,1971,555
39095004503,2529,2037,492
39095004504,3413,2738,675
39095004600,2169,1607,562
39095004701,2974,2152,822
39095004702,3502,2434,1068
39095004800,2585,1831,754
39095004900,2632,1919,713
39095005000,1751,1305,446
39095005101,2669,1703,966
39095005102,1349,943,406
39095005200,3110,2352,758
39095005300,1866,1330,536
39095005400,2561,1839,722
39095005501,2938,2451,487
39095005502,3045,2459,586
39095005503,2267,1828,439
39095005601,4312,3281,1031
39095005602,947,717,230
39095005701,3415,2596,819
39095005703,2524,1917,607
39095005704,2950,2348,602
39095005705,2000,1471,529
39095005801,3576,2792,784
39095005803,2017,1549,468
39095005804,2838,2133,705
39095005901,2649,1996,653
39095005902,4356,3366,990
39095006000,2398,1928,470
39095006100,3148,2452,696
39095006200,2423,1888,535
39095006300,3141,2433,708
39095006400,2483,1908,575
39095006500,2232,1795,437
39095006600,2160,1801,359
39095006700,2242,1941,301
39095006801,3007,2144,863
39095006802,2339,1897,442
39095006900,2593,2098,495
39095007002,2020,1599,421
39095007003,1901,1489,412
39095007004,2077,1666,411
39095007102,3634,2905,729
39095007103,2763,2203,560
39095007104,1488,1218,270
39095007202,3655,3065,590
39095007204,4542,3653,889
39095007206,2114,1680,434
39095007207,2047,1687,360
39095007208,2786,2358,428
39095007209,2425,1890,535
39095007302,3279,2539,740
39095007304,2650,2058,592
39095007305,2271,1794,477
39095007306,3675,2768,907
39095007307,1318,1117,201
39095007401,2574,2080,494
39095007402,3128,2442,686
39095007501,1778,1583,195
39095007502,1899,1633,266
39095007600,4860,3468,1392
39095007700,3370,2909,461
39095007801,1955,1565,390
39095007802,1826,1568,258
39095007901,2162,1668,494
39095007903,3011,2373,638
39095007904,2557,2048,509
39095008000,4146,3280,866
39095008100,3801,2914,887
39095008204,2343,1792,551
39095008205,2358,1752,606
39095008206,3851,2992,859
39095008207,1861,1566,295
39095008208,2729,2132,597
39095008209,2944,2294,650
39095008210,1944,1599,345
39095008302,1654,1381,273
39095008303,3459,2726,733
39095008304,2834,2361,473
39095008401,2813,2192,621
39095008402,1930,1531,399
39095008501,2611,2061,550
39095008502,1474,1304,170
39095008601,2565,2130,435
39095008602,2502,2101,401
39095008701,3354,2753,601
39095008702,2447,1721,726
39095008703,2371,1836,535
39095008801,3804,3010,794
39095008802,3645,3092,553
39095008903,4789,3576,1213
39095008904,1562,1155,407
39095008905,4072,3005,1067
39095008906,2592,2064,528
39095009001,4811,3658,1153
39095009002,5627,4383,1244
39095009003,4402,3681,721
39095009101,4546,3642,904
39095009103,2794,2296,498
39095009104,2792,2158,634
39095009203,3757,2867,890
39095009204,5995,4235,1760
39095009205,4695,3539,1156
39095009206,2955,2285,670
39095009300,1575,1234,341
39095009400,2472,1914,558
39095009500,2830,2267,563
39095009600,3378,2644,734
39095009700,2895,2363,532
39095009800,4468,3567,901
39095009901,3455,2807,648
39095009902,1096,860,236
39095010001,3871,3106,765
39095010002,3164,2512,652
39095010100,3985,3150,835
39095010200,3053,2508,545
39095010300,1524,1097,427
39095010400,4112,4048,64
39095010500,2820,2021,799
39095010600,1911,1349,562
39097040101,2334,1721,613
39097040102,5103,3763,1340
39097040201,2902,2348,554
39097040202,2581,1948,633
39097040400,2666,2085,581
39097040500,4546,3532,1014
39097040600,5660,4387,1273
39097040700,3006,2232,774
39097041000,4828,4772,56
39097041100,4743,3714,1029
39097041200,3272,2520,752
39097041300,2183,1610,573
39099800501,2116,1415,701
39099800502,959,952,7
39099800600,1194,903,291
39099801000,1467,1035,432
39099801100,2335,1718,617
39099801200,1477,1071,406
39099801300,2141,1550,591
39099801400,2104,1739,365
39099801500,1818,1375,443
39099801600,2336,1603,733
39099801700,928,727,201
39099802100,892,744,148
39099802300,787,576,211
39099802400,2531,1844,687
39099802500,1312,1054,258
39099802600,1604,1244,360
39099802701,3232,2806,426
39099802702,2818,2379,439
39099802800,2665,2085,580
39099802900,2233,1626,607
39099803000,1875,1425,450
39099804000,2080,1808,272
39099804100,1300,1069,231
39099804200,1934,1572,362
39099804300,900,652,248
39099810100,4213,3400,813
39099810200,1974,1532,442
39099810300,1665,1167,498
39099810600,2784,2065,719
39099810700,5233,4247,986
39099810800,2046,1635,411
39099810900,2021,1697,324
39099811001,4002,3362,640
39099811002,7506,5993,1513
39099811100,996,807,189
39099811200,2393,1930,463
39099811301,4199,3222,977
39099811302,2139,1834,305
39099811400,3218,2507,711
39099811500,5824,4712,1112
39099811600,3479,2968,511
39099811700,2622,2095,527
39099811800,1647,1238,409
39099811901,4289,3492,797
39099811902,3292,2828,464
39099812001,5622,4571,1051
39099812002,3882,3222,660
39099812101,6143,4984,1159
39099812102,4231,3344,887
39099812200,6570,5196,1374
39099812301,3888,2985,903
39099812302,6482,5210,1272
39099812400,2742,2142,600
39099812500,4952,4186,766
39099812601,4745,4060,685
39099812602,5222,4348,874
39099812604,4884,4134,750
39099812605,3134,2543,591
39099812700,2124,1723,401
39099812800,3565,2960,605
39099812900,4101,3371,730
39099813000,4117,3281,836
39099813200,4171,3432,739
39099813300,3101,2479,622
39099813400,3420,2687,733
39099813501,3537,2995,542
39099813502,4058,3306,752
39099813601,5839,4863,976
39099813602,2468,2039,429
39099813700,3506,3063,443
39099813800,3024,2366,658
39099813900,1571,1164,407
39099814000,2910,2257,653
39099814100,2303,1618,685
39099814200,1722,1435,287
39101000100,1153,882,271
39101000200,2958,2243,715
39101000300,2118,1621,497
39101000400,3674,2786,888
39101000501,2644,1930,714
39101000502,2600,1954,646
39101000600,4648,3782,866
39101000700,2675,2071,604
39101000800,2400,1750,650
39101000900,4254,3006,1248
39101001000,3155,2588,567
39101001100,2403,1840,563
39101010100,5294,4094,1200
39101010201,5222,4129,1093
39101010202,4975,4954,21
39101010300,4902,3861,1041
39101010400,4949,3958,991
39101010500,5335,4179,1156
39103400100,8025,6312,1713
39103402000,5750,4705,1045
39103403001,3215,2628,587
39103403002,3450,2669,781
39103404000,4338,3520,818
39103405000,4556,3557,999
39103406000,7046,5108,1938
39103407000,7621,5736,1885
39103408001,2741,2136,605
39103408002,1953,1666,287
39103408003,3190,2698,492
39103408101,3625,2966,659
39103408102,4024,3185,839
39103408201,4534,3316,1218
39103408202,5646,4259,1387
39103408301,3568,2797,771
39103408303,3528,2639,889
39103408304,3666,2729,937
39103408305,2894,2060,834
39103409001,2213,1813,400
39103409002,4591,3739,852
39103410000,4102,2990,1112
39103411001,1606,1306,300
39103411002,2857,2292,565
39103412000,4271,3450,821
39103413000,5527,4534,993
39103415100,5169,3692,1477
39103415200,4042,3223,819
39103415300,4749,3863,886
39103415400,4411,3463,948
39103415801,5433,3891,1542
39103415802,2152,1809,343
39103416000,5464,4423,1041
39103416100,4719,3758,961
39103416200,4534,3581,953
39103416300,2626,2082,544
39103416400,3323,2621,702
39103417001,4509,3438,1071
39103417002,4076,3224,852
39103417100,6972,5486,1486
39103417200,7159,5348,1811
39103417300,4595,3506,1089
39105964100,4064,3183,881
39105964200,4418,3540,878
39105964300,4517,3491,1026
39105964400,3087,2417,670
39105964500,2793,2237,556
39105964600,3331,2639,692
39107967200,3662,2797,865
39107967300,4383,3285,1098
39107967400,4857,3619,1238
39107967500,5650,4336,1314
39107967600,2929,2362,567
39107967700,6453,4690,1763
39107967800,2185,1889,296
39107967900,7333,5127,2206
39107968000,5076,3574,1502
39109300100,4751,3711,1040
39109315001,4148,3328,820
39109315002,4403,3398,1005
39109315100,5763,4305,1458
39109315300,4936,3704,1232
39109320100,3597,2703,894
39109325000,2798,2141,657
39109330100,3516,2649,867
39109340100,4713,3824,889
39109345000,4893,3764,1129
39109350101,5050,3903,1147
39109350102,3376,2578,798
39109355001,6051,4678,1373
39109355002,1637,1304,333
39109365001,3715,2773,942
39109365002,5352,4383,969
39109365101,4049,3051,998
39109365102,5064,3935,1129
39109365200,3586,2713,873
39109365301,6066,4539,1527
39109365302,6024,4511,1513
39109380100,10409,7778,2631
39109390100,4877,3774,1103
39111966600,3156,2602,554
39111966700,3587,2758,829
39111966800,3726,2973,753
39111966900,2916,2365,551
39113000100,3005,2328,677
39113000200,2175,1560,615
39113000300,2076,1444,632
39113000400,3783,2816,967
39113000500,4088,3120,968
39113000600,1678,1281,397
39113000700,2071,1551,520
39113000801,3935,2887,1048
39113000802,2130,1523,607
39113000900,2870,2112,758
39113001000,1358,1028,330
39113001100,4124,3000,1124
39113001200,1021,695,326
39113001501,4179,3973,206
39113001600,1874,1441,433
39113001700,775,609,166
39113001801,2449,1721,728
39113001802,3741,2699,1042
39113001900,4079,3108,971
39113002000,2920,2177,743
39113002200,2988,2083,905
39113002300,2949,2128,821
39113002400,2712,2033,679
39113002500,5485,4291,1194
39113002600,5807,4503,1304
39113002700,1997,1590,407
39113002800,2246,1846,400
39113002900,4030,3337,693
39113003000,2827,2364,463
39113003100,2791,2398,393
39113003201,3823,3326,497
39113003300,5076,3801,1275
39113003402,3683,3586,97
39113003403,3325,3274,51
39113003404,1987,1673,314
39113003500,1935,1422,513
39113003800,2481,1900,581
39113003900,1952,1484,468
39113004100,2079,1554,525
39113004200,1996,1352,644
39113004300,1959,1204,755
39113004400,2120,1599,521
39113004600,1464,1216,248
39113010100,2218,1570,648
39113010200,7354,5240,2114
39113020100,2944,2321,623
39113020200,3000,2338,662
39113020300,2653,2166,487
39113020400,6814,5500,1314
39113020500,1532,1289,243
39113020601,1889,1488,401
39113020602,1689,1331,358
39113020700,3167,2590,577
39113020800,2466,2026,440
39113020900,2713,2148,565
39113021000,1802,1349,453
39113021100,3247,2603,644
39113021200,1778,1410,368
39113021301,2862,2133,729
39113021302,2067,1645,422
39113021400,2581,2044,537
39113021501,2981,2266,715
39113021502,1656,1358,298
39113021601,2082,1696,386
39113021602,3640,2799,841
39113021700,2534,2021,513
39113021800,2286,1717,569
39113021900,2261,1797,464
39113030100,4704,3719,985
39113030200,2536,1965,571
39113040101,1925,1548,377
39113040102,2215,1731,484
39113040103,2966,2464,502
39113040201,2927,2348,579
39113040203,2646,2247,399
39113040204,4726,4062,664
39113040302,5595,4212,1383
39113040303,5526,4377,1149
39113040305,3571,2575,996
39113040306,5709,4500,1209
39113040401,5327,4229,1098
39113040403,4201,3353,848
39113040405,6334,5236,1098
39113040406,7996,6241,1755
39113050101,4338,3602,736
39113050104,2510,2136,374
39113050105,4936,4043,893
39113050106,6119,4589,1530
39113050107,3384,2734,650
39113050301,3407,2721,686
39113050302,5273,4111,1162
39113050303,3950,3289,661
39113050401,5184,3986,1198
39113050402,2012,1544,468
39113050502,2864,2173,691
39113050503,6384,5186,1198
39113050504,6581,5017,1564
39113050600,5362,4203,1159
39113060100,1236,1018,218
39113060200,1434,1038,396
39113060300,3718,3204,514
39113070101,3687,2863,824
39113070102,3433,2816,617
39113070201,1415,908,507
39113070202,1813,1316,497
39113070300,2748,2064,684
39113070400,2617,1964,653
39113070500,4091,3203,888
39113070600,1184,988,196
39113070700,3189,2438,751
39113080100,5864,4725,1139
39113080200,2716,2250,466
39113080300,2206,1777,429
39113080400,3152,2528,624
39113080500,6237,4511,1726
39113080600,1205,974,231
39113080700,2051,1725,326
39113090302,6336,4797,1539
39113090303,3687,2726,961
39113090304,6593,5124,1469
39113090600,3149,2521,628
39113090700,1438,1071,367
39113090800,1308,1026,282
39113090900,3544,2802,742
39113091000,2635,2118,517
39113091100,2682,1828,854
39113100101,6390,5048,1342
39113100102,5903,4659,1244
39113100201,4736,3474,1262
39113100202,2524,1998,526
39113100203,4660,3541,1119
39113100301,4347,3307,1040
39113100302,3308,2534,774
39113100400,5268,4055,1213
39113110100,1575,1190,385
39113110201,4682,3830,852
39113110202,3335,2636,699
39113115002,3994,3299,695
39113115011,5587,4458,1129
39113115012,5339,4130,1209
39113120101,5187,4067,1120
39113120102,4728,3676,1052
39113120103,3272,2586,686
39113125000,6472,5035,1437
39113125102,6317,4995,1322
39113125103,2750,2179,571
39113125104,4319,3472,847
39113130101,2335,1873,462
39113130102,6564,5193,1371
39113140100,5848,4465,1383
39113150100,6076,4730,1346
39113160100,1947,1527,420
39113165000,6800,5085,1715
39113165100,2597,1713,884
39113165200,1614,1485,129
39115968800,3028,2409,619
39115968900,3685,2964,721
39115969000,3909,3115,794
39115969100,3180,2459,721
39117965000,4270,3366,904
39117965100,4910,3654,1256
39117965201,4955,3853,1102
39117965202,1903,1539,364
39117965300,6281,4834,1447
39117965401,2444,1834,610
39117965402,3626,2742,884
39117965501,3459,2717,742
39117965502,3102,2356,746
39119911000,4785,3502,1283
39119911100,6350,4774,1576
39119911201,2763,2111,652
39119911202,4106,3149,957
39119911300,5881,4569,1312
39119911400,3498,2597,901
39119911500,5060,4084,976
39119911601,2439,1959,480
39119911602,4198,3583,615
39119911700,3359,2685,674
39119911800,3152,2412,740
39119911900,2851,2177,674
39119912000,3143,2393,750
39119912100,3475,2538,937
39119912200,3436,2537,899
39119912300,4157,3297,860
39119912400,4276,3346,930
39119912500,4557,3481,1076
39119912600,3283,2571,712
39119912700,5543,4287,1256
39119912800,6098,4898,1200
39121968300,3960,2952,1008
39121968401,4201,3285,916
39121968402,2990,2866,124
39121968500,2964,2330,634
39123050100,813,715,98
39123050201,2024,1813,211
39123050202,1687,1532,155
39123050301,2761,2407,354
39123050302,2163,1927,236
39123050500,2997,2407,590
39123050600,3179,2389,790
39123050700,3462,2675,787
39123050800,3966,3219,747
39123050900,5359,4223,1136
39123051000,4825,3805,1020
39123051100,3773,2966,807
39123051201,1109,933,176
39123051202,1729,1470,259
39123051203,517,458,59
39125960100,2997,2295,702
39125960200,4206,3189,1017
39125960300,4049,3063,986
39125960400,4043,3094,949
39125960500,3511,2632,879
39127965801,3793,2724,1069
39127965802,3928,3136,792
39127965901,3394,2623,771
39127965902,3523,2708,815
39127966000,4944,3666,1278
39127966100,4280,3343,937
39127966200,5772,4342,1430
39127966301,3178,2399,779
39127966302,2596,2019,577
39129020100,1864,1452,412
39129020200,2525,1892,633
39129020310,4860,3940,920
39129020320,3857,2974,883
39129020400,2787,2136,651
39129021101,4674,3491,1183
39129021102,3556,2902,654
39129021201,5041,3747,1294
39129021202,3233,2390,843
39129021300,3494,3467,27
39129021401,3213,2493,720
39129021403,6330,4340,1990
39129021404,1888,1442,446
39129021500,3161,2492,669
39129021600,3293,2505,788
39129021700,4763,3738,1025
39131952200,5324,4075,1249
39131952300,5151,3936,1215
39131952400,3265,2594,671
39131952500,3572,2754,818
39131952601,3489,2552,937
39131952602,2153,1593,560
39131952700,4134,3123,1011
39133600102,3392,2838,554
39133600103,5550,4253,1297
39133600200,5577,4596,981
39133600302,7383,5747,1636
39133600303,5444,4366,1078
39133600304,4412,3394,1018
39133600401,6887,5601,1286
39133600402,5505,4501,1004
39133600403,5085,3974,1111
39133600500,5245,4291,954
39133600602,2649,2171,478
39133600603,3450,2720,730
39133600703,1735,1396,339
39133600704,1648,1312,336
39133600705,2351,1913,438
39133600706,2780,2179,601
39133600800,3235,2765,470
39133600901,3859,2978,881
39133600902,5694,4464,1230
39133601000,2459,1930,529
39133601100,5056,4232,824
39133601200,4536,3950,586
39133601300,6318,4906,1412
39133601400,4269,3522,747
39133601501,2122,1907,215
39133601502,7391,7254,137
39133601503,4839,4302,537
39133601600,4069,3374,695
39133601702,5779,4558,1221
39133601703,3561,3008,553
39133601704,3246,2550,696
39133601801,4060,3187,873
39133601802,4542,3666,876
39133601901,2564,2001,563
39133601902,2838,2240,598
39133602000,5276,4208,1068
39133602101,3723,3059,664
39133602102,3262,2721,541
39135400100,3226,2528,698
39135410100,2084,1605,479
39135420100,4305,3354,951
39135430100,2669,2069,600
39135440100,3730,2851,879
39135450100,2161,1704,457
39135455001,2273,1710,563
39135455002,5750,4570,1180
39135460100,2840,2193,647
39135470101,3573,2714,859
39135470102,4167,3149,1018
39135480100,4221,3298,923
39137030100,4496,3321,1175
39137030200,5619,4174,1445
39137030301,3592,2681,911
39137030302,4442,3323,1119
39137030400,3466,2585,881
39137030500,3794,2780,1014
39137030600,4126,3080,1046
39137030700,4916,3732,1184
39139000400,2549,1806,743
39139000500,3706,2819,887
39139000600,3056,2148,908
39139000700,2776,1988,788
39139000800,2584,1950,634
39139000900,4665,3508,1157
39139001000,5630,4342,1288
39139001100,2699,2278,421
39139001200,3880,3194,686
39139001300,3159,2473,686
39139001400,2298,1894,404
39139001500,1904,1559,345
39139001600,1712,1317,395
39139001700,5017,4998,19
39139001800,3710,2994,716
39139001900,6106,4926,1180
39139002000,5730,4558,1172
39139002101,5444,4508,936
39139002102,4822,3775,1047
39139002200,7119,5459,1660
39139002300,6351,5119,1232
39139002400,5891,4573,1318
39139002500,4354,3311,1043
39139002600,4652,3577,1075
39139002700,5583,4301,1282
39139002800,3580,2658,922
39139002900,4356,2995,1361
39139003001,5357,4050,1307
39139003002,3997,3062,935
39139003100,2249,1743,506
39141955500,6158,4834,1324
39141955603,4046,3046,1000
39141955604,6967,6425,542
39141955700,5647,4260,1387
39141955801,4322,3344,978
39141955802,3893,2964,929
39141955900,4288,3335,953
39141956000,5550,4345,1205
39141956100,3535,2892,643
39141956200,2305,1874,431
39141956300,3078,2479,599
39141956400,3354,2537,817
39141956500,3806,2872,934
39141956600,5136,4031,1105
39141956700,4796,3725,1071
39141956800,5896,4497,1399
39141956900,4316,3344,972
39143960800,3397,2765,632
39143960900,3292,2629,663
39143961000,4043,3179,864
39143961100,3866,3021,845
39143961200,3844,3065,779
39143961300,4421,3508,913
39143961400,2595,1967,628
39143961500,3987,2946,1041
39143961600,3030,2417,613
39143961700,3229,2505,724
39143961800,4286,3218,1068
39143961900,3288,2593,695
39143962000,6306,4870,1436
39143962100,5010,3935,1075
39143962200,4302,3332,970
39145002100,4789,3713,1076
39145002200,4513,3808,705
39145002300,4763,3723,1040
39145002400,5225,4045,1180
39145002500,2843,2185,658
39145002600,3822,2904,918
39145002700,4869,3714,1155
39145002800,4443,3516,927
39145002901,3675,2873,802
39145002902,2545,2041,504
39145003000,3504,2676,828
39145003100,3053,2383,670
39145003200,1734,1329,405
39145003300,2243,1812,431
39145003400,3528,2600,928
39145003500,2087,1623,464
39145003600,2368,2195,173
39145003700,2557,1917,640
39145003800,4423,3609,814
39145003900,2996,2319,677
39145004000,4028,3143,885
39147962500,3724,2881,843
39147962600,3867,2956,911
39147962700,3439,2681,758
39147962800,3444,2629,815
39147962900,3890,2805,1085
39147963000,3214,2455,759
39147963100,4378,3312,1066
39147963200,4187,3293,894
39147963300,4055,3358,697
39147963400,4253,3440,813
39147963500,3638,2817,821
39147963600,4206,3389,817
39147963700,4949,4037,912
39147963800,3825,2978,847
39149971400,4169,3088,1081
39149971500,5078,3744,1334
39149971600,5072,3731,1341
39149971700,4265,3408,857
39149971800,5428,4034,1394
39149971900,4111,3192,919
39149972000,3684,2633,1051
39149972100,5581,4255,1326
39149972200,5141,3951,1190
39149972300,5701,4234,1467
39151700100,1326,1231,95
39151700200,5542,4145,1397
39151700300,2550,1894,656
39151700400,4652,3575,1077
39151700500,2968,2146,822
39151700600,2871,2196,675
39151700701,2594,2196,398
39151700702,3752,3234,518
39151700800,3720,2808,912
39151701000,3604,2546,1058
39151701100,3278,2492,786
39151701200,3728,2798,930
39151701300,3870,2695,1175
39151701500,2761,2009,752
39151701700,2744,1950,794
39151701800,2311,1699,612
39151702100,3094,2350,744
39151702300,3586,2214,1372
39151702500,2884,2222,662
39151710200,4179,3013,1166
39151710300,3528,2661,867
39151710400,1012,806,206
39151710500,4193,3172,1021
39151710600,4927,4054,873
39151710700,3586,3199,387
39151710800,5072,4210,862
39151710900,4277,3390,887
39151711001,4086,3181,905
39151711002,4096,3058,1038
39151711111,4859,3776,1083
39151711112,5275,3864,1411
39151711121,6302,4785,1517
39151711122,5706,4397,1309
39151711202,4284,3382,902
39151711211,6779,5445,1334
39151711212,2485,1981,504
39151711312,7332,5619,1713
39151711321,3834,3120,714
39151711322,3549,3056,493
39151711323,4571,3305,1266
39151711324,4721,3762,959
39151711402,6756,5402,1354
39151711411,4211,3322,889
39151711412,4748,3897,851
39151711501,3912,3345,567
39151711502,3463,2816,647
39151711600,5809,4870,939
39151711700,5477,4316,1161
39151711800,4988,4073,915
39151711900,5005,4057,948
39151712000,4498,3573,925
39151712102,8627,6656,1971
39151712112,1904,1511,393
39151712113,1351,1080,271
39151712114,4827,4007,820
39151712201,6448,5446,1002
39151712202,5666,4595,1071
39151712300,5907,4734,1173
39151712400,6514,5238,1276
39151712500,2115,1637,478
39151712601,2538,1924,614
39151712602,5129,3974,1155
39151712700,5111,4045,1066
39151712800,4493,3658,835
39151712900,4031,3190,841
39151713000,3848,2996,852
39151713100,5611,4529,1082
39151713201,6844,5563,1281
39151713202,2028,1648,380
39151713300,4418,3525,893
39151713401,5155,4093,1062
39151713402,4258,3394,864
39151713501,5597,4526,1071
39151713502,5732,4536,1196
39151713600,2499,1951,548
39151713700,2437,1806,631
39151713900,1855,1458,397
39151714000,3982,3213,769
39151714100,3149,2393,756
39151714200,2712,1970,742
39151714302,3865,3053,812
39151714400,3888,3056,832
39151714600,4527,3660,867
39151714701,6254,4954,1300
39151714702,2461,1923,538
39151714801,6547,5060,1487
39151714802,3029,2493,536
39151714901,3818,3100,718
39151714902,3561,2791,770
39151715000,2762,2206,556
39153501100,1730,1322,408
39153501700,1146,1017,129
39153501800,881,609,272
39153501900,2245,1649,596
39153502101,3356,2398,958
39153502102,4808,3773,1035
39153502200,6294,4796,1498
39153502300,5206,3862,1344
39153502500,1027,846,181
39153502600,2977,2200,777
39153502700,6421,5129,1292
39153502800,4071,3279,792
39153503100,1530,1058,472
39153503200,1473,1094,379
39153503300,5396,3882,1514
39153503400,1319,907,412
39153503500,3483,2478,1005
39153503600,4152,3339,813
39153503701,5539,4594,945
39153503702,5482,4510,972
39153503800,3783,2603,1180
39153504100,929,760,169
39153504200,1577,1177,400
39153504400,1219,902,317
39153504500,1669,1233,436
39153504600,3257,2453,804
39153504700,4334,3279,1055
39153504800,4675,3882,793
39153505200,1247,941,306
39153505300,1487,976,511
39153505400,3614,2695,919
39153505500,2560,1945,615
39153505600,1134,869,265
39153505700,2673,1997,676
39153505800,4579,3761,818
39153505900,2376,1889,487
39153506100,5221,4353,868
39153506200,3679,2828,851
39153506400,2801,2261,540
39153506500,2596,1873,723
39153506600,2195,1845,350
39153506700,1598,1141,457
39153506800,2196,1954,242
39153507101,5003,3967,1036
39153507102,2795,2295,500
39153507201,2497,2063,434
39153507202,3436,2934,502
39153507203,4478,3693,785
39153507300,3107,2703,404
39153507400,928,796,132
39153507501,2056,1625,431
39153507502,4479,3102,1377
39153507600,4506,3487,1019
39153508000,5345,4667,678
39153508301,1368,1236,132
39153508399,4351,3319,1032
39153508600,2816,2224,592
39153508800,5362,4195,1167
39153508900,4291,4075,216
39153509000,1388,1040,348
39153510100,2711,2107,604
39153510200,3992,3111,881
39153510301,5110,3872,1238
39153510302,5702,4732,970
39153510400,3715,3005,710
39153510500,4065,3218,847
39153520103,2051,1664,387
39153520104,4392,3651,741
39153520105,4196,3376,820
39153520106,2707,2417,290
39153520201,2669,2169,500
39153520202,4667,3808,859
39153520301,3385,2858,527
39153520302,3486,2807,679
39153520400,4505,3659,846
39153520500,4362,3479,883
39153520600,3663,2994,669
39153530101,7358,5422,1936
39153530103,4700,3701,999
39153530104,7599,6012,1587
39153530105,2814,2185,629
39153530108,4805,3767,1038
39153530401,3330,2641,689
39153530402,3606,2800,806
39153530501,5134,4175,959
39153530502,3245,2689,556
39153530603,4617,3873,744
39153530604,3385,2692,693
39153530605,5607,4382,1225
39153530606,5559,4322,1237
39153530700,2516,2086,430
39153530800,6655,5456,1199
39153530901,4699,3711,988
39153530902,6476,5337,1139
39153530903,5328,4140,1188
39153531001,3767,2905,862
39153531002,5414,4396,1018
39153531101,2840,2324,516
39153531102,4216,3457,759
39153531103,2976,2451,525
39153531405,4642,3623,1019
39153531406,5368,4150,1218
39153531407,2914,2189,725
39153531501,4222,3441,781
39153531502,4367,3331,1036
39153531601,4205,3538,667
39153531602,3097,2414,683
39153531701,3986,3167,819
39153531702,4124,3337,787
39153531801,4772,4178,594
39153531802,4429,3639,790
39153532001,3707,2963,744
39153532003,4178,3341,837
39153532004,3782,2973,809
39153532202,6608,5409,1199
39153532301,5879,4582,1297
39153532302,5866,4700,1166
39153532501,3242,2656,586
39153532502,3195,2587,608
39153532600,2803,2215,588
39153532701,8077,6406,1671
39153532702,3541,2890,651
39153532703,5599,4573,1026
39153532705,7119,5748,1371
39153532706,3726,3351,375
39153532708,5323,4323,1000
39153532901,1577,1280,297
39153532902,10091,7920,2171
39153532999,5962,4647,1315
39153533000,1614,1306,308
39153533101,4873,3505,1368
39153533102,2394,1732,662
39153533200,5847,4312,1535
39153533400,5973,4760,1213
39153533501,9186,6994,2192
39153533502,3972,3078,894
39153534000,7304,5690,1614
39153534100,2699,1933,766
39155920300,2805,2165,640
39155920400,2422,1721,701
39155920700,4434,3767,667
39155920800,2030,1587,443
39155920900,3564,2601,963
39155921000,5341,4204,1137
39155921100,3443,2673,770
39155921200,1883,1346,537
39155921300,2343,2001,342
39155921400,3310,2869,441
39155921500,5774,4683,1091
39155921600,3772,2966,806
39155930101,2783,2264,519
39155930102,2340,1953,387
39155930200,2541,2085,456
39155930300,3269,2632,637
39155930400,3953,3053,900
39155930500,6397,3974,2423
39155930600,3731,2927,804
39155930700,4122,3288,834
39155930800,4869,3938,931
39155930900,7086,5648,1438
39155931000,6024,5055,969
39155931100,2293,1962,331
39155931200,3978,3311,667
39155931300,3970,3374,596
39155931400,4477,3660,817
39155931500,3869,3246,623
39155931601,4338,3520,818
39155931602,2890,2370,520
39155931700,1872,1531,341
39155931900,6001,4879,1122
39155932000,5945,4905,1040
39155932200,2780,2156,624
39155932300,5681,4631,1050
39155932500,3172,2499,673
39155932600,3403,2778,625
39155932701,5605,4693,912
39155932702,2580,2054,526
39155932801,2669,2181,488
39155932802,3396,2644,752
39155932900,2556,2076,480
39155933001,5852,4769,1083
39155933002,4209,3482,727
39155933100,2255,1784,471
39155933301,2754,2195,559
39155933302,4408,3606,802
39155933400,3332,2750,582
39155933500,3854,3114,740
39155933600,4754,3902,852
39155933700,2477,2044,433
39155933800,2439,1907,532
39155933900,1859,1446,413
39155934000,4073,2920,1153
39157020100,5133,3938,1195
39157020200,4134,3363,771
39157020300,3397,2684,713
39157020400,5474,4334,1140
39157020500,5647,4109,1538
39157020600,5219,4129,1090
39157020700,6285,4770,1515
39157020801,3403,2535,868
39157020802,2720,2218,502
39157020900,4184,3293,891
39157021000,4625,3658,967
39157021100,2832,2259,573
39157021200,2695,2098,597
39157021300,5086,3662,1424
39157021400,2494,1895,599
39157021501,3485,2787,698
39157021502,2127,1712,415
39157021503,2358,1820,538
39157021600,4574,3450,1124
39157021700,5263,4143,1120
39157021800,2697,2081,616
39157021900,2524,1902,622
39157022001,3568,2706,862
39157022002,3339,2511,828
39159050100,3769,2890,879
39159050200,4875,3656,1219
39159050301,4034,3035,999
39159050303,8423,5687,2736
39159050304,2557,1955,602
39159050401,5477,4785,692
39159050402,3630,2738,892
39159050501,4613,3639,974
39159050502,2249,1702,547
39159050601,10920,7282,3638
39159050602,4012,3175,837
39159050701,4848,3516,1332
39159050702,3377,2554,823
39161020100,4285,3214,1071
39161020200,4514,3447,1067
39161020300,2672,2003,669
39161020400,2841,2179,662
39161020500,3127,2376,751
39161020600,1615,1200,415
39161020700,1747,1318,429
39161020800,4514,3496,1018
39161020900,3616,2830,786
39163953000,4799,3794,1005
39163953100,5204,3966,1238
39163953200,2797,2221,576
39165030101,4210,3273,937
39165030102,4671,3649,1022
39165030200,1278,1031,247
39165030501,3850,3037,813
39165030503,5682,4345,1337
39165030504,5179,3771,1408
39165030600,3796,2983,813
39165030700,7449,5814,1635
39165030800,7020,5334,1686
39165030901,8624,6094,2530
39165030902,8886,6213,2673
39165031001,6483,4967,1516
39165031002,2162,1704,458
39165031100,3947,3082,865
39165031200,8353,6245,2108
39165031300,4909,3555,1354
39165031400,5094,3719,1375
39165031500,5450,4284,1166
39165031601,1681,1384,297
39165031602,6166,4819,1347
39165031603,3412,2560,852
39165031700,3193,3186,7
39165031904,6926,5305,1621
39165031905,6318,4690,1628
39165031906,4351,3473,878
39165031907,11864,8417,3447
39165031908,5820,4184,1636
39165032003,7490,5815,1675
39165032004,6113,4524,1589
39165032006,4072,3235,837
39165032008,3765,2848,917
39165032009,8087,5908,2179
39165032010,3377,2555,822
39165032011,3502,2708,794
39165032100,9917,6992,2925
39165032202,6479,4849,1630
39165032203,8425,6451,1974
39165032204,4881,3362,1519
39165032205,8835,6282,2553
39165032206,3001,2121,880
39165032300,5215,4003,1212
39165032400,4929,3817,1112
39165032501,3411,2648,763
39165032502,4064,3017,1047
39167020101,3925,3216,709
39167020102,2277,1806,471
39167020201,3671,2876,795
39167020202,3333,2648,685
39167020300,3623,2858,765
39167020400,2017,1680,337
39167020500,2249,2002,247
39167020800,3512,2809,703
39167020900,2544,2073,471
39167021000,3669,2845,824
39167021100,4004,3308,696
39167021201,3086,2474,612
39167021202,2077,1666,411
39167021300,4749,3679,1070
39167021400,3981,3254,727
39167021500,1464,1188,276
39167021600,3603,2745,858
39167021700,5987,4733,1254
39169000100,3524,2751,773
39169000200,3288,2569,719
39169000300,2683,2265,418
39169000500,3907,3199,708
39169000600,5632,4450,1182
39169000700,7066,5763,1303
39169000800,7209,5879,1330
39169000900,4089,3107,982
39169001000,3077,2329,748
39169001100,1394,1105,289
39169001200,1283,984,299
39169001300,3989,3094,895
39169001400,3010,2212,798
39169001700,8000,4703,3297
39169001800,4235,2936,1299
39169001900,3165,2416,749
39169002000,3069,2387,682
39169002100,2933,2185,748
39169002200,3847,2873,974
39169002300,3038,2313,725
39169002400,3913,2993,920
39169002500,2482,1923,559
39169002901,3415,2692,723
39169002902,5106,4158,948
39169003000,2212,1683,529
39169003100,2258,1650,608
39169003200,3994,3030,964
39169003300,3193,2130,1063
39169003400,3064,2350,714
39169003500,3455,2702,753
39169003700,3936,2612,1324
39169980000,1428,1394,34
39171950100,4668,3585,1083
39171950200,3868,2976,892
39171950300,4278,3282,996
39171950400,4578,3580,998
39171950500,4154,3351,803
39171950600,4867,3772,1095
39171950700,4299,3380,919
39171950800,3648,2831,817
39171950900,2742,2123,619
39173020100,5160,4054,1106
39173020200,2942,2285,657
39173020300,4930,4060,870
39173020401,5678,4548,1130
39173020402,6550,4943,1607
39173020500,2263,1743,520
39173020601,4120,3122,998
39173020602,8808,6295,2513
39173020701,3441,2903,538
39173020702,4003,3224,779
39173020800,3854,3202,652
39173020901,4859,3769,1090
39173020902,2447,1861,586
39173021000,4097,3166,931
39173021100,3874,3004,870
39173021200,7787,5697,2090
39173021300,3450,2698,752
39173021400,3053,2330,723
39173021500,2404,1842,562
39173021601,5334,4025,1309
39173021602,2384,1803,581
39173021701,3200,2895,305
39173021702,4807,4225,582
39173021800,5592,5565,27
39173021901,3729,3029,700
39173021902,5084,4521,563
39173022100,4157,3112,1045
39173022200,2660,2120,540
39173022300,3758,2807,951
39173022400,3536,2660,876
39173022500,4287,3447,840
39175938000,4222,3281,941
39175938100,4407,3356,1051
39175938200,3514,2705,809
39175938300,3584,2848,736
39175938400,3191,2432,759
39175938500,2982,2329,653
40001376600,2331,1829,502
40001376700,4654,3416,1238
40001376800,3848,2907,941
40001376900,4305,3082,1223
40001377000,4357,3186,1171
40003955600,1445,1083,362
40003955700,1342,979,363
40003956000,2912,2498,414
40005587600,1773,1488,285
40005587700,4133,3230,903
40005587800,3981,2959,1022
40005587900,4256,3404,852
40007951600,2591,1829,762
40007951700,1063,857,206
40007951800,1395,1062,333
40009966100,7393,5337,2056
40009966200,7078,5118,1960
40009966500,1670,1231,439
40009966800,6269,5327,942
40011958600,1400,1052,348
40011958700,1488,1135,353
40011958800,1135,871,264
40011958900,3030,2197,833
40011959000,1682,1293,389
40013795600,2479,1897,582
40013795700,3527,2712,815
40013795900,1607,1290,317
40013796002,5305,3972,1333
40013796003,4525,3469,1056
40013796004,1684,1327,357
40013796101,5419,4023,1396
40013796102,4827,3625,1202
40013796200,4397,3509,888
40013796300,1836,1362,474
40013796400,2550,1832,718
40013796500,2539,1951,588
40013796600,5372,4297,1075
40015161601,5284,4716,568
40015161602,2162,1665,497
40015161700,1625,1217,408
40015161800,2626,2032,594
40015161900,1400,1077,323
40015162000,2801,2212,589
40015162101,3000,2111,889
40015162102,3337,2447,890
40015162200,2201,1689,512
40015162300,2509,1916,593
40017300100,2422,1809,613
40017300201,6406,4485,1921
40017300202,4347,3311,1036
40017300300,3286,2350,936
40017300400,1183,865,318
40017300500,2958,2155,803
40017300600,3385,2524,861
40017300701,1848,1365,483
40017300702,5034,4139,895
40017300802,3606,2688,918
40017300803,3313,2428,885
40017300804,3769,2533,1236
40017300805,7091,4648,2443
40017300806,4604,3286,1318
40017300901,6764,5003,1761
40017300902,2423,1797,626
40017300904,5945,4204,1741
40017300905,5998,4374,1624
40017301001,1061,738,323
40017301003,7086,5273,1813
40017301006,3313,2456,857
40017301010,3624,2414,1210
40017301011,5883,4224,1659
40017301012,2674,1912,762
40017301013,6444,4603,1841
40017301014,5218,3686,1532
40017301015,2227,1749,478
40017301100,6059,4626,1433
40017301201,3766,2855,911
40017301202,2460,1878,582
40017301301,2830,2062,768
40017301302,5444,3966,1478
40017301406,5268,3936,1332
40017301407,6348,4724,1624
40017301408,2055,1607,448
40017301409,2763,1998,765
40017301410,5500,4063,1437
40019892100,2712,2148,564
40019892200,1276,1015,261
40019892301,1471,1088,383
40019892302,1100,840,260
40019892400,3176,2423,753
40019892501,4774,3498,1276
40019892502,5360,3957,1403
40019892601,2824,2063,761
40019892602,3619,2938,681
40019892700,4857,3796,1061
40019892801,2376,1848,528
40019892802,2272,1668,604
40019892900,2164,1726,438
40019893001,4133,3165,968
40019893002,3126,2421,705
40019893100,2763,2091,672
40021977600,5307,3948,1359
40021977701,2854,2162,692
40021977702,3448,2614,834
40021977801,2472,1717,755
40021977802,4353,3229,1124
40021977901,3356,2685,671
40021977902,3564,2856,708
40021978000,4273,3158,1115
40021978100,5860,4661,1199
40021978201,2702,2026,676
40021978202,2822,2307,515
40021978301,3116,2404,712
40021978302,2951,2222,729
40023966900,2541,2042,499
40023967000,2952,2329,623
40023967100,3726,2839,887
40023967200,2115,1561,554
40023967300,2870,2185,685
40025950100,1077,833,244
40025950300,1219,905,314
40027200100,338,295,43
40027200200,1724,1348,376
40027200300,3512,2619,893
40027200400,1795,1412,383
40027200500,3573,3186,387
40027200602,3302,2679,623
40027200603,2996,2337,659
40027200604,3191,2424,767
40027200700,245,202,43
40027200800,7444,5628,1816
40027200900,4069,3131,938
40027201000,5895,4616,1279
40027201102,2871,2398,473
40027201103,3643,2953,690
40027201104,2110,1730,380
40027201201,2258,2076,182
40027201202,6015,5902,113
40027201204,3850,3463,387
40027201205,4705,3789,916
40027201302,3988,3356,632
40027201303,4941,4125,816
40027201403,6463,4860,1603
40027201404,4215,3372,843
40027201405,6593,4963,1630
40027201505,5791,4649,1142
40027201508,3052,2403,649
40027201509,5428,4176,1252
40027201511,2801,2224,577
40027201512,3724,3022,702
40027201513,2981,2092,889
40027201514,5334,4061,1273
40027201602,2920,2053,867
40027201603,3845,2769,1076
40027201604,3910,2886,1024
40027201607,6721,4963,1758
40027201609,5027,3890,1137
40027201610,4338,3246,1092
40027201611,2264,1699,565
40027201612,5340,4260,1080
40027201700,5060,3428,1632
40027201801,4409,3498,911
40027201802,3789,3201,588
40027201902,4660,3532,1128
40027201903,3098,2402,696
40027201904,5376,4146,1230
40027202002,4309,3432,877
40027202004,3893,2922,971
40027202005,6564,4796,1768
40027202006,3433,2764,669
40027202007,4954,3476,1478
40027202008,5105,3849,1256
40027202102,2543,1961,582
40027202104,2433,1800,633
40027202105,4473,3199,1274
40027202106,6264,4607,1657
40027202107,3335,2282,1053
40027202201,4806,3589,1217
40027202203,5945,4263,1682
40027202205,8093,5804,2289
40027202207,646,500,146
40027202208,2754,2203,551
40027202301,6821,5201,1620
40027202302,6621,5039,1582
40027202403,5637,4451,1186
40027202404,4307,3222,1085
40027202405,6617,5529,1088
40027202406,3294,2545,749
40027202407,3207,2499,708
40027202501,4666,3464,1202
40027202502,2663,1924,739
40027202600,2541,1917,624
40029388100,3564,2740,824
40029388200,1702,1312,390
40031000100,3601,2673,928
40031000200,2224,1607,617
40031000300,5101,3791,1310
40031000402,3841,3045,796
40031000403,4637,3632,1005
40031000404,3857,2924,933
40031000405,1957,1448,509
40031000503,3549,2614,935
40031000504,3689,2758,931
40031000505,3831,2687,1144
40031000506,4075,3110,965
40031000600,2409,1930,479
40031000700,2486,1938,548
40031000800,2169,1680,489
40031000900,1842,1370,472
40031001000,1744,1381,363
40031001100,1544,1187,357
40031001400,1109,914,195
40031001500,2298,1761,537
40031001600,1605,1189,416
40031001700,1873,1491,382
40031001901,1578,1190,388
40031001902,1424,1057,367
40031002001,5802,4296,1506
40031002003,2055,1652,403
40031002004,3894,2841,1053
40031002005,5735,5052,683
40031002101,4082,2742,1340
40031002102,4489,3423,1066
40031002201,2935,2119,816
40031002202,3969,3150,819
40031002301,6374,4696,1678
40031002302,4939,3621,1318
40031002401,295,273,22
40031002403,2142,2089,53
40031002405,2786,2192,594
40031002406,6587,4443,2144
40031002500,2598,2205,393
40033871100,3545,2670,875
40033871200,1982,1545,437
40035373100,2989,2282,707
40035373200,2490,1963,527
40035373300,3733,2996,737
40035373400,2695,2106,589
40035373500,2200,1732,468
40037020101,2333,1828,505
40037020102,1508,1187,321
40037020103,2940,2316,624
40037020602,3417,2559,858
40037020603,3412,2514,898
40037020604,3218,2460,758
40037020702,3582,2825,757
40037020704,1421,1059,362
40037020705,2846,2239,607
40037020706,5498,4153,1345
40037020707,2291,1766,525
40037020800,3057,2316,741
40037020900,2998,2204,794
40037021000,3681,2701,980
40037021101,2949,2253,696
40037021102,3603,2689,914
40037021201,1899,1547,352
40037021202,3829,3034,795
40037021300,2274,1709,565
40037021401,2120,1731,389
40037021402,4413,3385,1028
40037021500,5791,4356,1435
40037021600,2674,2051,623
40039950800,3390,2481,909
40039960401,3885,2890,995
40039960402,3406,2415,991
40039960600,5504,4462,1042
40039960701,5983,4551,1432
40039960702,3075,2242,833
40039961000,3270,2423,847
40041375601,3331,2669,662
40041375602,3108,2611,497
40041375701,4394,3648,746
40041375702,3852,2950,902
40041375803,1996,1695,301
40041375804,1039,910,129
40041375805,2032,1748,284
40041375806,1405,1190,215
40041375901,2835,2303,532
40041375902,1070,909,161
40041376000,5345,4062,1283
40041376100,4429,3314,1115
40041976200,5561,4311,1250
40043959100,1795,1315,480
40043959200,1530,1129,401
40043959300,1159,892,267
40045952600,2677,2050,627
40045952800,1072,841,231
40047000101,2500,1793,707
40047000102,3244,2332,912
40047000200,2740,1973,767
40047000601,2722,2092,630
40047000602,3610,2580,1030
40047000701,3189,2161,1028
40047000702,3081,2112,969
40047001100,3574,2590,984
40047001200,3885,2867,1018
40047001301,5189,3982,1207
40047001302,3838,3100,738
40047001401,3670,2668,1002
40047001402,4701,3623,1078
40047001500,6471,4727,1744
40047001602,4628,3410,1218
40047001603,3093,2402,691
40047001604,2711,2098,613
40049681100,3050,2269,781
40049681200,3389,2595,794
40049681300,2802,2168,634
40049681400,4658,3524,1134
40049681500,2294,1707,587
40049681600,1839,1435,404
40049681700,1648,1255,393
40049681800,2968,2178,790
40049681900,3008,2317,691
40051000100,942,717,225
40051000400,3123,2372,751
40051000501,3414,2765,649
40051000502,3607,2760,847
40051000600,4985,3821,1164
40051000701,3370,2572,798
40051000702,3206,2514,692
40051000801,3298,2385,913
40051000802,4876,3652,1224
40051000901,2348,1759,589
40051000902,6316,4594,1722
40051000904,3898,3023,875
40051000905,3996,3018,978
40051000906,3514,2544,970
40051001000,3902,3130,772
40053956400,1443,1076,367
40053956500,2726,2115,611
40055967100,2119,1800,319
40055967200,3372,2541,831
40057967800,2488,1879,609
40059952100,1460,1118,342
40059952200,1812,1328,484
40061279100,1871,1357,514
40061279200,4097,3088,1009
40061279300,3335,2593,742
40061279400,2258,1715,543
40063484600,2469,1888,581
40063484700,2291,1775,516
40063484800,3759,3194,565
40063484900,2511,1879,632
40063485000,2337,1802,535
40065968100,2449,1879,570
40065968200,1531,1166,365
40065968300,1582,1174,408
40065968400,5882,4563,1319
40065968500,4613,3522,1091
40065968600,3761,2712,1049
40065968700,1531,1174,357
40065968800,3436,2508,928
40067371600,1585,1207,378
40067371700,1289,988,301
40067371800,2463,1863,600
40069660198,2906,2244,662
40069660201,3408,2636,772
40069660202,1631,1281,350
40069660300,2327,1788,539
40071000100,5801,4192,1609
40071000201,3030,2287,743
40071000202,4928,3699,1229
40071000300,4395,3526,869
40071000400,1967,1460,507
40071000500,3974,2837,1137
40071000600,3703,2863,840
40071001100,3781,2879,902
40071001200,4559,3581,978
40071001301,3575,2685,890
40071001302,3987,3068,919
40073958100,4390,3225,1165
40073958200,2109,1567,542
40073958300,5914,4351,1563
40073958400,2771,2002,769
40075963600,1402,1067,335
40075963700,3828,2872,956
40075964200,3279,2552,727
40077087100,2056,1571,485
40077087200,4876,3729,1147
40077087300,2512,2006,506
40079040102,4632,3654,978
40079040198,1930,1446,484
40079040299,3533,2732,801
40079040301,5545,4162,1383
40079040302,3482,2667,815
40079040303,3471,2759,712
40079040401,5483,4000,1483
40079040402,3722,2832,890
40079040500,5108,3846,1262
40079040601,3333,2438,895
40079040602,5096,3966,1130
40079040700,2794,2157,637
40081961100,4647,3507,1140
40081961200,3889,2948,941
40081961300,4263,3288,975
40081961401,3002,2293,709
40081961402,4726,3596,1130
40081961500,5172,3887,1285
40081961600,2884,2149,735
40081961700,4875,3754,1121
40083600101,2360,1771,589
40083600200,2975,2275,700
40083600300,2386,1839,547
40083600401,6015,4190,1825
40083600402,3243,2238,1005
40083600501,3778,2829,949
40083600502,5924,4428,1496
40083600600,4215,3528,687
40083600700,4376,3360,1016
40083600801,5582,3967,1615
40083600802,4415,3006,1409
40083600903,1830,1425,405
40083601000,2456,1857,599
40085094100,3096,2284,812
40085094200,5027,3965,1062
40085094300,2023,1577,446
40087400103,5572,4099,1473
40087400104,5465,4000,1465
40087400105,4063,3055,1008
40087400106,5559,4034,1525
40087400201,3861,2950,911
40087400203,4925,3587,1338
40087400204,5410,3934,1476
40087400300,5624,4226,1398
40087400400,1183,895,288
40089098200,2349,1794,555
40089098300,1489,1148,341
40089098400,3935,2999,936
40089098501,3610,2720,890
40089098502,1924,1526,398
40089098600,5588,4028,1560
40089098700,3921,2878,1043
40089098800,5689,4163,1526
40089098900,2309,1786,523
40091779601,1646,1403,243
40091779602,2766,2177,589
40091779700,3249,2454,795
40091779900,2803,2248,555
40091780100,2048,1652,396
40091780200,3182,2540,642
40091780301,1258,1103,155
40091780302,1989,1643,346
40093955100,3067,2303,764
40093955200,1718,1329,389
40093955300,2997,2200,797
40095094698,3365,2662,703
40095094700,4787,3339,1448
40095094803,2182,1827,355
40095094804,1194,917,277
40095094805,1990,1521,469
40095094806,1794,1516,278
40097040100,4486,3348,1138
40097040200,5132,3765,1367
40097040300,4180,3121,1059
40097040400,5351,3884,1467
40097040501,2899,2301,598
40097040502,3814,2961,853
40097040600,3783,2924,859
40097040700,3313,2704,609
40097040801,3294,2502,792
40097040802,2794,2182,612
40099790600,2041,1566,475
40099790701,3791,2853,938
40099790702,1701,1328,373
40099790801,3656,2835,821
40099790802,2715,2081,634
40101000100,4565,3561,1004
40101000200,1485,1050,435
40101000300,2935,2215,720
40101000400,1604,1239,365
40101000600,3674,2784,890
40101000700,4599,3330,1269
40101000801,5421,4329,1092
40101000802,2296,1768,528
40101000901,3488,2566,922
40101000902,4476,3417,1059
40101001000,1610,1176,434
40101001100,2776,2130,646
40101001200,4504,4002,502
40101001301,2974,2327,647
40101001302,3324,2532,792
40101001401,3938,2826,1112
40101001402,3127,2417,710
40101001501,3531,2845,686
40101001502,2189,1672,517
40101001600,3823,2865,958
40103956600,2970,2133,837
40103956900,3352,2549,803
40103957000,1647,1276,371
40103957100,2955,2406,549
40105172100,1921,1497,424
40105172200,1416,1106,310
40105172300,1810,1462,348
40105172400,4173,3146,1027
40107080600,2755,2162,593
40107080700,3125,2611,514
40107080900,3449,2568,881
40107081000,1981,1605,376
40109100100,3040,2484,556
40109100201,1570,1329,241
40109100202,1639,1300,339
40109100203,2538,2010,528
40109100300,2681,2210,471
40109100400,1955,1432,523
40109100500,1898,1518,380
40109100800,2260,1787,473
40109100900,1532,1172,360
40109101000,2892,2598,294
40109101100,832,767,65
40109101200,1107,1015,92
40109101300,2886,2177,709
40109101400,1055,807,248
40109101500,1912,1441,471
40109101800,1499,1183,316
40109101900,2623,2227,396
40109102000,2798,2343,455
40109102100,2112,1622,490
40109102200,2693,2033,660
40109102300,3166,2452,714
40109102400,2906,2177,729
40109102500,1594,1525,69
40109103200,2633,2525,108
40109103300,1445,1084,361
40109103900,3788,2462,1326
40109104100,3001,2095,906
40109104200,2209,1540,669
40109104300,3266,2228,1038
40109104400,3491,2379,1112
40109104500,3333,2264,1069
40109104600,985,709,276
40109104700,1198,931,267
40109104800,3323,2228,1095
40109104900,3734,2584,1150
40109105000,2269,1617,652
40109105101,2347,2078,269
40109105201,1576,1197,379
40109105202,1194,867,327
40109105300,3223,2180,1043
40109105400,2021,1392,629
40109105500,3060,2071,989
40109105600,4731,3023,1708
40109105903,2804,2145,659
40109105904,4027,2975,1052
40109105905,2978,2175,803
40109105906,2938,2246,692
40109105907,4607,3273,1334
40109106000,2281,1852,429
40109106100,3214,2574,640
40109106200,1462,1162,300
40109106301,3512,2358,1154
40109106302,4589,3273,1316
40109106303,3530,2638,892
40109106401,2167,1734,433
40109106402,2127,1790,337
40109106403,4818,3956,862
40109106501,2872,2431,441
40109106502,3850,3160,690
40109106503,1758,1583,175
40109106601,3148,2592,556
40109106602,2575,2101,474
40109106606,1983,1567,416
40109106607,3384,2721,663
40109106608,3189,2703,486
40109106609,1033,876,157
40109106610,1235,1045,190
40109106611,2583,2133,450
40109106702,4006,2870,1136
40109106704,2434,1907,527
40109106705,2677,2013,664
40109106706,3635,2782,853
40109106708,3203,2534,669
40109106709,2480,1696,784
40109106710,4258,3227,1031
40109106801,1774,1301,473
40109106802,2001,1524,477
40109106803,3261,2357,904
40109106804,3848,2940,908
40109106902,2492,1834,658
40109106903,6139,4756,1383
40109106906,3283,2484,799
40109106907,2106,1610,496
40109106909,1790,1329,461
40109106910,2663,2012,651
40109106911,1893,1407,486
40109106912,3198,2209,989
40109106913,4556,3303,1253
40109106914,4311,3140,1171
40109106916,2481,1778,703
40109106917,3359,2317,1042
40109107001,5918,3967,1951
40109107002,2108,1588,520
40109107101,1243,1229,14
40109107103,2031,1353,678
40109107104,2880,2009,871
40109107206,4555,3402,1153
40109107207,2191,1745,446
40109107212,5979,4414,1565
40109107213,4913,3353,1560
40109107214,3184,2203,981
40109107215,4293,2917,1376
40109107216,3096,2112,984
40109107217,2134,1424,710
40109107218,3107,2204,903
40109107219,3257,2126,1131
40109107220,3840,2574,1266
40109107221,2395,1707,688
40109107222,1869,1347,522
40109107223,2867,2108,759
40109107224,3676,2637,1039
40109107225,2976,2128,848
40109107226,3178,2466,712
40109107302,2979,2022,957
40109107303,1544,1150,394
40109107305,1312,968,344
40109107306,3739,2602,1137
40109107401,5990,4115,1875
40109107404,3376,2618,758
40109107405,4997,3804,1193
40109107406,7600,5685,1915
40109107407,553,440,113
40109107601,2148,1727,421
40109107604,2025,1566,459
40109107605,2150,1642,508
40109107608,3991,2866,1125
40109107703,3645,2860,785
40109107704,1657,1256,401
40109107705,1998,1551,447
40109107706,2770,2062,708
40109107707,1282,956,326
40109107801,3603,2548,1055
40109107804,2395,1844,551
40109107805,2580,1819,761
40109107806,4101,3249,852
40109107807,2866,2157,709
40109107808,1932,1500,432
40109107809,1734,1219,515
40109107810,2660,2012,648
40109107900,1608,1215,393
40109108003,3765,2815,950
40109108005,2449,1867,582
40109108006,4039,3093,946
40109108007,3330,2632,698
40109108008,4277,3182,1095
40109108009,3003,2270,733
40109108010,3127,2361,766
40109108011,3959,2838,1121
40109108101,4298,3038,1260
40109108106,6494,4624,1870
40109108107,3416,2650,766
40109108109,5852,4345,1507
40109108110,4343,3381,962
40109108113,5001,3735,1266
40109108114,4837,3878,959
40109108201,3763,2949,814
40109108203,3247,2456,791
40109108204,2916,2143,773
40109108207,1031,922,109
40109108208,3836,3095,741
40109108215,4741,3616,1125
40109108216,3158,2404,754
40109108217,4073,3100,973
40109108222,1899,1356,543
40109108223,5227,3764,1463
40109108224,3500,2819,681
40109108225,3252,2115,1137
40109108226,2549,1740,809
40109108227,2272,1603,669
40109108228,1988,1412,576
40109108229,3417,2465,952
40109108230,2478,1691,787
40109108231,2350,1602,748
40109108232,3228,2503,725
40109108233,4320,2957,1363
40109108234,5086,3607,1479
40109108235,2620,1785,835
40109108236,2023,1451,572
40109108237,3156,2247,909
40109108238,2176,1649,527
40109108301,2162,1621,541
40109108302,5293,4363,930
40109108304,4894,3814,1080
40109108307,4811,3862,949
40109108309,2278,1481,797
40109108310,3026,2471,555
40109108314,2911,2472,439
40109108317,3910,2974,936
40109108318,5748,4392,1356
40109108319,3947,3235,712
40109108320,3492,3008,484
40109108321,1500,1197,303
40109108322,4147,3413,734
40109108323,4272,3304,968
40109108324,1987,1569,418
40109108325,5623,4148,1475
40109108326,3149,2816,333
40109108402,1373,1172,201
40109108403,1946,1643,303
40109108404,3430,2965,465
40109108506,3333,2564,769
40109108507,1227,1013,214
40109108508,1817,1381,436
40109108513,3699,2942,757
40109108514,4972,3646,1326
40109108515,5029,4182,847
40109108520,2048,1640,408
40109108521,1408,1123,285
40109108523,6118,4647,1471
40109108524,5056,3808,1248
40109108525,2135,1612,523
40109108526,4986,3756,1230
40109108527,5716,4593,1123
40109108528,2285,1648,637
40109108529,2781,2287,494
40109108530,3963,3178,785
40109108531,5237,3301,1936
40109108532,1493,1095,398
40109108533,1676,1180,496
40109108534,5155,3944,1211
40109108535,11132,7793,3339
40109108536,4907,4221,686
40109108537,3412,2926,486
40109108538,2656,2306,350
40109108603,5155,3603,1552
40109108604,4966,3837,1129
40109108701,2625,2149,476
40109108706,2894,2248,646
40109108707,4377,3376,1001
40109108708,4431,3349,1082
40109108709,3510,2689,821
40109108710,3925,2875,1050
40109108711,3275,2536,739
40109108712,2388,1818,570
40109108713,3882,2969,913
40109108802,5208,3871,1337
40109108803,940,756,184
40109108804,2981,2254,727
40109108805,3590,2707,883
40109108806,1787,1336,451
40109108807,1414,1059,355
40109108900,3712,2803,909
40109109001,2138,1633,505
40109109003,4696,3586,1110
40109109004,3642,2819,823
40109109202,2908,2168,740
40109109203,4017,2825,1192
40109109204,2440,1857,583
40109109205,2713,2012,701
40109109300,2047,1748,299
40109109400,1775,1368,407
40109109500,3337,2522,815
40109109600,793,599,194
40109109700,2418,2236,182
40109109800,686,537,149
40109109900,1564,1404,160
40109110000,1552,1176,376
40109980007,192,180,12
40109980009,58,51,7
40111000100,2546,2109,437
40111000200,2655,2027,628
40111000300,2738,2190,548
40111000400,4456,3483,973
40111000500,3624,2777,847
40111000601,3015,2284,731
40111000602,4086,3108,978
40111000700,3558,2595,963
40111000800,2809,2178,631
40111000901,2919,2226,693
40111000902,4300,3259,1041
40113940001,5393,4366,1027
40113940003,4406,3473,933
40113940004,2356,1916,440
40113940005,4075,3232,843
40113940006,5403,4060,1343
40113940007,4480,3633,847
40113940008,2858,2192,666
40113940009,3521,2782,739
40113940011,1220,924,296
40113940012,2014,1563,451
40113940013,2195,1572,623
40113940014,3914,2795,1119
40113940015,3983,3002,981
40115574100,3855,3007,848
40115574200,2766,2018,748
40115574300,2806,2070,736
40115574400,2475,1835,640
40115574500,2033,1547,486
40115574600,4327,3475,852
40115574700,4654,3554,1100
40115574800,3953,3068,885
40115574900,3416,2618,798
40117957100,3715,2821,894
40117957200,4223,3345,878
40117957300,3066,2229,837
40117957400,2380,1861,519
40117957500,2169,1650,519
40119010101,5146,4086,1060
40119010102,4955,4089,866
40119010201,3017,2514,503
40119010202,2440,2116,324
40119010300,3997,3809,188
40119010400,5087,5011,76
40119010501,721,643,78
40119010502,812,758,54
40119010503,2417,2331,86
40119010600,5078,4021,1057
40119010700,2799,2291,508
40119010800,2174,1851,323
40119010901,2950,2293,657
40119010902,6880,5263,1617
40119011001,3517,2710,807
40119011002,3200,2420,780
40119011101,5507,4132,1375
40119011103,2890,2199,691
40119011104,3789,2719,1070
40119011200,2177,1685,492
40119011301,3438,2614,824
40119011302,3771,2817,954
40119011400,4884,4069,815
40121485601,1049,894,155
40121485602,1550,1305,245
40121485700,2224,1686,538
40121485800,4125,3271,854
40121485900,2215,1733,482
40121486000,4826,3756,1070
40121486100,4637,3562,1075
40121486200,3594,2586,1008
40121486300,1417,1414,3
40121486400,2473,1892,581
40121486500,5929,4438,1491
40121486600,3012,2365,647
40121486700,4817,3744,1073
40121486800,1905,1458,447
40123088600,5205,3925,1280
40123088700,2349,1814,535
40123088801,4728,3602,1126
40123088802,3251,2518,733
40123088900,3620,2894,726
40123089000,4255,3040,1215
40123089100,2308,1752,556
40123089200,1405,1121,284
40123089300,4031,3042,989
40123089598,5006,3830,1176
40123089600,1907,1432,475
40125500200,2993,2164,829
40125500301,3424,2527,897
40125500302,2696,1973,723
40125500400,3386,2535,851
40125500500,4582,3802,780
40125500600,3400,2584,816
40125500700,3645,2918,727
40125500800,4279,3399,880
40125500901,5050,3822,1228
40125500902,2538,1942,596
40125501003,4776,3586,1190
40125501004,4060,3129,931
40125501005,6009,4826,1183
40125501006,3375,2518,857
40125501101,5923,4349,1574
40125501103,1547,1189,358
40125501104,4380,3281,1099
40125501105,1994,1468,526
40125501201,1681,1307,374
40125501300,2716,2145,571
40127097600,2627,2108,519
40127097701,2714,2074,640
40127097702,2900,2302,598
40127097800,2571,1962,609
40129960000,3442,2586,856
40131050101,4998,3753,1245
40131050103,2482,1969,513
40131050104,2148,1641,507
40131050105,5383,4324,1059
40131050201,2614,2023,591
40131050202,2972,2312,660
40131050203,1507,1207,300
40131050301,2501,1922,579
40131050302,2634,2009,625
40131050303,3084,2385,699
40131050304,3305,2606,699
40131050403,5489,4128,1361
40131050404,7678,5728,1950
40131050405,4221,3179,1042
40131050406,3645,2732,913
40131050407,2338,1788,550
40131050408,2902,2189,713
40131050409,1887,1478,409
40131050501,3258,2445,813
40131050502,3391,2501,890
40131050601,3934,2905,1029
40131050602,3638,2656,982
40131050603,2450,1857,593
40131050604,3996,3065,931
40131050701,2107,1554,553
40131050702,3010,2362,648
40131050801,4531,3305,1226
40131050802,3137,2384,753
40133583100,1594,1207,387
40133583200,3198,2480,718
40133583300,2466,1897,569
40133583400,4266,3189,1077
40133583500,1938,1397,541
40133583600,3832,2837,995
40133583700,2008,1542,466
40133583800,2632,2006,626
40133583900,1622,1222,400
40135030101,4077,3141,936
40135030103,2437,1800,637
40135030105,4359,3383,976
40135030106,2322,1723,599
40135030201,2277,1855,422
40135030202,5026,3797,1229
40135030301,2099,1481,618
40135030303,3474,2639,835
40135030304,3232,2511,721
40135030401,3630,2823,807
40135030403,3374,2512,862
40135030404,2974,2294,680
40137000101,5573,4340,1233
40137000102,3121,2396,725
40137000200,3866,3087,779
40137000300,2137,1635,502
40137000400,5221,3926,1295
40137000600,2987,2223,764
40137000800,5006,3897,1109
40137000901,4619,3525,1094
40137000902,3328,2550,778
40137001000,1979,1507,472
40137001100,5011,3836,1175
40139950600,3601,2569,1032
40139950700,2755,2126,629
40139950800,5708,3896,1812
40139950901,2280,1460,820
40139950902,5590,3994,1596
40139951000,1450,1077,373
40141070100,928,738,190
40141070200,1051,781,270
40141070300,2253,1655,598
40141070400,1413,1066,347
40141070500,1323,1021,302
40143000200,1380,1059,321
40143000300,3986,2574,1412
40143000400,4340,2960,1380
40143000500,2331,1537,794
40143000800,1342,1080,262
40143000900,1205,940,265
40143001000,1366,1082,284
40143001200,1730,1207,523
40143001300,2172,1522,650
40143001400,5409,3843,1566
40143001500,4241,3104,1137
40143001600,5424,3722,1702
40143001700,2521,2090,431
40143001800,1918,1554,364
40143001900,1600,1359,241
40143002000,1792,1503,289
40143002100,3130,2931,199
40143002301,2356,1920,436
40143002500,4984,4773,211
40143002700,2836,2192,644
40143002900,2689,2089,600
40143003000,1818,1428,390
40143003100,2468,2229,239
40143003200,1479,1157,322
40143003300,1978,1644,334
40143003400,2309,2027,282
40143003500,2044,1790,254
40143003600,2041,1749,292
40143003700,2527,2171,356
40143003800,1854,1548,306
40143003900,4040,3408,632
40143004000,4209,3528,681
40143004101,2292,1815,477
40143004200,2879,2308,571
40143004301,2214,1754,460
40143004302,3414,2787,627
40143004400,2102,1827,275
40143004500,2524,2069,455
40143004600,3190,2364,826
40143004700,1962,1540,422
40143004800,4384,3424,960
40143004900,1666,1299,367
40143005001,1899,1630,269
40143005002,3475,2918,557
40143005100,1952,1533,419
40143005200,2984,2429,555
40143005300,4618,3695,923
40143005401,3520,2564,956
40143005403,4143,3125,1018
40143005404,4835,3589,1246
40143005500,3564,2652,912
40143005600,2479,1856,623
40143005700,2229,1607,622
40143005801,4114,3004,1110
40143005805,7369,5516,1853
40143005808,4154,3164,990
40143005809,8362,6234,2128
40143005810,3660,2606,1054
40143005811,4668,3357,1311
40143005812,3439,2483,956
40143005813,2946,2242,704
40143005900,2693,1892,801
40143006000,5167,3438,1729
40143006200,2687,1940,747
40143006506,2391,1818,573
40143006507,1698,1337,361
40143006600,2694,2041,653
40143006701,3089,2121,968
40143006703,4587,3504,1083
40143006708,9430,6468,2962
40143006709,8244,5377,2867
40143006710,4533,3077,1456
40143006711,3450,2504,946
40143006712,1877,1434,443
40143006713,2488,2138,350
40143006801,3106,2300,806
40143006803,3068,2486,582
40143006804,2708,2170,538
40143006901,4144,3407,737
40143006902,1559,1265,294
40143006903,3790,3036,754
40143006905,4543,3420,1123
40143006906,1956,1385,571
40143006907,3126,2438,688
40143007000,2835,2219,616
40143007101,3608,2833,775
40143007102,2493,1889,604
40143007200,4093,2964,1129
40143007304,3588,2623,965
40143007306,6037,3990,2047
40143007308,3360,2569,791
40143007309,1657,1228,429
40143007310,3961,2777,1184
40143007311,2885,2002,883
40143007312,4980,3561,1419
40143007313,2565,1803,762
40143007314,3758,2735,1023
40143007402,2689,2095,594
40143007408,1304,999,305
40143007409,4302,3116,1186
40143007410,2954,2159,795
40143007411,3791,3081,710
40143007412,3748,2888,860
40143007413,3926,3044,882
40143007414,2763,2146,617
40143007415,1711,1273,438
40143007416,1657,1253,404
40143007417,1357,983,374
40143007503,2628,1971,657
40143007507,3806,2821,985
40143007510,5463,4073,1390
40143007511,3308,2366,942
40143007512,4445,3373,1072
40143007518,3642,2693,949
40143007519,3698,2733,965
40143007520,4347,3368,979
40143007522,2456,1885,571
40143007523,2622,1973,649
40143007525,1931,1523,408
40143007526,1982,1447,535
40143007527,1291,1023,268
40143007528,2134,1757,377
40143007529,4068,3070,998
40143007530,2560,1954,606
40143007531,3859,2924,935
40143007532,3556,2561,995
40143007533,2772,2016,756
40143007534,2740,2030,710
40143007535,2609,1934,675
40143007536,2864,2185,679
40143007608,2425,1910,515
40143007611,1252,986,266
40143007612,3867,3452,415
40143007613,3260,2653,607
40143007614,2479,1986,493
40143007615,2332,1975,357
40143007616,3478,2831,647
40143007617,3899,3079,820
40143007619,3945,3165,780
40143007629,3728,2952,776
40143007630,4983,3678,1305
40143007631,3240,2516,724
40143007632,3027,2572,455
40143007633,2754,2030,724
40143007634,3881,3147,734
40143007636,4313,3276,1037
40143007638,4713,3383,1330
40143007639,4902,3846,1056
40143007641,4584,3478,1106
40143007642,1996,1469,527
40143007643,1071,879,192
40143007644,3608,2836,772
40143007645,4003,3238,765
40143007646,3058,2476,582
40143007647,2784,2195,589
40143007648,2723,2399,324
40143007649,2233,1813,420
40143007650,3082,2330,752
40143007651,2718,1958,760
40143007652,3539,2552,987
40143007653,2042,1555,487
40143007654,3714,2684,1030
40143007655,3321,2314,1007
40143007656,3642,2592,1050
40143007703,2872,2035,837
40143007704,4425,3042,1383
40143007705,2579,1800,779
40143007706,3212,2294,918
40143007707,3420,2533,887
40143007801,3187,2346,841
40143007803,4388,3138,1250
40143007804,2704,2062,642
40143007900,4649,3196,1453
40143008001,1975,1185,790
40143008002,2724,1976,748
40143008200,2488,1694,794
40143008300,1416,1055,361
40143008400,3477,2802,675
40143008501,2772,2122,650
40143008502,4854,3816,1038
40143008600,3823,3019,804
40143008700,3216,2723,493
40143008800,2045,1493,552
40143008900,3579,2545,1034
40143009006,7010,4678,2332
40143009008,3836,2827,1009
40143009010,3930,2828,1102
40143009011,2235,1490,745
40143009012,3211,2047,1164
40143009013,2272,1644,628
40143009014,1924,1343,581
40143009015,4268,3086,1182
40143009016,3695,2358,1337
40143009017,2417,1877,540
40143009018,1982,1578,404
40143009019,3808,2973,835
40143009020,2963,2398,565
40143009021,2675,2031,644
40143009101,2495,1714,781
40143009104,2440,1911,529
40143009200,3530,2562,968
40143009300,3821,3008,813
40143009401,4959,3715,1244
40143009403,3566,2670,896
40143009404,2464,1842,622
40143009500,5140,3937,1203
40143011300,2735,1990,745
40143011400,3115,2232,883
40145030101,4346,3266,1080
40145030102,4020,2976,1044
40145030201,2724,2236,488
40145030202,3080,2505,575
40145030300,1634,1318,316
40145030402,4445,3493,952
40145030403,1913,1402,511
40145030406,5238,3749,1489
40145030407,4080,2714,1366
40145030408,2663,1947,716
40145030502,2731,2052,679
40145030505,1746,1334,412
40145030506,2019,1584,435
40145030507,2548,1775,773
40145030508,2161,1682,479
40145030509,5548,4036,1512
40145030510,2913,2152,761
40145030511,2962,2249,713
40145030512,4571,3360,1211
40145030601,5349,4019,1330
40145030603,3172,2293,879
40145030604,2730,1978,752
40145030605,1698,1259,439
40145030798,3059,2381,678
40145030800,3631,2753,878
40147000100,1831,1287,544
40147000200,1857,1456,401
40147000300,2391,1908,483
40147000400,4599,3555,1044
40147000500,6311,4741,1570
40147000601,5173,4084,1089
40147000602,3137,2336,801
40147000700,6375,5002,1373
40147000800,3494,2607,887
40147000900,2081,1459,622
40147001000,2096,1670,426
40147001100,5025,3825,1200
40147001200,2286,1813,473
40147001300,5799,4390,1409
40149964900,3776,2654,1122
40149965000,1989,1476,513
40149965100,3409,2573,836
40149965400,1750,1369,381
40151954201,2540,1961,579
40151954202,1677,1418,259
40151954300,2822,2312,510
40151954400,1585,1229,356
40153953100,2059,1481,578
40153953200,4867,3891,976
40153953300,4114,3105,1009
40153953400,3426,2576,850
40153953500,6004,4454,1550
41001950100,2844,2293,551
41001950200,3191,2520,671
41001950300,2745,2208,537
41001950400,3088,2484,604
41001950500,2749,2213,536
41001950600,2051,1662,389
41003000101,4344,3528,816
41003000102,3409,2622,787
41003000202,5256,4353,903
41003000401,2968,2379,589
41003000402,5069,4228,841
41003000500,3416,2810,606
41003000600,5215,4127,1088
41003000900,5997,5124,873
41003001001,4064,3301,763
41003001002,3243,2753,490
41003001101,3868,3688,180
41003001102,4558,4202,356
41003010101,4015,3211,804
41003010102,7258,5544,1714
41003010200,4340,3444,896
41003010300,3243,2644,599
41003010400,3959,3168,791
41003010601,3074,2860,214
41003010602,3767,3673,94
41003010702,4221,3990,231
41003010800,3859,3000,859
41003010900,6041,5043,998
41005020101,2581,2057,524
41005020102,2466,1950,516
41005020201,4135,3526,609
41005020202,2505,1959,546
41005020302,3974,3154,820
41005020303,5388,4376,1012
41005020304,5755,4296,1459
41005020401,5632,4306,1326
41005020403,3927,2925,1002
41005020404,3940,3017,923
41005020503,2674,1991,683
41005020504,6695,5101,1594
41005020505,3186,2692,494
41005020506,3419,2699,720
41005020507,4166,3028,1138
41005020601,3242,2519,723
41005020602,5444,3997,1447
41005020700,4116,3076,1040
41005020800,4355,3682,673
41005020900,3893,3214,679
41005021000,4642,3780,862
41005021100,5276,4385,891
41005021200,3889,3377,512
41005021300,6128,4999,1129
41005021400,5126,4274,852
41005021500,5196,4312,884
41005021601,5983,4828,1155
41005021602,5039,3953,1086
41005021700,6322,5227,1095
41005021801,5775,4706,1069
41005021802,4347,3496,851
41005021900,3463,2760,703
41005022000,6921,5590,1331
41005022101,6683,5418,1265
41005022105,6416,5020,1396
41005022107,4193,3365,828
41005022108,3168,2503,665
41005022109,3526,2661,865
41005022110,4847,3456,1391
41005022201,5680,4534,1146
41005022205,4152,3289,863
41005022206,6830,5481,1349
41005022207,6414,4712,1702
41005022208,9406,6711,2695
41005022301,4953,3881,1072
41005022302,6072,4807,1265
41005022400,4180,3348,832
41005022501,3286,2593,693
41005022502,4527,3534,993
41005022602,4635,3704,931
41005022603,4074,3008,1066
41005022605,7772,6106,1666
41005022606,6010,4473,1537
41005022702,7223,5612,1611
41005022707,8186,6091,2095
41005022708,4281,3256,1025
41005022710,2899,2288,611
41005022800,4051,3740,311
41005022901,4541,3521,1020
41005022904,3850,2859,991
41005022905,4448,3486,962
41005022906,3008,2479,529
41005022907,4144,2979,1165
41005023001,3555,2876,679
41005023002,3770,3021,749
41005023100,6431,5280,1151
41005023201,4904,3861,1043
41005023202,8054,6025,2029
41005023300,5294,4252,1042
41005023401,4914,3868,1046
41005023403,6462,4659,1803
41005023404,6967,5279,1688
41005023500,6050,4864,1186
41005023600,3963,3225,738
41005023700,4997,4034,963
41005023800,6578,5178,1400
41005023901,6003,4318,1685
41005023902,5690,4255,1435
41005024000,2821,2261,560
41005024100,5093,4059,1034
41005024200,7428,5730,1698
41005024302,5256,4260,996
41005024303,3164,2689,475
41005024304,2251,1911,340
41005024401,3504,2632,872
41005024402,5115,4093,1022
41005980000,82,71,11
41007950100,3454,2759,695
41007950200,3805,3295,510
41007950300,3072,2516,556
41007950400,3759,2958,801
41007950500,5451,4206,1245
41007950600,3393,2643,750
41007950700,2602,2102,500
41007950900,4861,3989,872
41007951100,4841,4073,768
41007951200,3212,2535,677
41007951300,2622,2186,436
41009970201,3505,2805,700
41009970202,2857,2279,578
41009970300,4380,3523,857
41009970400,2491,2038,453
41009970500,6802,5530,1272
41009970600,6473,5166,1307
41009970700,4204,3342,862
41009970800,7285,5646,1639
41009970900,5221,4122,1099
41009971000,5518,4266,1252
41009971100,3853,3012,841
41011000101,1825,1631,194
41011000102,1899,1597,302
41011000103,2438,2133,305
41011000200,2433,2055,378
41011000300,3406,2732,674
41011000401,2889,2274,615
41011000402,4043,3125,918
41011000502,2977,2544,433
41011000503,2803,2237,566
41011000505,4099,3345,754
41011000506,2091,1697,394
41011000600,2670,2137,533
41011000701,4608,3756,852
41011000702,2722,2226,496
41011000800,3067,2471,596
41011000901,3893,3095,798
41011000902,3684,3053,631
41011001001,3680,3211,469
41011001002,3794,3309,485
41011001101,2356,1913,443
41011001102,3552,2842,710
41013950101,3198,2558,640
41013950102,5205,4014,1191
41013950200,4855,3860,995
41013950301,3520,2937,583
41013950302,3231,2490,741
41013950401,2332,2010,322
41013950402,2397,2002,395
41015950100,3296,2889,407
41015950201,3513,2992,521
41015950202,1923,1692,231
41015950301,4650,3907,743
41015950302,5145,4251,894
41015950401,2925,2567,358
41015950402,1994,1823,171
41017000100,2119,1766,353
41017000201,3330,2718,612
41017000202,2618,2311,307
41017000301,4679,3830,849
41017000302,4960,4161,799
41017000401,5464,4413,1051
41017000403,1816,1708,108
41017000404,1893,1582,311
41017000501,3057,2612,445
41017000502,4187,3413,774
41017000601,1766,1511,255
41017000602,2656,2197,459
41017000603,3867,3495,372
41017000701,4385,3227,1158
41017000702,4636,3854,782
41017000800,7251,5735,1516
41017000901,4425,3362,1063
41017000902,3173,2394,779
41017001002,2616,2163,453
41017001003,6075,4644,1431
41017001004,7026,5166,1860
41017001005,4432,3593,839
41017001101,8047,5907,2140
41017001102,6385,5129,1256
41017001200,8671,6744,1927
41017001301,5861,4773,1088
41017001302,8429,6686,1743
41017001401,5699,4515,1184
41017001402,1308,1096,212
41017001501,3915,3149,766
41017001502,2234,1955,279
41017001601,4715,3863,852
41017001602,1965,1663,302
41017001701,5594,4401,1193
41017001702,3487,2713,774
41017001801,4463,3774,689
41017001802,4450,3548,902
41017001901,1873,1492,381
41017001903,6277,4988,1289
41017001904,4677,3622,1055
41017002001,1132,971,161
41017002002,9331,7141,2190
41017002101,4668,3571,1097
41017002102,2388,1996,392
41017002103,6253,4615,1638
41019010000,2320,1967,353
41019020000,3970,3243,727
41019030000,4047,3332,715
41019040000,2744,2250,494
41019050001,5005,4064,941
41019050003,3709,2873,836
41019050004,3487,2783,704
41019060000,3625,3036,589
41019070000,5550,4664,886
41019080001,3170,2696,474
41019080002,4896,3939,957
41019090001,4849,4025,824
41019090002,1084,907,177
41019100000,3103,2545,558
41019110000,3089,2519,570
41019120001,2795,2225,570
41019120002,4871,3844,1027
41019130001,2457,1962,495
41019130002,3055,2517,538
41019140000,5627,4419,1208
41019150001,4350,3420,930
41019150002,3066,2284,782
41019160001,3011,2360,651
41019160002,4930,3925,1005
41019170000,3857,3127,730
41019180000,4730,3793,937
41019190000,4589,3668,921
41019200000,4902,3982,920
41019210000,4313,3590,723
41021960100,1995,1596,399
41023960100,2050,1700,350
41023960201,1561,1284,277
41023960202,3622,2926,696
41025960101,2469,1896,573
41025960102,2861,2260,601
41025960200,2165,1683,482
41027950100,4449,3407,1042
41027950201,3862,3054,808
41027950202,3825,2943,882
41027950301,3597,2679,918
41027950302,2725,2081,644
41027950400,5519,4208,1311
41029000100,2063,1653,410
41029000201,3765,2863,902
41029000202,3810,2875,935
41029000203,4101,3060,1041
41029000300,6076,4556,1520
41029000403,4112,3302,810
41029000404,5023,3867,1156
41029000405,4533,3518,1015
41029000406,4686,3719,967
41029000501,2918,2370,548
41029000502,5678,4404,1274
41029000603,4063,3164,899
41029000604,3955,3022,933
41029000605,3865,3214,651
41029000606,2255,2002,253
41029000701,5171,3952,1219
41029000702,5810,4292,1518
41029000800,7284,5615,1669
41029000901,3431,2668,763
41029000902,6333,4877,1456
41029001001,6779,5231,1548
41029001002,4383,3217,1166
41029001100,5860,4603,1257
41029001200,4669,3484,1185
41029001301,5163,3941,1222
41029001303,5791,4136,1655
41029001304,5592,4431,1161
41029001401,5595,4106,1489
41029001402,1556,1243,313
41029001403,4617,3768,849
41029001500,5027,4276,751
41029001601,4587,3716,871
41029001602,6295,5086,1209
41029001701,3254,2616,638
41029001702,4133,3491,642
41029001801,4258,3528,730
41029001802,4099,3468,631
41029001900,3320,3006,314
41029002000,2095,1851,244
41029002100,3470,2991,479
41029002200,4784,4036,748
41029002300,1737,1496,241
41029002400,2134,1790,344
41029002500,2716,2325,391
41029002600,2817,2327,490
41029002701,3510,2905,605
41029002702,3964,3323,641
41029002800,4965,4107,858
41029002901,3949,3297,652
41029002902,4021,3425,596
41029003001,4140,3503,637
41029003002,5047,4316,731
41031940000,2622,1785,837
41031960100,2482,2149,333
41031960201,3688,2691,997
41031960202,6282,4685,1597
41031960301,4560,3949,611
41031960303,564,518,46
41031960304,2435,1789,646
41031960305,1869,1417,452
41033360100,1910,1628,282
41033360300,5673,4770,903
41033360400,4616,3865,751
41033360500,6068,4736,1332
41033360601,2897,2345,552
41033360602,3992,3154,838
41033360701,4474,3508,966
41033360703,3002,2464,538
41033360704,3300,2611,689
41033360800,5265,4465,800
41033360900,2531,2199,332
41033361000,5094,4267,827
41033361101,5728,4530,1198
41033361102,4123,3227,896
41033361201,4029,3165,864
41033361202,3632,2782,850
41033361301,4226,3428,798
41033361302,3405,2843,562
41033361400,2811,2363,448
41033361500,2647,2217,430
41033361601,4917,4015,902
41033361602,3750,3167,583
41035970100,3301,2869,432
41035970201,2012,1730,282
41035970202,3005,2479,526
41035970300,3304,2769,535
41035970400,1474,1152,322
41035970500,1608,1321,287
41035970600,1472,1134,338
41035970700,2069,1647,422
41035970800,2383,1872,511
41035970901,2466,2021,445
41035970902,2478,1923,555
41035971000,2746,2132,614
41035971100,5850,4517,1333
41035971200,2547,1948,599
41035971300,5901,4527,1374
41035971400,5857,4371,1486
41035971500,4309,3291,1018
41035971600,3180,2442,738
41035971700,2956,2321,635
41035971800,2365,1877,488
41035971900,3479,2757,722
41035972000,4651,3801,850
41037960100,2761,2230,531
41037960200,5399,4374,1025
41039000100,5232,4501,731
41039000200,5129,4251,878
41039000300,2807,2209,598
41039000402,3206,2739,467
41039000403,6165,4661,1504
41039000404,4010,3176,834
41039000500,2244,1857,387
41039000702,2751,2403,348
41039000705,3993,3407,586
41039000706,2990,2717,273
41039000707,4224,3751,473
41039000708,2372,2088,284
41039000800,1598,1334,264
41039000902,4623,3785,838
41039000903,5568,4462,1106
41039000904,3506,2709,797
41039001001,2618,2173,445
41039001002,4148,3505,643
41039001101,6250,4891,1359
41039001102,4044,3165,879
41039001201,4189,3337,852
41039001202,4362,3447,915
41039001301,3475,2834,641
41039001302,5295,4117,1178
41039001400,2509,2079,430
41039001500,4570,3726,844
41039001600,5485,4370,1115
41039001700,5569,4542,1027
41039001801,5783,4444,1339
41039001803,4404,3465,939
41039001804,3687,2802,885
41039001902,6626,4966,1660
41039001903,3038,2315,723
41039001904,5477,4255,1222
41039002001,3235,2620,615
41039002002,5166,4086,1080
41039002101,2995,2349,646
41039002103,4115,3255,860
41039002104,2497,1996,501
41039002201,3966,3366,600
41039002203,4598,3467,1131
41039002204,3230,2716,514
41039002301,4372,3525,847
41039002302,4593,3631,962
41039002401,4146,3363,783
41039002403,4329,3516,813
41039002404,4083,3287,796
41039002501,5040,3837,1203
41039002504,3118,2395,723
41039002505,4498,3644,854
41039002506,4438,3299,1139
41039002600,6766,5262,1504
41039002700,4292,3297,995
41039002800,4744,3758,986
41039002902,4106,3218,888
41039002903,3000,2464,536
41039002904,4218,3748,470
41039003000,4546,3845,701
41039003101,6118,4924,1194
41039003103,2708,2177,531
41039003104,5214,4568,646
41039003201,3254,2502,752
41039003202,4021,3312,709
41039003301,3352,2583,769
41039003302,3422,2843,579
41039003400,4798,3798,1000
41039003500,4476,3558,918
41039003600,4218,3471,747
41039003700,7138,6891,247
41039003801,3039,2870,169
41039003802,4392,4192,200
41039003900,4237,3943,294
41039004000,2584,2304,280
41039004100,4073,3401,672
41039004200,3309,2821,488
41039004300,9742,8275,1467
41039004403,5189,4169,1020
41039004404,3399,2820,579
41039004405,4914,4072,842
41039004406,3251,2513,738
41039004407,3654,2935,719
41039004501,2625,2302,323
41039004502,3284,2906,378
41039004600,2816,2345,471
41039004700,3600,3054,546
41039004800,4932,4357,575
41039004900,4326,3635,691
41039005000,5439,4419,1020
41039005100,3287,2727,560
41039005200,2289,1909,380
41039005300,2550,2123,427
41039005400,5283,4331,952
41041950100,3450,2872,578
41041950303,1837,1603,234
41041950304,3667,3123,544
41041950401,2436,1983,453
41041950402,2199,1856,343
41041950601,2662,2428,234
41041950602,2464,2208,256
41041950800,3401,2859,542
41041950900,3432,2669,763
41041951000,2169,1755,414
41041951100,1594,1386,208
41041951200,2166,1895,271
41041951300,2652,2135,517
41041951400,3044,2323,721
41041951500,2953,2653,300
41041951600,3830,3288,542
41041951700,2475,2236,239
41041951800,3964,3108,856
41043020101,6162,4720,1442
41043020102,3054,2321,733
41043020103,2726,2060,666
41043020200,1932,1577,355
41043020300,7447,5825,1622
41043020400,4713,3661,1052
41043020500,4205,3300,905
41043020601,3970,3371,599
41043020602,5033,3811,1222
41043020700,5777,4508,1269
41043020801,2799,2233,566
41043020802,6217,4627,1590
41043030100,6496,5131,1365
41043030201,3501,2766,735
41043030202,3433,2688,745
41043030300,2505,1974,531
41043030401,6799,5351,1448
41043030403,3258,2525,733
41043030404,4233,3327,906
41043030500,4374,3484,890
41043030600,7001,5282,1719
41043030700,4204,3509,695
41043030801,5120,4052,1068
41043030802,3775,2910,865
41043030903,7226,5552,1674
41043030904,4639,3586,1053
41043030905,3716,2855,861
41043030906,4295,3396,899
41045970200,4979,3750,1229
41045970300,4318,3224,1094
41045970400,5208,3603,1605
41045970500,5212,3634,1578
41045970600,4444,3294,1150
41045970700,1740,1298,442
41045970900,5670,5045,625
41047000200,4595,4240,355
41047000300,4993,3848,1145
41047000400,4808,3548,1260
41047000501,3878,2847,1031
41047000502,5926,4146,1780
41047000600,5260,4167,1093
41047000702,5457,4675,782
41047000703,2460,1832,628
41047000900,5584,4518,1066
41047001000,4425,3358,1067
41047001100,5060,3962,1098
41047001200,3700,3010,690
41047001300,4310,3421,889
41047001401,6495,5107,1388
41047001402,5960,4580,1380
41047001501,4658,3623,1035
41047001502,6110,4434,1676
41047001503,5279,3930,1349
41047001601,8107,6186,1921
41047001603,7269,5311,1958
41047001605,4874,3281,1593
41047001606,5738,4023,1715
41047001607,4577,3175,1402
41047001608,4897,3721,1176
41047001701,6588,4812,1776
41047001702,5684,4197,1487
41047001703,4675,3580,1095
41047001801,7073,5306,1767
41047001802,9033,6462,2571
41047001803,5436,4852,584
41047002001,5476,4131,1345
41047002002,5566,4249,1317
41047002101,2455,1928,527
41047002102,6420,5035,1385
41047002201,2136,1670,466
41047002202,6713,5115,1598
41047002301,4380,3253,1127
41047002303,8334,6280,2054
41047002304,6799,5325,1474
41047002400,4281,3343,938
41047002502,6284,4671,1613
41047002503,5429,4211,1218
41047002504,4296,3133,1163
41047002600,2084,1524,560
41047002701,6195,4913,1282
41047002702,3619,2963,656
41047002800,4471,3467,1004
41047010100,1506,1143,363
41047010201,2718,2162,556
41047010202,7972,5949,2023
41047010303,4972,3591,1381
41047010304,6893,4704,2189
41047010305,4576,3181,1395
41047010307,6213,5167,1046
41047010308,4261,3063,1198
41047010309,5770,3999,1771
41047010400,4975,3738,1237
41047010501,6067,4582,1485
41047010502,6683,4980,1703
41047010503,4302,3213,1089
41047010600,2661,2191,470
41047010701,8447,6360,2087
41047010702,7452,5760,1692
41047010801,6171,4705,1466
41047010802,6434,4891,1543
41049970101,4924,3336,1588
41049970102,4097,3034,1063
41049970200,3165,2472,693
41051000101,3278,2845,433
41051000102,3996,3226,770
41051000201,3461,2828,633
41051000202,3456,2875,581
41051000301,5443,4908,535
41051000302,7191,5476,1715
41051000401,3746,3023,723
41051000402,3906,3188,718
41051000501,4134,3307,827
41051000502,4597,3772,825
41051000601,5843,4536,1307
41051000602,5756,4612,1144
41051000701,4811,3890,921
41051000702,5243,4268,975
41051000801,5004,4254,750
41051000802,5005,4293,712
41051000901,4382,3711,671
41051000902,4910,4157,753
41051001000,5669,4979,690
41051001101,3262,3134,128
41051001102,1610,1426,184
41051001202,3342,2804,538
41051001203,2365,2155,210
41051001204,3052,2842,210
41051001301,4099,3633,466
41051001302,3376,2823,553
41051001400,5666,4799,867
41051001500,3684,2999,685
41051001601,6234,5233,1001
41051001602,4616,3786,830
41051001702,3969,3271,698
41051001703,3952,3317,635
41051001704,2677,2311,366
41051001801,4326,3685,641
41051001802,3533,2948,585
41051001900,5123,3959,1164
41051002001,2557,2272,285
41051002002,3692,3465,227
41051002101,1414,1358,56
41051002102,2909,2732,177
41051002203,4931,4341,590
41051002303,4074,3886,188
41051002401,2794,2205,589
41051002402,3830,3560,270
41051002501,4672,3578,1094
41051002502,4614,4025,589
41051002600,2916,2174,742
41051002701,3286,2427,859
41051002702,3281,2835,446
41051002801,2991,2412,579
41051002802,3087,2524,563
41051002901,4687,3889,798
41051002902,5684,4615,1069
41051002903,5303,4386,917
41051003000,5038,4044,994
41051003100,4940,3962,978
41051003200,4252,3398,854
41051003301,3340,2752,588
41051003302,3109,2550,559
41051003401,3657,3082,575
41051003402,4120,3554,566
41051003501,3877,3336,541
41051003502,2763,2389,374
41051003601,4819,4085,734
41051003602,6284,5198,1086
41051003603,1591,1344,247
41051003701,4332,3664,668
41051003702,2358,1958,400
41051003801,3355,2823,532
41051003802,3363,2874,489
41051003803,4385,3655,730
41051003902,3297,2717,580
41051003903,3409,2703,706
41051003904,4075,3367,708
41051004002,6745,6010,735
41051004003,7781,5816,1965
41051004102,5288,4401,887
41051004103,4308,3435,873
41051004104,3080,2289,791
41051004200,4201,3651,550
41051004300,1176,953,223
41051004500,3229,2826,403
41051004601,3473,2925,548
41051004602,2189,1735,454
41051004700,4346,3862,484
41051004800,3070,2939,131
41051004901,3074,2970,104
41051004902,2441,2296,145
41051005001,3473,3334,139
41051005002,1365,1278,87
41051005101,4433,3885,548
41051005102,3113,2952,161
41051005103,3920,3813,107
41051005201,2180,2075,105
41051005202,2937,2792,145
41051005500,3038,2858,180
41051005601,2904,2777,127
41051005602,2370,2286,84
41051005701,461,418,43
41051005702,3790,3585,205
41051005800,5204,4427,777
41051005901,2221,2005,216
41051005902,4168,3976,192
41051005903,3278,3003,275
41051006001,1466,1306,160
41051006002,2322,1817,505
41051006100,2500,1974,526
41051006200,3187,2548,639
41051006300,5616,4694,922
41051006402,6237,5015,1222
41051006403,4114,3231,883
41051006404,3524,2962,562
41051006501,6262,4972,1290
41051006502,4419,3745,674
41051006601,2752,2183,569
41051006602,5551,4500,1051
41051006701,3164,2486,678
41051006702,3298,2648,650
41051006801,2373,1894,479
41051006802,3656,2854,802
41051006900,2966,2268,698
41051007001,5521,4107,1414
41051007002,2857,2267,590
41051007100,2771,2362,409
41051007201,3029,2696,333
41051007202,3727,3186,541
41051007300,1781,1695,86
41051007400,3822,2887,935
41051007500,5140,4180,960
41051007600,3462,2692,770
41051007700,1949,1648,301
41051007800,1959,1571,388
41051007900,4617,3660,957
41051008001,3455,2821,634
41051008002,2970,2389,581
41051008100,8087,6683,1404
41051008201,3405,2838,567
41051008203,5608,4637,971
41051008204,2604,2010,594
41051008301,4399,3584,815
41051008302,4621,3626,995
41051008400,4854,3677,1177
41051008500,4629,3629,1000
41051008600,4357,3445,912
41051008700,4916,3976,940
41051008800,4204,3462,742
41051008902,4166,3330,836
41051008903,5024,3847,1177
41051008904,5006,3829,1177
41051009001,5642,4288,1354
41051009002,5121,3776,1345
41051009101,5977,4468,1509
41051009102,7003,5324,1679
41051009202,5459,4135,1324
41051009203,4044,3070,974
41051009204,4763,3581,1182
41051009301,6285,4800,1485
41051009302,4743,3840,903
41051009400,6970,5898,1072
41051009501,5137,4118,1019
41051009502,4271,3448,823
41051009603,3743,2911,832
41051009604,5444,3957,1487
41051009605,5710,4409,1301
41051009606,5671,4166,1505
41051009701,5745,4426,1319
41051009703,4979,3722,1257
41051009704,3855,2873,982
41051009801,4633,3320,1313
41051009803,7087,5479,1608
41051009804,3496,2786,710
41051009903,7482,5839,1643
41051009904,3844,2978,866
41051009905,3410,2595,815
41051009906,3650,2929,721
41051009907,5627,4396,1231
41051010001,6110,4775,1335
41051010002,5584,4326,1258
41051010101,5429,4186,1243
41051010102,4549,3680,869
41051010200,7130,5680,1450
41051010303,5717,4409,1308
41051010304,5140,3592,1548
41051010305,4105,3304,801
41051010306,5038,3813,1225
41051010402,6298,4846,1452
41051010405,6188,4906,1282
41051010407,6060,4557,1503
41051010408,6665,4790,1875
41051010410,4807,3828,979
41051010411,3276,2648,628
41051010412,3402,2530,872
41051010413,5227,3959,1268
41051010500,3947,3136,811
41051010601,1718,1611,107
41051010602,1786,1734,52
41051980000,55,53,2
41053005100,2234,1682,552
41053005203,6406,4787,1619
41053005204,3813,2946,867
41053005205,8747,6631,2116
41053005206,2629,2081,548
41053005301,8524,6675,1849
41053005302,2109,1692,417
41053020202,7477,5997,1480
41053020203,3051,2306,745
41053020204,5010,3933,1077
41053020303,4728,3851,877
41053020304,8074,6364,1710
41053020305,8792,6335,2457
41053020306,1988,1602,386
41053020400,6608,5129,1479
41053020500,7243,5641,1602
41055950100,1870,1508,362
41057960101,2193,1951,242
41057960102,1884,1619,265
41057960200,2675,2344,331
41057960300,2566,2094,472
41057960401,3216,2611,605
41057960402,4828,3525,1303
41057960500,2169,1707,462
41057960600,2415,2017,398
41057960700,2780,2260,520
41057960800,2664,2267,397
41059940000,2861,2234,627
41059950100,4211,3357,854
41059950201,4171,3042,1129
41059950202,3509,2598,911
41059950300,2840,2261,579
41059950400,6199,5135,1064
41059950500,4892,3815,1077
41059950601,3433,2690,743
41059950602,3180,2461,719
41059950700,2353,1828,525
41059950800,8201,6433,1768
41059950900,4697,3302,1395
41059951000,6709,4760,1949
41059951100,6570,4700,1870
41059951201,5660,3907,1753
41059951202,4590,3205,1385
41059951300,3824,2897,927
41059951400,2175,1768,407
41061970100,3346,2614,732
41061970200,3367,2557,810
41061970300,2279,1768,511
41061970400,2935,2257,678
41061970500,3380,2593,787
41061970600,3830,3050,780
41061970700,3133,2554,579
41061970800,3926,2986,940
41063960100,2076,1758,318
41063960200,1860,1528,332
41063960300,3455,2730,725
41065970100,4234,3443,791
41065970200,3099,2373,726
41065970300,2932,2248,684
41065970400,3130,2468,662
41065970500,3813,2893,920
41065970600,3007,2446,561
41065970700,1913,1487,426
41065970800,4542,3615,927
41067030103,4851,4330,521
41067030104,4175,3309,866
41067030105,3157,2622,535
41067030106,4119,3046,1073
41067030200,6430,5162,1268
41067030300,4709,3763,946
41067030401,4790,3948,842
41067030402,4583,3919,664
41067030501,5344,4381,963
41067030502,4147,3308,839
41067030600,5928,4815,1113
41067030700,1563,1301,262
41067030801,7288,5845,1443
41067030803,5257,4536,721
41067030805,4025,3325,700
41067030806,2962,2218,744
41067030900,5721,4468,1253
41067031005,5943,4548,1395
41067031007,2834,2281,553
41067031008,4732,3709,1023
41067031009,5123,4028,1095
41067031010,2268,1887,381
41067031011,3437,2657,780
41067031012,2817,2349,468
41067031100,2964,2323,641
41067031201,3050,2424,626
41067031202,4493,3586,907
41067031301,2694,2255,439
41067031302,4894,3821,1073
41067031402,2961,2504,457
41067031403,5034,3980,1054
41067031404,5450,4422,1028
41067031504,6625,5339,1286
41067031506,3700,2971,729
41067031507,5608,4363,1245
41067031509,10964,7433,3531
41067031511,3244,2418,826
41067031514,7254,5533,1721
41067031515,4966,3539,1427
41067031516,4048,2903,1145
41067031517,4753,3504,1249
41067031518,3456,2488,968
41067031519,7242,5131,2111
41067031520,6535,4382,2153
41067031606,6587,5031,1556
41067031612,4281,3439,842
41067031614,5551,4164,1387
41067031615,5222,4016,1206
41067031616,3496,2974,522
41067031617,5516,4567,949
41067031618,5719,4640,1079
41067031619,4284,3271,1013
41067031620,3918,3277,641
41067031621,3948,3244,704
41067031622,3589,2776,813
41067031623,3723,2871,852
41067031624,4652,3534,1118
41067031625,6559,5133,1426
41067031626,3250,2712,538
41067031703,5122,3947,1175
41067031705,5542,4103,1439
41067031706,5630,4276,1354
41067031707,5420,4209,1211
41067031708,3272,2522,750
41067031804,6711,4986,1725
41067031806,5748,4411,1337
41067031807,3748,3076,672
41067031813,6486,4964,1522
41067031814,4135,3128,1007
41067031816,3966,3136,830
41067031817,3546,2634,912
41067031818,3161,2682,479
41067031819,2708,2069,639
41067031820,3260,2469,791
41067031821,3405,2633,772
41067031904,2941,2321,620
41067031909,6005,4361,1644
41067031911,5418,4398,1020
41067031912,4345,3430,915
41067031913,2586,1884,702
41067031914,4731,4212,519
41067031915,5000,3714,1286
41067031916,4302,3199,1103
41067031917,4081,3138,943
41067031918,4648,3561,1087
41067032001,5920,4613,1307
41067032003,4239,3354,885
41067032004,2111,1630,481
41067032005,4975,3802,1173
41067032104,5199,3795,1404
41067032107,1952,1552,400
41067032108,4176,3194,982
41067032109,3050,2212,838
41067032110,3575,3180,395
41067032111,3577,2494,1083
41067032112,7371,5365,2006
41067032201,5254,3589,1665
41067032202,3797,3016,781
41067032301,1354,1092,262
41067032302,5864,4366,1498
41067032404,7561,5887,1674
41067032407,5202,3923,1279
41067032409,5131,3498,1633
41067032410,4063,2968,1095
41067032411,4534,3358,1176
41067032412,4124,3203,921
41067032413,2958,2195,763
41067032414,4971,3715,1256
41067032501,3369,2623,746
41067032502,2851,2183,668
41067032503,3710,2884,826
41067032603,7323,5428,1895
41067032604,6355,4895,1460
41067032606,6327,4787,1540
41067032608,2267,1856,411
41067032609,2357,1814,543
41067032610,2879,2184,695
41067032611,2806,2576,230
41067032612,2811,2514,297
41067032700,6374,5003,1371
41067032800,1309,1062,247
41067032901,6385,4491,1894
41067032903,3257,2450,807
41067032904,4382,3294,1088
41067033000,5759,4608,1151
41067033101,3044,2370,674
41067033102,3818,2975,843
41067033201,4113,3078,1035
41067033202,4058,3215,843
41067033301,6533,4880,1653
41067033302,6209,4764,1445
41067033400,2398,1893,505
41067033500,4011,3047,964
41067033600,2359,1903,456
41069960100,1451,1217,234
41071030101,6796,5371,1425
41071030102,9071,6870,2201
41071030201,6661,5513,1148
41071030202,6577,5022,1555
41071030302,2185,1813,372
41071030303,4170,3235,935
41071030304,6580,4916,1664
41071030400,7998,6323,1675
41071030501,6643,5604,1039
41071030502,5205,3980,1225
41071030601,3777,2942,835
41071030602,7162,5506,1656
41071030702,7784,5971,1813
41071030703,4511,3509,1002
41071030704,3723,3040,683
41071030801,5580,4315,1265
41071030802,4377,3604,773
41071030900,4601,3429,1172
41071031000,4321,3373,948
42001030101,2646,2069,577
42001030103,2375,1879,496
42001030104,3424,2615,809
42001030200,5346,4133,1213
42001030300,4437,3354,1083
42001030400,5543,4461,1082
42001030500,3775,3010,765
42001030600,4851,4007,844
42001030700,6424,5064,1360
42001030801,3425,2715,710
42001030802,1542,1181,361
42001030803,2714,2114,600
42001030901,3567,2677,890
42001030902,4237,3508,729
42001031000,2310,1711,599
42001031101,5177,4060,1117
42001031102,3465,2776,689
42001031201,3789,3111,678
42001031202,2844,2290,554
42001031203,3055,2482,573
42001031300,4803,3710,1093
42001031401,4745,3899,846
42001031402,2288,1901,387
42001031501,3157,2979,178
42001031502,3949,3207,742
42001031600,7138,5772,1366
42001031700,2826,2320,506
42003010301,1807,1800,7
42003010302,4075,3960,115
42003020100,4729,4586,143
42003020300,1845,1764,81
42003030500,3041,2591,450
42003040200,2534,2387,147
42003040400,2220,2175,45
42003040500,3781,3655,126
42003040600,2054,1961,93
42003040900,3326,3134,192
42003050100,1757,1428,329
42003050600,1723,1486,237
42003050900,1386,999,387
42003051000,1703,1422,281
42003051100,617,338,279
42003060300,2641,2409,232
42003060500,1201,1078,123
42003070300,2243,2079,164
42003070500,3040,2917,123
42003070600,2194,2043,151
42003070800,2853,2608,245
42003070900,4987,4638,349
42003080200,1618,1494,124
42003080400,1674,1573,101
42003080600,2008,1827,181
42003080700,1963,1793,170
42003080900,1824,1686,138
42003090100,2038,1904,134
42003090200,2678,2482,196
42003090300,1541,1409,132
42003100500,2013,1695,318
42003101100,2394,2197,197
42003101400,3252,2712,540
42003101800,2414,2098,316
42003101900,2432,1839,593
42003110200,3787,3217,570
42003110600,2440,1965,475
42003111300,2658,2313,345
42003111400,1211,1057,154
42003111500,3529,3058,471
42003120300,1424,1085,339
42003120900,1545,1248,297
42003130200,1028,756,272
42003130600,2892,2006,886
42003130700,2231,1626,605
42003130800,2260,1652,608
42003140100,5579,5066,513
42003140200,2771,2480,291
42003140300,3529,2890,639
42003140400,2312,1817,495
42003140500,1988,1752,236
42003140800,4658,3688,970
42003141100,1339,1107,232
42003141200,4007,3242,765
42003141300,5048,4406,642
42003141400,5593,4706,887
42003151600,2305,1954,351
42003151700,4956,4188,768
42003160800,2552,2256,296
42003160900,3483,3333,150
42003161000,2666,2104,562
42003170200,3984,3795,189
42003170600,1775,1646,129
42003180300,2305,1803,502
42003180700,2050,1776,274
42003190300,1930,1787,143
42003191100,2397,2188,209
42003191400,2725,2480,245
42003191500,2005,1803,202
42003191600,4141,3365,776
42003191700,3391,2798,593
42003191800,5252,4349,903
42003191900,2177,1786,391
42003192000,3455,2891,564
42003202200,2550,2012,538
42003202300,4127,3631,496
42003241300,3395,2930,465
42003250900,1140,907,233
42003260200,2092,1684,408
42003260700,1653,1256,397
42003261300,2767,1781,986
42003261400,2241,1735,506
42003261500,1524,1206,318
42003262000,2400,1917,483
42003270100,2578,2098,480
42003270300,1906,1525,381
42003270800,2621,2199,422
42003271600,4046,3162,884
42003281400,2552,1747,805
42003281500,1447,1164,283
42003290100,2130,1672,458
42003290200,4141,3240,901
42003290400,4019,3262,757
42003300100,3493,2529,964
42003310200,3155,2617,538
42003320400,1870,1562,308
42003320600,2243,1873,370
42003320700,1613,1318,295
42003401100,4601,3824,777
42003401200,2911,2248,663
42003401300,2645,2176,469
42003402000,3240,2642,598
42003403500,4352,3423,929
42003404000,1490,1176,314
42003405000,1161,950,211
42003406000,2210,1879,331
42003407001,5586,4614,972
42003407002,6676,5450,1226
42003408001,5633,4313,1320
42003408002,6309,4818,1491
42003409001,9192,6775,2417
42003409002,5499,3716,1783
42003410000,1183,928,255
42003411001,4004,2896,1108
42003411002,6076,4604,1472
42003412002,4865,3551,1314
42003412003,6312,4645,1667
42003412004,4302,3226,1076
42003413100,6998,5528,1470
42003413201,3826,3026,800
42003413202,2860,2309,551
42003413300,4876,3929,947
42003413400,4517,3476,1041
42003413500,6621,5630,991
42003414101,5499,4276,1223
42003414102,7044,5611,1433
42003414200,5936,4635,1301
42003415001,4650,3588,1062
42003415002,2604,2013,591
42003416000,1540,1338,202
42003417100,2166,1777,389
42003417200,1234,1018,216
42003418000,1672,1432,240
42003419000,3133,2776,357
42003420000,1454,1255,199
42003421100,4969,3917,1052
42003421200,4315,3432,883
42003422000,5343,3946,1397
42003423000,2916,2255,661
42003424000,3187,2669,518
42003425000,3437,2816,621
42003426300,5982,4858,1124
42003426400,4435,3685,750
42003426700,2303,2005,298
42003426800,5150,4225,925
42003427000,3376,2867,509
42003427100,5340,4428,912
42003427200,4922,4062,860
42003428100,1187,981,206
42003428200,2068,1731,337
42003429100,2607,2132,475
42003429201,4941,3969,972
42003429202,4605,3628,977
42003429300,6546,5462,1084
42003429400,4498,3586,912
42003429500,4412,3906,506
42003429600,3588,2983,605
42003429700,2370,1938,432
42003430100,2134,1692,442
42003430200,4551,3676,875
42003431100,3253,2748,505
42003431400,1893,1577,316
42003431500,3165,2736,429
42003432300,2183,1932,251
42003432400,2579,2173,406
42003434000,1918,1434,484
42003435000,2525,2035,490
42003437000,7178,5462,1716
42003439000,1505,1140,365
42003445500,3907,3053,854
42003446000,1669,1232,437
42003447000,1624,1226,398
42003448000,1162,903,259
42003449000,2488,1990,498
42003450700,3033,2569,464
42003450800,2526,2114,412
42003451101,3792,3035,757
42003451102,6047,5084,963
42003451104,3966,2925,1041
42003451105,5625,4521,1104
42003451300,7810,6086,1724
42003452000,6372,4923,1449
42003453003,2184,1851,333
42003453004,7258,5949,1309
42003455000,1475,1216,259
42003456001,4679,3359,1320
42003456003,8059,5714,2345
42003456004,5620,4506,1114
42003457100,1406,1199,207
42003457200,3398,2833,565
42003458001,4333,3621,712
42003458002,4602,3732,870
42003459101,1733,1346,387
42003459102,6426,5276,1150
42003459201,7344,6199,1145
42003459202,677,634,43
42003460001,4925,4048,877
42003460002,3776,3210,566
42003461000,1108,952,156
42003462100,2524,1945,579
42003462600,3902,3027,875
42003463900,2712,2092,620
42003464300,3391,2747,644
42003464400,3208,2314,894
42003465600,2494,2095,399
42003465800,3605,2920,685
42003468700,1670,1450,220
42003468800,2553,2199,354
42003468900,3911,3155,756
42003469000,4941,4145,796
42003470300,4317,3690,627
42003470400,3068,2512,556
42003470501,4317,3448,869
42003470502,3011,2526,485
42003470600,2936,2468,468
42003471000,1288,1075,213
42003472100,2395,2038,357
42003472200,2224,1880,344
42003472300,1849,1602,247
42003472400,1776,1486,290
42003473100,4963,3790,1173
42003473200,3294,2657,637
42003473300,5771,4446,1325
42003473401,3731,2848,883
42003473402,3678,2824,854
42003473500,3788,2802,986
42003473601,4136,3166,970
42003473602,4714,3753,961
42003474101,4460,3253,1207
42003474102,3901,2882,1019
42003474201,2634,1960,674
42003474202,5363,4043,1320
42003474203,4802,3537,1265
42003475101,4977,4235,742
42003475102,1677,1366,311
42003475200,5568,4541,1027
42003475301,4460,3676,784
42003475303,4150,3324,826
42003475304,5466,4452,1014
42003475401,4066,3281,785
42003475402,3213,2558,655
42003476100,4979,4178,801
42003476200,3270,2772,498
42003477100,3779,3090,689
42003477200,4466,3750,716
42003477300,6819,5373,1446
42003478100,4363,3564,799
42003478200,5719,4557,1162
42003479000,1985,1680,305
42003480101,5975,4682,1293
42003480102,3121,2566,555
42003480200,3797,3049,748
42003480300,3613,2950,663
42003480400,5004,4163,841
42003481000,3394,2611,783
42003482500,1872,1587,285
42003483800,2884,2343,541
42003484300,3122,2520,602
42003484500,5614,4703,911
42003484600,2038,1724,314
42003485000,1179,963,216
42003486700,2212,1672,540
42003486800,1653,1195,458
42003486900,1389,1012,377
42003487000,1612,1385,227
42003488100,2149,1760,389
42003488200,3441,2669,772
42003488300,2008,1725,283
42003488400,4649,3738,911
42003488500,2742,2300,442
42003488600,4600,3788,812
42003489001,4703,3806,897
42003489002,3801,3028,773
42003490002,5102,4135,967
42003490003,3679,2931,748
42003490004,4946,3957,989
42003491101,7681,5722,1959
42003491200,2114,1810,304
42003492700,1819,1470,349
42003492800,2465,1884,581
42003492900,1897,1498,399
42003494000,1398,1101,297
42003495000,3070,2538,532
42003496101,3031,2459,572
42003496102,4370,3616,754
42003496200,5581,4541,1040
42003497000,932,823,109
42003498000,2355,1943,412
42003499300,1678,1316,362
42003499400,2797,2163,634
42003500300,3680,2975,705
42003501000,1476,1266,210
42003503002,5846,5020,826
42003504100,5026,3980,1046
42003507000,2076,1699,377
42003508000,1781,1356,425
42003509400,5114,4019,1095
42003510000,1927,1365,562
42003512000,2073,1662,411
42003513000,2247,1659,588
42003513800,1721,1285,436
42003514000,1896,1346,550
42003515100,2566,2065,501
42003515200,2034,1710,324
42003515300,1734,1456,278
42003515401,2290,1961,329
42003516100,1406,1195,211
42003516200,1739,1437,302
42003517000,1730,1489,241
42003518001,3286,2863,423
42003519000,3157,2699,458
42003520001,3258,2838,420
42003520002,3092,2577,515
42003521100,4551,3713,838
42003521200,4521,3851,670
42003521301,4216,3521,695
42003521302,4516,3698,818
42003521401,2924,2488,436
42003521402,3855,3106,749
42003521500,4083,3452,631
42003522000,3101,2355,746
42003523100,3805,3051,754
42003523200,3743,2941,802
42003523300,3807,3141,666
42003523400,4921,3988,933
42003523501,4703,3786,917
42003523502,1497,1197,300
42003523600,4852,3960,892
42003523701,3868,3259,609
42003523702,5176,4343,833
42003523800,4687,3978,709
42003524000,2492,1960,532
42003525100,2003,1664,339
42003525200,2536,2229,307
42003525300,2219,1802,417
42003526101,7410,5889,1521
42003526102,2327,1862,465
42003526201,3704,2939,765
42003526202,4649,3720,929
42003526301,3989,3272,717
42003526302,5065,4098,967
42003550900,1467,1156,311
42003551200,3391,2528,863
42003551300,2347,1922,425
42003551900,1330,1135,195
42003552000,2294,1671,623
42003552100,1175,930,245
42003552200,969,743,226
42003552300,1862,1323,539
42003552400,2892,2247,645
42003560400,1553,1411,142
42003560500,2193,1994,199
42003561400,4012,3368,644
42003561500,2588,2197,391
42003561900,1898,1533,365
42003562000,3449,3301,148
42003562300,3115,2393,722
42003562400,2363,1851,512
42003562500,2919,2062,857
42003562600,2398,1900,498
42003562700,1959,1748,211
42003562800,1516,1285,231
42003562901,1433,1087,346
42003563000,2928,2418,510
42003563100,3722,3045,677
42003563201,301,292,9
42003563202,1903,1736,167
42003563300,1546,1191,355
42003563800,3881,3182,699
42003563900,3891,3249,642
42003564000,7121,5437,1684
42003564100,907,739,168
42003564200,2094,1837,257
42003564400,5631,4790,841
42003564500,3032,2426,606
42003564700,2184,1674,510
42003564800,1819,1420,399
42003565100,2972,2620,352
42003565200,2740,2254,486
42003565300,1238,989,249
42003981800,314,306,8
42003982200,5022,5015,7
42005950100,4712,3610,1102
42005950200,2070,1682,388
42005950300,3276,2669,607
42005950400,2295,1885,410
42005950500,5342,4323,1019
42005950600,3248,2664,584
42005950700,3679,2859,820
42005950800,3789,3199,590
42005950900,4922,4098,824
42005951000,2859,2288,571
42005951100,3921,3097,824
42005951200,5753,4730,1023
42005951300,2411,2041,370
42005951400,2472,2045,427
42005951500,2867,2273,594
42005951600,4605,3806,799
42005951700,3452,2846,606
42005951800,2149,1684,465
42005951900,1736,1383,353
42007600601,2067,1661,406
42007600602,2680,2204,476
42007600701,3372,2703,669
42007600702,4670,3718,952
42007601000,3768,3017,751
42007601100,3076,2508,568
42007601200,3200,2521,679
42007601300,2729,2039,690
42007601400,3244,2568,676
42007601600,1300,1105,195
42007601700,3262,2746,516
42007601801,3561,3060,501
42007601802,3622,2953,669
42007602100,3472,2788,684
42007602300,2486,2039,447
42007602400,1952,1589,363
42007602500,1295,1141,154
42007602601,5249,3983,1266
42007602602,3541,2935,606
42007602701,1838,1486,352
42007602702,3420,2815,605
42007602800,2433,1903,530
42007602900,2684,2125,559
42007603000,2793,2327,466
42007603202,7157,5646,1511
42007603300,3811,3033,778
42007603400,1814,1514,300
42007603500,1496,1112,384
42007603600,2168,1800,368
42007603700,3904,3331,573
42007603801,2931,2513,418
42007603802,3145,2582,563
42007603803,3022,2570,452
42007603900,3187,2680,507
42007604000,2594,1954,640
42007604100,2779,2157,622
42007604200,1599,1274,325
42007604500,2269,1711,558
42007604600,2880,2468,412
42007604700,1469,1219,250
42007604800,4875,3834,1041
42007604901,4026,3266,760
42007604902,4978,4163,815
42007605001,2248,1875,373
42007605002,3459,2779,680
42007605100,4680,3780,900
42007605200,2511,2007,504
42007605300,2998,2509,489
42007605400,3489,2726,763
42007605500,5011,4130,881
42007605600,3276,2749,527
42007605700,2620,1919,701
42007605800,6105,4880,1225
42009960100,3573,2780,793
42009960200,3382,2737,645
42009960300,4833,3848,985
42009960400,5202,3949,1253
42009960500,3327,2664,663
42009960600,4847,3924,923
42009960700,2865,2396,469
42009960800,5105,4269,836
42009960900,4699,3752,947
42009961001,2747,2238,509
42009961002,3043,2484,559
42009961100,3954,3243,711
42011000100,6076,4711,1365
42011000200,4041,2952,1089
42011000300,2373,1738,635
42011000400,4114,2948,1166
42011000500,3702,2632,1070
42011000600,3449,2954,495
42011000700,4361,3022,1339
42011000800,4658,3057,1601
42011000900,3018,2207,811
42011001000,3510,2473,1037
42011001100,4448,3064,1384
42011001200,1854,1321,533
42011001300,3514,2518,996
42011001400,4833,3276,1557
42011001500,3897,2499,1398
42011001600,2869,1926,943
42011001700,3353,2294,1059
42011001800,3006,2137,869
42011001900,2860,2059,801
42011002001,1443,1047,396
42011002002,3268,2172,1096
42011002100,3290,2182,1108
42011002200,2282,1543,739
42011002300,2302,1653,649
42011002500,3499,2661,838
42011002600,3456,2239,1217
42011002700,2125,1787,338
42011002900,3511,2993,518
42011010100,5915,4377,1538
42011010201,4444,3538,906
42011010202,5209,4264,945
42011010302,3027,2454,573
42011010303,2023,1539,484
42011010304,6637,5599,1038
42011010401,1616,1126,490
42011010402,7221,5644,1577
42011010500,6658,5149,1509
42011010601,2776,2247,529
42011010602,6230,4727,1503
42011010701,2941,2501,440
42011010702,4722,3653,1069
42011010801,1953,1528,425
42011010803,5948,4530,1418
42011010804,3646,2845,801
42011010902,4286,3285,1001
42011010903,6062,5172,890
42011010904,3797,2948,849
42011010905,5261,4133,1128
42011011000,4765,3746,1019
42011011101,2530,2108,422
42011011102,5581,4426,1155
42011011200,4553,3565,988
42011011300,3001,2347,654
42011011400,5475,4294,1181
42011011500,2927,2294,633
42011011601,5536,4468,1068
42011011602,4545,3626,919
42011011603,5538,4705,833
42011011702,4602,3726,876
42011011703,4288,3174,1114
42011011704,2527,2011,516
42011011705,5011,3894,1117
42011011800,5106,3882,1224
42011011902,3886,3167,719
42011011903,5175,3944,1231
42011011905,3411,2602,809
42011011906,4810,3753,1057
42011012001,2397,1937,460
42011012003,2195,1824,371
42011012004,6757,5392,1365
42011012101,1892,1467,425
42011012103,2500,1991,509
42011012104,3130,2402,728
42011012106,4914,3893,1021
42011012107,3573,2825,748
42011012200,3318,2456,862
42011012300,4638,3658,980
42011012400,7853,5998,1855
42011012500,2242,1682,560
42011012600,2543,1849,694
42011012701,5076,4188,888
42011012702,4201,3394,807
42011012800,4277,3256,1021
42011012901,3834,3140,694
42011012902,3810,3095,715
42011013000,6767,5581,1186
42011013100,5112,4130,982
42011013200,4264,3391,873
42011013301,2962,2406,556
42011013302,6555,5265,1290
42011013402,2973,2541,432
42011013403,3998,3292,706
42011013404,3646,2964,682
42011013501,3823,2911,912
42011013502,3417,2665,752
42011013503,4527,3449,1078
42011013600,4049,3179,870
42011013701,3603,2929,674
42011013702,3835,3139,696
42011013800,4270,3457,813
42011013901,4297,3510,787
42011013902,3460,2833,627
42011014000,4162,3434,728
42011014101,3094,3069,25
42011014102,4526,3750,776
42011014201,3071,2532,539
42011014202,4537,3728,809
42013010101,4280,3320,960
42013010102,2852,2225,627
42013010103,2628,2094,534
42013010401,1827,1372,455
42013010403,2607,2115,492
42013010404,3871,3117,754
42013010500,4155,3397,758
42013010600,2159,1791,368
42013010701,3490,3086,404
42013010702,3297,2753,544
42013010800,3441,2662,779
42013010900,7399,6016,1383
42013011001,3360,2746,614
42013011002,4301,3622,679
42013011101,1581,1337,244
42013011102,4687,3664,1023
42013011201,3217,2603,614
42013011202,2424,2090,334
42013011300,5561,4407,1154
42013011400,2384,1823,561
42013011500,5298,4273,1025
42013011600,3788,2950,838
42013100200,2202,1834,368
42013100300,3179,2556,623
42013100400,1666,1302,364
42013100500,3309,2499,810
42013100600,2445,1931,514
42013100700,2366,1596,770
42013100800,1663,1477,186
42013100900,3993,3147,846
42013101100,1490,1199,291
42013101200,3895,3160,735
42013101400,3552,2684,868
42013101500,3373,2820,553
42013101600,3176,2434,742
42013101700,3541,2688,853
42013101800,2902,2380,522
42013101900,1463,1305,158
42015950100,4280,3262,1018
42015950200,4783,3773,1010
42015950300,5461,4319,1142
42015950400,3267,2455,812
42015950501,2930,2361,569
42015950502,3324,2621,703
42015950600,4171,3271,900
42015950700,4426,3400,1026
42015950800,3911,3076,835
42015950900,5284,4241,1043
42015951000,2798,2107,691
42015951100,2844,2223,621
42015951200,4727,3759,968
42015951300,3957,3140,817
42015951400,3804,2933,871
42017100102,3125,2686,439
42017100103,2391,1966,425
42017100104,4625,3666,959
42017100105,3247,2632,615
42017100201,5243,4209,1034
42017100206,5540,4441,1099
42017100207,4337,3557,780
42017100208,6511,5171,1340
42017100210,7389,5975,1414
42017100211,6745,5535,1210
42017100212,3882,3156,726
42017100213,5472,4402,1070
42017100214,4200,3309,891
42017100302,5053,4029,1024
42017100303,5136,3968,1168
42017100304,2599,2049,550
42017100306,3643,2912,731
42017100307,5039,4013,1026
42017100401,6302,4997,1305
42017100402,6456,5121,1335
42017100403,2130,1682,448
42017100404,6170,4955,1215
42017100406,3655,3080,575
42017100407,1223,1022,201
42017100408,6885,5291,1594
42017100500,2716,2202,514
42017100600,3735,2894,841
42017100700,3410,2562,848
42017100803,4783,3720,1063
42017100804,3909,3066,843
42017100805,6235,4809,1426
42017100807,4241,3725,516
42017100808,5307,4383,924
42017100809,5894,4800,1094
42017100811,4432,3467,965
42017100900,7694,6211,1483
42017101100,2515,2016,499
42017101401,5278,4208,1070
42017101403,5901,4761,1140
42017101404,2512,1944,568
42017101405,6908,5389,1519
42017101503,3912,3235,677
42017101504,2779,2410,369
42017101505,3349,2746,603
42017101506,5229,4283,946
42017101603,3282,2515,767
42017101605,4445,3509,936
42017101607,3636,3105,531
42017101609,4527,3729,798
42017101610,4767,3933,834
42017101611,7132,5914,1218
42017101802,6440,4891,1549
42017101805,2212,1844,368
42017101807,4576,3437,1139
42017101808,2639,2238,401
42017101809,3510,2671,839
42017101810,6262,4744,1518
42017101900,4253,3331,922
42017102002,2883,2305,578
42017102003,4473,3408,1065
42017102004,4971,3929,1042
42017102102,3523,2922,601
42017102104,5993,4606,1387
42017102300,5819,4577,1242
42017102401,4061,3213,848
42017102402,5059,4014,1045
42017102500,4711,3689,1022
42017102600,2199,1832,367
42017102700,5295,4393,902
42017102801,3465,2747,718
42017103101,2359,1847,512
42017103102,2204,1688,516
42017103103,4796,3828,968
42017103300,2201,1898,303
42017103400,5175,4300,875
42017103700,3379,2812,567
42017103800,1234,1044,190
42017103900,3818,3305,513
42017104000,7541,5787,1754
42017104100,2177,1697,480
42017104201,2938,2355,583
42017104203,5678,4249,1429
42017104204,5405,4117,1288
42017104301,2889,2367,522
42017104303,4572,3729,843
42017104304,1248,1031,217
42017104400,2612,2278,334
42017104502,8103,6298,1805
42017104503,4578,3585,993
42017104505,5684,4343,1341
42017104506,2486,1992,494
42017104601,4931,3846,1085
42017104603,6667,5554,1113
42017104604,6365,5197,1168
42017104701,3525,3078,447
42017104702,2556,2282,274
42017104703,2227,1802,425
42017104800,2836,2431,405
42017104901,7278,5664,1614
42017104902,7573,5951,1622
42017105003,4915,3856,1059
42017105004,5654,4447,1207
42017105006,5924,4625,1299
42017105008,3908,3041,867
42017105009,3478,2797,681
42017105010,3995,3204,791
42017105011,3497,2753,744
42017105012,2724,2129,595
42017105013,5820,4567,1253
42017105100,3286,2570,716
42017105202,5102,4178,924
42017105203,2084,1608,476
42017105206,5307,4231,1076
42017105207,5029,3965,1064
42017105208,2373,1807,566
42017105300,2268,1909,359
42017105401,4593,3750,843
42017105402,4264,3304,960
42017105505,3949,3088,861
42017105506,4184,3209,975
42017105507,7404,5661,1743
42017105508,3598,2695,903
42017105509,4633,3590,1043
42017105510,5257,4512,745
42017105511,4155,3372,783
42017105600,2605,2201,404
42017105702,3314,2595,719
42017105704,7143,5618,1525
42017105801,6209,4810,1399
42017105805,5650,4482,1168
42017105807,3755,2992,763
42017105808,3723,2923,800
42017105809,4411,3425,986
42017105810,2428,1955,473
42017105811,6181,4703,1478
42017105812,1711,1318,393
42017105900,2282,1822,460
42017106000,4527,3571,956
42017106100,3139,2652,487
42017106201,3520,2734,786
42017106202,3249,2948,301
42017106300,7573,5758,1815
42017106401,7751,5866,1885
42017106402,7682,6038,1644
42017106500,7438,5930,1508
42017106600,1941,1625,316
42019902100,2225,1778,447
42019902200,1910,1516,394
42019902300,3544,2742,802
42019902400,2002,1663,339
42019902500,3821,2898,923
42019902600,3082,2516,566
42019902700,2125,1717,408
42019902800,2713,2337,376
42019902900,1948,1666,282
42019903000,4723,3889,834
42019903100,2639,2168,471
42019910100,4090,3301,789
42019910200,4742,3765,977
42019910301,4933,4232,701
42019910302,4237,3413,824
42019910400,3081,2707,374
42019910600,4142,3366,776
42019910700,2769,2264,505
42019910800,2766,2345,421
42019910900,5133,4228,905
42019911000,6159,5070,1089
42019911100,4931,4091,840
42019911200,5268,4194,1074
42019911300,5166,4167,999
42019911400,3361,2789,572
42019911501,5212,4293,919
42019911502,4333,3520,813
42019911600,4990,4062,928
42019911700,4901,3842,1059
42019911800,7628,6101,1527
42019911900,4854,4028,826
42019912001,5542,4180,1362
42019912002,6650,5267,1383
42019912101,4386,3262,1124
42019912102,2607,2078,529
42019912200,3288,2611,677
42019912301,6514,4778,1736
42019912303,2922,2261,661
42019912304,4106,3304,802
42019912403,3454,2470,984
42019912404,6130,4668,1462
42019912405,5150,3981,1169
42019912406,2469,2042,427
42019912701,3339,2644,695
42019912702,4561,3494,1067
42019912800,6820,5235,1585
42019980100,2397,2382,15
42021000100,1194,1149,45
42021000200,604,493,111
42021000300,1554,1182,372
42021000500,1488,1086,402
42021000600,1606,1209,397
42021000700,2335,1984,351
42021001200,2795,2194,601
42021010100,3811,3220,591
42021010200,1360,1071,289
42021010300,2239,1873,366
42021010500,3357,2882,475
42021010600,2363,1980,383
42021010700,3122,2532,590
42021010801,5407,4458,949
42021011000,1547,1206,341
42021011100,5147,4317,830
42021011200,2045,1646,399
42021011300,4982,3981,1001
42021011400,3084,2690,394
42021011500,4236,3506,730
42021011600,2511,1981,530
42021011700,2288,1848,440
42021011800,3938,3116,822
42021011900,3560,2846,714
42021012000,6030,4869,1161
42021012100,2372,1936,436
42021012200,3557,2849,708
42021012300,4151,3734,417
42021012400,3662,2968,694
42021012500,5814,4789,1025
42021012600,3404,2747,657
42021012700,2526,2004,522
42021012800,4994,4110,884
42021012900,3432,2796,636
42021013000,2459,1938,521
42021013100,2509,1994,515
42021013200,3943,3086,857
42021013300,5752,4646,1106
42021013400,2005,1548,457
42021013500,2727,1853,874
42021013600,3114,2117,997
42021013700,4448,3954,494
42023960100,1923,1515,408
42023960200,2624,2236,388
42025020102,4507,3662,845
42025020103,3721,3040,681
42025020106,2038,1716,322
42025020107,3481,2668,813
42025020108,2724,2339,385
42025020201,3194,2592,602
42025020202,3090,2486,604
42025020301,3336,2768,568
42025020302,3120,2433,687
42025020400,4141,3141,1000
42025020501,4261,3454,807
42025020502,2748,2324,424
42025020600,5248,4121,1127
42025020700,5185,4212,973
42025020801,3935,3328,607
42025020802,4427,3598,829
42025020900,5593,4408,1185
42027010100,3815,3116,699
42027010200,2702,2197,505
42027010300,3170,2599,571
42027010400,3287,2742,545
42027010500,5102,4134,968
42027010600,3854,3174,680
42027010700,5778,4486,1292
42027010801,1998,1291,707
42027010802,3683,2677,1006
42027010901,3558,2852,706
42027010902,3552,2822,730
42027011001,2783,2229,554
42027011002,5196,4187,1009
42027011101,3466,2805,661
42027011102,2639,2219,420
42027011201,4572,3827,745
42027011202,4392,4385,7
42027011301,2451,2314,137
42027011302,2085,1882,203
42027011303,4608,4179,429
42027011401,4410,3660,750
42027011402,3124,2238,886
42027011501,3009,2486,523
42027011503,3325,3033,292
42027011504,4480,3838,642
42027011600,4658,3914,744
42027011702,6104,4929,1175
42027011800,5913,4750,1163
42027011901,2790,2094,696
42027011903,1650,1255,395
42027011904,3372,2691,681
42027011905,2145,1562,583
42027012000,5875,5388,487
42027012100,7317,7308,9
42027012200,5753,5741,12
42027012300,1767,1500,267
42027012400,4869,4456,413
42027012500,4227,4002,225
42027012600,2999,2779,220
42027012700,2983,2580,403
42027012800,4711,4118,593
42029300101,3117,2310,807
42029300103,2787,2193,594
42029300104,5331,4065,1266
42029300106,5610,4310,1300
42029300107,4572,3385,1187
42029300108,6685,4982,1703
42029300109,3825,2780,1045
42029300201,5355,4024,1331
42029300202,5629,4206,1423
42029300301,4118,3424,694
42029300302,3940,3089,851
42029300303,3215,2625,590
42029300400,3419,2801,618
42029300501,5062,3777,1285
42029300502,3718,2825,893
42029300600,6197,4868,1329
42029300700,5423,4494,929
42029300800,4456,3681,775
42029300900,2526,1980,546
42029301001,4584,3761,823
42029301002,3676,2852,824
42029301100,3494,2871,623
42029301300,7068,5396,1672
42029301401,3100,2329,771
42029301402,5341,4202,1139
42029301500,2796,2125,671
42029301600,2590,2096,494
42029301700,1832,1450,382
42029301800,6668,5056,1612
42029301900,4024,3109,915
42029302000,6001,4467,1534
42029302102,4531,3739,792
42029302103,3813,2933,880
42029302104,5573,4070,1503
42029302203,5552,4209,1343
42029302204,6278,4931,1347
42029302205,2703,2097,606
42029302206,5035,3974,1061
42029302207,64,58,6
42029302300,2872,2537,335
42029302400,3927,3228,699
42029302500,3791,3252,539
42029302600,4389,3638,751
42029302702,4877,3876,1001
42029302703,4409,3397,1012
42029302704,4987,3773,1214
42029302705,3942,3106,836
42029302706,4825,3842,983
42029302802,5267,4267,1000
42029302803,2017,1941,76
42029302804,3923,3235,688
42029302806,3162,2676,486
42029302807,4041,3305,736
42029302901,4837,3771,1066
42029302902,6317,4815,1502
42029303000,3177,2499,678
42029303100,4082,3100,982
42029303301,3333,2500,833
42029303302,4956,4094,862
42029303401,4083,3114,969
42029303402,1853,1383,470
42029303501,4372,3498,874
42029303502,2934,2285,649
42029303801,4528,3445,1083
42029303803,3692,2675,1017
42029303804,6096,4253,1843
42029303901,5039,4180,859
42029303902,5300,4216,1084
42029304000,5384,4107,1277
42029304101,4518,3655,863
42029304102,3374,2565,809
42029304201,7263,5917,1346
42029304300,9738,6922,2816
42029304403,3998,3023,975
42029304404,5143,3929,1214
42029304405,6469,4710,1759
42029304406,3551,2919,632
42029304502,3125,2347,778
42029304503,4988,3404,1584
42029304504,4162,2953,1209
42029304600,3711,2732,979
42029304900,8274,6215,2059
42029305000,1892,1383,509
42029305101,4213,3472,741
42029305102,4697,3654,1043
42029305300,7985,6264,1721
42029305400,4180,2844,1336
42029305500,3715,2651,1064
42029305600,3016,1962,1054
42029305700,2439,1767,672
42029306000,7626,5842,1784
42029306300,2770,2055,715
42029306501,4138,3260,878
42029306503,2588,1888,700
42029306504,4637,3337,1300
42029306600,3179,2452,727
42029306700,4433,3341,1092
42029306800,1698,1300,398
42029306900,5810,4351,1459
42029307000,5644,4583,1061
42029307100,2476,1910,566
42029307200,1259,973,286
42029307300,4125,3098,1027
42029307400,3862,2896,966
42029307700,2459,1845,614
42029307800,2560,1922,638
42029307900,5420,4388,1032
42029308000,5736,4270,1466
42029308101,4360,3266,1094
42029308102,4622,3281,1341
42029308200,2764,2133,631
42029311000,7433,5557,1876
42029311100,3876,2982,894
42029311200,2177,1765,412
42029311300,4455,3425,1030
42029311401,7169,5689,1480
42029311403,3383,2893,490
42029311404,3948,3218,730
42029311500,3581,2947,634
42029311600,2142,1557,585
42029311701,3482,2605,877
42029311702,6589,4587,2002
42029311800,3749,2749,1000
42029980000,3692,3681,11
42031160101,1781,1439,342
42031160103,2835,2415,420
42031160104,1712,1461,251
42031160201,1865,1377,488
42031160202,1530,1254,276
42031160300,4640,3725,915
42031160400,3822,2957,865
42031160500,3715,2927,788
42031160600,3931,3373,558
42031160701,2052,1666,386
42031160702,1924,1472,452
42031160800,3754,3024,730
42031160900,3680,2876,804
42033330100,4993,4171,822
42033330200,3304,2635,669
42033330300,4206,3317,889
42033330400,6897,5560,1337
42033330500,4312,3425,887
42033330600,3175,2629,546
42033330700,2276,1996,280
42033330800,6702,5430,1272
42033330900,6424,5536,888
42033331000,4800,3911,889
42033331100,3164,2527,637
42033331200,2798,2258,540
42033331300,4325,3473,852
42033331401,3384,2748,636
42033331402,3560,2825,735
42033331500,1850,1447,403
42033331600,2438,1977,461
42033331700,6959,6103,856
42033331800,2748,2211,537
42033331900,2247,1769,478
42035030100,2877,2319,558
42035030200,5231,4179,1052
42035030300,4094,3353,741
42035030400,4889,3863,1026
42035030500,4058,3365,693
42035030600,1829,1358,471
42035030701,5414,4290,1124
42035030702,865,854,11
42035030800,4110,3122,988
42035030900,4083,2895,1188
42037050100,5377,4322,1055
42037050200,5432,4342,1090
42037050300,4975,3997,978
42037050400,3982,3215,767
42037050500,3645,3010,635
42037050600,5202,4101,1101
42037050700,5125,4054,1071
42037050800,3483,2801,682
42037050900,3563,2885,678
42037051000,2495,2029,466
42037051101,3434,3293,141
42037051102,2505,2334,171
42037051200,4277,3605,672
42037051300,3038,2422,616
42037051400,2502,2027,475
42037051500,5692,4661,1031
42039110100,6222,4205,2017
42039110201,3538,2841,697
42039110202,4441,3674,767
42039110300,4506,3534,972
42039110400,2726,2178,548
42039110501,1780,1488,292
42039110502,3497,2992,505
42039110600,2775,2278,497
42039110700,3766,2993,773
42039110800,4728,3680,1048
42039110900,2791,2168,623
42039111000,2231,1748,483
42039111100,2872,2226,646
42039111200,2390,1831,559
42039111300,5228,4087,1141
42039111400,4528,3563,965
42039111500,4955,3851,1104
42039111600,3735,2999,736
42039111700,4846,4220,626
42039111800,5331,4463,868
42039111900,3516,2542,974
42039112001,2264,1941,323
42039112002,1272,1106,166
42041010100,5403,4315,1088
42041010201,5163,4152,1011
42041010203,3982,3291,691
42041010204,5182,4258,924
42041010300,4231,3375,856
42041010400,3866,2963,903
42041010500,4256,3295,961
42041010600,4659,3770,889
42041010700,3864,3084,780
42041010800,3643,2854,789
42041010900,5091,4088,1003
42041011002,2398,1953,445
42041011101,5107,4288,819
42041011102,4619,3901,718
42041011200,1634,1298,336
42041011301,5770,4421,1349
42041011303,6968,5375,1593
42041011304,5563,4564,999
42041011305,6004,4455,1549
42041011306,3927,2865,1062
42041011307,4529,3548,981
42041011400,4491,3556,935
42041011500,4820,3759,1061
42041011602,4055,3196,859
42041011606,5996,4881,1115
42041011607,5644,4413,1231
42041011608,4641,3453,1188
42041011700,6230,5026,1204
42041011803,7021,5710,1311
42041011804,2670,2176,494
42041011805,5675,4165,1510
42041011806,4880,4162,718
42041011807,6332,4687,1645
42041011901,5599,4398,1201
42041011902,6440,4904,1536
42041012000,5498,4150,1348
42041012100,2657,2009,648
42041012200,2081,1776,305
42041012300,2397,1996,401
42041012400,7485,6315,1170
42041012501,4508,3844,664
42041012502,7689,5974,1715
42041012600,5933,4639,1294
42041012701,5294,4314,980
42041012702,4446,3405,1041
42041012801,4582,3637,945
42041012802,3559,2730,829
42041012900,1376,1041,335
42041013000,6959,5497,1462
42041013103,6137,4582,1555
42041013104,2667,2548,119
42041013105,5783,4381,1402
42041013200,4334,3400,934
42041981001,2884,2874,10
42041981606,2847,2822,25
42043020100,3746,3474,272
42043020300,1895,1679,216
42043020400,1625,1496,129
42043020500,2987,2540,447
42043020800,2809,2154,655
42043020900,3707,2906,801
42043021100,3252,2256,996
42043021200,2586,1761,825
42043021300,6030,4179,1851
42043021400,4915,3054,1861
42043021500,3745,2637,1108
42043021600,2623,1861,762
42043021700,6024,4615,1409
42043021800,2282,1766,516
42043021901,4778,4047,731
42043021903,3703,2954,749
42043021904,6123,4884,1239
42043022000,5318,4145,1173
42043022100,4532,3665,867
42043022200,3274,2422,852
42043022300,5867,4700,1167
42043022401,4732,3674,1058
42043022403,7108,5570,1538
42043022501,6308,5081,1227
42043022502,5658,4521,1137
42043022601,7368,5776,1592
42043022604,7443,5903,1540
42043022605,5519,4350,1169
42043022606,3498,2769,729
42043022701,4352,3388,964
42043022702,5839,4467,1372
42043022800,6484,5100,1384
42043022901,3789,3205,584
42043022902,5453,4213,1240
42043023000,1907,1534,373
42043023100,1648,1314,334
42043023300,4435,3067,1368
42043023400,1828,1358,470
42043023500,2741,2223,518
42043023601,2881,2299,582
42043023602,6650,5503,1147
42043023700,1459,1093,366
42043023800,4103,3303,800
42043023900,3971,3319,652
42043024001,6037,4843,1194
42043024002,2952,2311,641
42043024101,2068,1578,490
42043024102,4417,3681,736
42043024104,6194,4705,1489
42043024105,5826,4739,1087
42043024200,2662,2146,516
42043024300,3476,2787,689
42043024400,4616,3665,951
42043024502,6019,4634,1385
42043024503,7209,5547,1662
42043024601,4933,4085,848
42043024602,5764,4557,1207
42043024700,6071,4944,1127
42043024801,3608,2909,699
42043024802,4220,3392,828
42043024900,2370,1878,492
42043025000,3032,2342,690
42043025100,3736,2671,1065
42043025200,3486,2751,735
42043025300,4010,3240,770
42043025400,2545,2026,519
42043025500,4155,2837,1318
42045400301,6915,4845,2070
42045400302,4167,2920,1247
42045400401,5504,4075,1429
42045400402,4710,3444,1266
42045400500,4649,3426,1223
42045400600,5460,4240,1220
42045400700,5412,4184,1228
42045400801,2055,1585,470
42045400802,3417,2656,761
42045400900,1630,1298,332
42045401000,1960,1513,447
42045401101,3095,2281,814
42045401103,3366,2705,661
42045401104,4346,3418,928
42045401200,3670,2990,680
42045401302,2990,2386,604
42045401303,2330,1945,385
42045401401,2238,1687,551
42045401402,4105,3121,984
42045401502,4259,3487,772
42045401503,3487,2666,821
42045401600,1816,1477,339
42045401700,2714,2066,648
42045401800,3932,3013,919
42045401900,4646,3744,902
42045402000,2529,2088,441
42045402100,5953,4732,1221
42045402200,2422,1971,451
42045402300,3672,2858,814
42045402400,3551,2461,1090
42045402500,3602,2542,1060
42045402600,3562,2496,1066
42045402700,2474,1813,661
42045402800,6014,4460,1554
42045402900,3357,2503,854
42045403001,3039,2437,602
42045403002,2823,2200,623
42045403101,3574,2629,945
42045403103,2839,2119,720
42045403104,2495,1787,708
42045403200,4244,3416,828
42045403300,6863,5143,1720
42045403401,3048,2368,680
42045403402,3744,2699,1045
42045403501,4239,3387,852
42045403502,2984,2268,716
42045403601,4096,3237,859
42045403602,1847,1484,363
42045403701,1712,1415,297
42045403702,2271,1860,411
42045403800,6427,5109,1318
42045403901,3512,2828,684
42045403902,3674,2939,735
42045404003,2216,1799,417
42045404004,6464,5173,1291
42045404101,6438,5027,1411
42045404102,5165,3964,1201
42045404103,3461,2735,726
42045404300,2459,1759,700
42045404400,1446,1184,262
42045404500,4720,3617,1103
42045404600,2327,1743,584
42045404700,3256,2801,455
42045404800,2074,1371,703
42045404900,1212,851,361
42045405000,1999,1538,461
42045405100,2170,1553,617
42045405200,2911,2048,863
42045405300,2940,2072,868
42045405400,2426,1830,596
42045406100,2321,1692,629
42045406201,3214,2637,577
42045406202,5086,4132,954
42045406300,3068,2287,781
42045406401,2668,1913,755
42045406402,1412,1002,410
42045406500,1976,1442,534
42045406600,2454,1786,668
42045406700,3425,2457,968
42045406801,4347,3562,785
42045406802,4315,3468,847
42045406804,4564,3876,688
42045406805,3672,3084,588
42045406902,5909,4707,1202
42045406903,5084,4089,995
42045406904,5798,4836,962
42045407000,2897,2273,624
42045407101,3824,2977,847
42045407102,3106,2439,667
42045407201,5641,4751,890
42045407202,3802,3298,504
42045407401,4140,3131,1009
42045407404,3060,2303,757
42045407501,2502,2072,430
42045407502,3399,3000,399
42045407600,6657,5353,1304
42045407700,2778,2147,631
42045407801,4549,3579,970
42045407802,6785,5167,1618
42045407803,5598,4214,1384
42045407804,4639,3474,1165
42045407805,1712,1311,401
42045407806,1673,1306,367
42045407901,4249,3281,968
42045407902,3017,2379,638
42045407903,3586,2876,710
42045408001,6374,5061,1313
42045408002,4622,3864,758
42045408101,5156,4091,1065
42045408102,3557,2908,649
42045408103,4505,3608,897
42045408300,4786,4055,731
42045408400,2192,1903,289
42045408500,4258,3177,1081
42045408600,3629,2741,888
42045408700,5044,3714,1330
42045408800,5083,3882,1201
42045408900,3098,2268,830
42045409000,3785,2832,953
42045409100,4198,3110,1088
42045409200,4194,3164,1030
42045409300,2475,1827,648
42045409400,2907,2241,666
42045409500,4782,3643,1139
42045409601,4930,3680,1250
42045409602,4629,4009,620
42045409701,8507,6974,1533
42045409803,7282,5549,1733
42045409804,5927,4819,1108
42045409902,5860,4886,974
42045409903,3981,3140,841
42045409904,5161,4053,1108
42045410000,4283,3509,774
42045410101,3935,3121,814
42045410102,2969,2283,686
42045410200,3972,3113,859
42045410303,4810,3787,1023
42045410304,5053,3782,1271
42045410305,4928,4319,609
42045410306,3426,2916,510
42045410401,2910,2120,790
42045410402,3207,2540,667
42045410403,3457,2636,821
42045410500,5319,4037,1282
42045410601,3309,2622,687
42045410602,4782,3851,931
42045410700,5124,4018,1106
42045410800,8342,6275,2067
42045980100,1953,1798,155
42045980300,78,77,1
42047950100,1573,1308,265
42047950200,3115,2597,518
42047950400,4039,3170,869
42047950500,2404,1889,515
42047950900,2179,1793,386
42047951000,4942,4037,905
42047951100,5553,4571,982
42047951200,2005,1654,351
42047951300,5180,4210,970
42049000100,1724,1606,118
42049000200,3709,3169,540
42049000300,3684,3046,638
42049000400,2177,1666,511
42049000500,3059,2169,890
42049000600,3225,2273,952
42049000700,2437,1739,698
42049000800,2634,1986,648
42049000901,2440,1911,529
42049000902,2633,2397,236
42049001000,3258,2581,677
42049001100,2690,2058,632
42049001200,2347,1725,622
42049001300,1720,1078,642
42049001400,1504,1228,276
42049001500,2759,1611,1148
42049001600,3962,3017,945
42049001700,2675,1849,826
42049001800,2039,1392,647
42049001900,1601,1352,249
42049002000,3293,2375,918
42049002100,3577,2932,645
42049002200,3710,2974,736
42049002300,2572,1995,577
42049002400,2987,2301,686
42049002500,2420,1754,666
42049002600,4049,3006,1043
42049002700,6551,5414,1137
42049002800,6677,5736,941
42049002900,2771,2282,489
42049003000,3947,3235,712
42049010101,3076,2426,650
42049010103,1912,1485,427
42049010104,2356,1811,545
42049010107,1528,1151,377
42049010108,2279,2273,6
42049010201,5934,4611,1323
42049010202,5305,4276,1029
42049010301,4913,3894,1019
42049010303,6307,4772,1535
42049010304,4831,3796,1035
42049010400,4718,3825,893
42049010500,4084,3373,711
42049010700,3847,3100,747
42049010800,3531,2827,704
42049010902,4338,3557,781
42049010903,6854,5424,1430
42049010904,5132,3926,1206
42049011001,6788,5526,1262
42049011002,4581,3826,755
42049011101,5415,4265,1150
42049011102,3380,2807,573
42049011201,4478,3636,842
42049011202,7342,5984,1358
42049011300,3222,2472,750
42049011400,3820,2922,898
42049011503,3736,3049,687
42049011508,5082,3980,1102
42049011509,2681,2124,557
42049011510,3086,2485,601
42049011511,2050,1922,128
42049011600,4106,3095,1011
42049011701,2910,2386,524
42049011702,5422,4262,1160
42049011801,2609,1994,615
42049011802,3021,2379,642
42049011900,6210,4751,1459
42049012001,2526,2015,511
42049012002,2927,2213,714
42049012100,7438,5799,1639
42049012201,5901,4695,1206
42049012202,4964,4206,758
42049012400,1405,1164,241
42051260100,5420,4411,1009
42051260200,4043,3338,705
42051260300,3468,2778,690
42051260401,2315,1911,404
42051260402,4425,3660,765
42051260500,5781,4682,1099
42051260600,3993,3249,744
42051260700,3419,2652,767
42051260800,3612,2893,719
42051260900,4359,3604,755
42051261000,2378,1906,472
42051261100,2517,2040,477
42051261200,2202,1697,505
42051261300,6103,5418,685
42051261401,2415,1906,509
42051261402,2664,2168,496
42051261500,4098,3326,772
42051261600,2584,2130,454
42051261700,2749,2233,516
42051261800,3377,2805,572
42051261900,3329,2765,564
42051262000,5042,4279,763
42051262100,2559,2016,543
42051262200,3290,2628,662
42051262300,3365,2520,845
42051262400,3289,2686,603
42051262500,3118,2606,512
42051262600,2820,2258,562
42051262701,3355,2733,622
42051262702,2667,2209,458
42051262800,6861,5451,1410
42051262900,4669,3776,893
42051263000,3276,2600,676
42051263100,5610,4498,1112
42051263200,2206,1762,444
42051263300,1426,1114,312
42053530100,4361,4092,269
42053530200,2612,2231,381
42055010100,4251,3184,1067
42055010200,4669,3545,1124
42055010301,5844,4370,1474
42055010302,4099,3139,960
42055010401,4498,3481,1017
42055010402,5042,4064,978
42055010501,4679,3643,1036
42055010502,4217,3366,851
42055010600,6612,5285,1327
42055010701,4710,3995,715
42055010702,3305,2643,662
42055010800,3933,3267,666
42055010900,4936,3752,1184
42055011000,5890,4375,1515
42055011100,3946,3102,844
42055011200,3198,2345,853
42055011301,5346,4077,1269
42055011302,6028,4473,1555
42055011400,5917,4488,1429
42055011500,5969,4652,1317
42055011600,6068,4765,1303
42055011701,4871,3665,1206
42055011702,4205,3133,1072
42055011800,4251,3347,904
42055011900,6702,5195,1507
42055012001,3881,3145,736
42055012002,3017,2396,621
42055012100,4117,3122,995
42055012200,3559,2778,781
42055012300,4557,3456,1101
42055012400,2835,2210,625
42055012501,7230,5677,1553
42055012502,3550,2829,721
42057960100,4799,3721,1078
42057960200,5065,4056,1009
42057960300,4692,3737,955
42059970101,1451,1171,280
42059970102,5364,4240,1124
42059970200,3029,2473,556
42059970300,4034,3283,751
42059970400,3702,2893,809
42059970501,4404,3979,425
42059970502,3622,2845,777
42059970600,4006,3281,725
42059970700,2421,1963,458
42059970800,3921,3144,777
42061950100,1752,1430,322
42061950200,3597,2830,767
42061950301,4624,3644,980
42061950302,3312,3308,4
42061950400,6827,5758,1069
42061950500,3253,2549,704
42061950600,3998,3285,713
42061950800,3416,2735,681
42061950900,2308,1737,571
42061951000,2546,2043,503
42061951100,1811,1445,366
42061951200,4624,3676,948
42061951300,2024,1635,389
42063960100,3918,2976,942
42063960200,4830,3165,1665
42063960300,2324,1854,470
42063960400,3414,2724,690
42063960500,3203,2541,662
42063960600,4800,3866,934
42063960700,5249,4363,886
42063960800,3914,3198,716
42063960900,4771,4111,660
42063961000,2223,1809,414
42063961102,5988,5746,242
42063961103,2786,2405,381
42063961104,2038,1679,359
42063961200,2411,1932,479
42063961300,3766,3003,763
42063961400,3085,2424,661
42063961500,3817,3041,776
42063961600,4391,3589,802
42063961700,1730,1377,353
42063961800,1688,1311,377
42063961900,3957,3293,664
42063962000,3491,2850,641
42063962100,3214,2637,577
42063962200,2238,1832,406
42065950100,2276,1840,436
42065950200,3002,2375,627
42065950300,5525,4381,1144
42065950400,1876,1472,404
42065950500,2119,1685,434
42065950600,5589,4541,1048
42065950700,2549,1965,584
42065950800,3661,2937,724
42065950900,4008,3176,832
42065951000,4397,3138,1259
42065951100,3721,3038,683
42065951200,3187,2561,626
42065951300,2582,2137,445
42067070101,3340,2643,697
42067070102,3706,2960,746
42067070201,1770,1415,355
42067070202,5869,4613,1256
42067070300,5031,3719,1312
42067070400,3793,2993,800
42069100200,3456,3174,282
42069100300,4228,3912,316
42069100400,2039,1558,481
42069100500,2195,1766,429
42069100600,4270,3330,940
42069100800,3103,2584,519
42069100900,1571,1252,319
42069101000,3107,2560,547
42069101100,2520,1949,571
42069101200,2726,2163,563
42069101300,2714,2086,628
42069101400,2731,1990,741
42069101600,2529,1952,577
42069101700,3064,2458,606
42069101800,4573,3876,697
42069101900,1412,1122,290
42069102000,2133,1591,542
42069102100,2322,1807,515
42069102200,2412,1881,531
42069102300,3591,2692,899
42069102500,3246,2449,797
42069102600,2516,1881,635
42069102700,2866,2278,588
42069102800,2985,2582,403
42069102900,4163,2970,1193
42069103000,2158,1642,516
42069103100,1698,1415,283
42069110100,3068,2436,632
42069110201,3986,3224,762
42069110202,4629,3815,814
42069110300,4200,3361,839
42069110401,6884,5310,1574
42069110402,2912,2276,636
42069110403,3022,2501,521
42069110500,5201,4170,1031
42069110600,2888,2346,542
42069110700,2377,1862,515
42069110800,3394,2628,766
42069110900,3057,2392,665
42069111000,2150,1750,400
42069111100,7297,5864,1433
42069111200,6657,5433,1224
42069111300,4520,3698,822
42069111400,5383,4298,1085
42069111500,3367,2745,622
42069111600,2671,2243,428
42069111700,4065,3273,792
42069111801,3765,2980,785
42069111802,5154,4065,1089
42069112000,4366,3746,620
42069112100,4293,3564,729
42069112200,2645,2097,548
42069112300,2738,2296,442
42069112400,4213,3409,804
42069112500,6294,5083,1211
42069112600,5667,4594,1073
42069112700,2830,2346,484
42069112800,5959,4922,1037
42069112901,4096,3275,821
42069112902,5820,4675,1145
42071000100,2337,2037,300
42071000200,3019,2376,643
42071000300,4766,3678,1088
42071000400,4263,3618,645
42071000500,4238,3656,582
42071000600,3248,2773,475
42071000700,3401,2881,520
42071000800,3860,2802,1058
42071000900,3534,2626,908
42071001000,3829,2697,1132
42071001100,3460,2497,963
42071001200,5087,3945,1142
42071001400,5188,3578,1610
42071010102,3792,2907,885
42071010103,3555,2531,1024
42071010104,3901,2808,1093
42071010201,4840,3633,1207
42071010202,6021,4562,1459
42071010301,4592,3658,934
42071010302,5618,4301,1317
42071010400,5046,3894,1152
42071010501,4489,3451,1038
42071010502,7535,6191,1344
42071010601,4835,3729,1106
42071010602,5864,4550,1314
42071010701,6025,4699,1326
42071010702,5636,4793,843
42071010802,3361,2588,773
42071010803,4641,3998,643
42071010804,4303,3365,938
42071010901,4449,3533,916
42071010902,3876,3079,797
42071011000,2623,2110,513
42071011101,5028,3798,1230
42071011102,3656,2846,810
42071011200,1982,1453,529
42071011300,4076,3333,743
42071011400,4149,3263,886
42071011502,6066,4531,1535
42071011503,3994,3049,945
42071011504,6227,4807,1420
42071011505,3750,2993,757
42071011600,6184,4749,1435
42071011701,5077,4141,936
42071011704,4484,3537,947
42071011705,6543,5415,1128
42071011706,2974,2243,731
42071011707,5615,4320,1295
42071011801,3198,2458,740
42071011802,6132,4841,1291
42071011803,7183,5774,1409
42071011805,3143,2663,480
42071011806,3820,2909,911
42071011807,5415,4148,1267
42071011901,6662,4970,1692
42071011903,3977,3233,744
42071011904,4890,4155,735
42071012001,5247,4248,999
42071012002,4134,3374,760
42071012103,4121,3252,869
42071012105,3885,2965,920
42071012106,4335,3255,1080
42071012107,6681,5516,1165
42071012200,7096,5500,1596
42071012301,3545,2797,748
42071012302,3153,2476,677
42071012402,4171,3314,857
42071012403,4405,3466,939
42071012404,5943,4489,1454
42071012501,7029,5292,1737
42071012502,5654,4293,1361
42071012601,7557,5533,2024
42071012602,4609,3260,1349
42071012701,4039,2893,1146
42071012702,4017,3014,1003
42071012800,5743,4441,1302
42071012900,7144,5315,1829
42071013001,4471,3357,1114
42071013002,4089,2916,1173
42071013101,5204,3697,1507
42071013102,3717,2667,1050
42071013202,6042,4710,1332
42071013203,5470,4242,1228
42071013204,7226,5601,1625
42071013301,4471,3541,930
42071013303,5242,4445,797
42071013305,3507,3059,448
42071013306,5294,3906,1388
42071013400,3016,2487,529
42071013502,4675,3917,758
42071013503,2579,2105,474
42071013504,6492,4771,1721
42071013505,4371,3408,963
42071013601,3453,3054,399
42071013602,5183,4405,778
42071013701,5268,4096,1172
42071013703,6487,5107,1380
42071013704,3912,3037,875
42071013800,3850,3013,837
42071013901,5474,4216,1258
42071013902,3914,3051,863
42071014000,7574,5469,2105
42071014101,5652,3811,1841
42071014102,5672,3894,1778
42071014201,5657,3812,1845
42071014202,5837,4075,1762
42071014301,3181,2025,1156
42071014302,4648,3177,1471
42071014401,6995,5373,1622
42071014402,5082,3568,1514
42071014501,5221,3983,1238
42071014502,5775,4073,1702
42071014601,3936,2981,955
42071014603,3883,2604,1279
42071014604,4118,2879,1239
42071014700,4381,2916,1465
42073000100,4343,3474,869
42073000200,2020,1604,416
42073000300,3698,2799,899
42073000400,1776,1336,440
42073000600,950,745,205
42073000700,1808,1433,375
42073000800,4020,3171,849
42073000900,1692,1261,431
42073001000,1619,1302,317
42073010100,3790,3050,740
42073010201,3609,2999,610
42073010202,4983,3830,1153
42073010300,2092,1838,254
42073010400,3102,2474,628
42073010500,2708,2199,509
42073010600,2260,1898,362
42073010700,2746,2158,588
42073010800,6234,5036,1198
42073010900,2913,2349,564
42073011000,4798,3877,921
42073011100,3961,3279,682
42073011200,2423,1923,500
42073011300,4158,3275,883
42073011400,1931,1597,334
42073011500,3960,3282,678
42073011600,3895,3161,734
42073011700,1992,1640,352
42073011800,2589,2066,523
42075000100,5172,3864,1308
42075000200,5243,4180,1063
42075000300,4309,3075,1234
42075000401,4173,2975,1198
42075000402,4140,2955,1185
42075000500,3777,2853,924
42075002000,2991,2399,592
42075002100,5132,3928,1204
42075002200,6699,5048,1651
42075002300,2658,2119,539
42075002400,2269,1830,439
42075002500,4757,4006,751
42075002600,2013,1606,407
42075002701,6007,4762,1245
42075002702,6034,4775,1259
42075002801,4940,3923,1017
42075002802,4408,3262,1146
42075002900,3094,2396,698
42075003000,5864,4386,1478
42075003100,4095,2922,1173
42075003200,5402,4074,1328
42075003300,2336,1887,449
42075003400,2678,2172,506
42075003500,5629,4480,1149
42075003600,3693,2678,1015
42075003700,3438,2655,783
42075003801,3597,2859,738
42075003802,5314,4269,1045
42075003901,3802,3103,699
42075003902,4028,3145,883
42075004000,8776,6821,1955
42075004100,2185,1894,291
42075004200,4604,3933,671
42077000101,3974,3172,802
42077000102,4551,3488,1063
42077000400,3790,2746,1044
42077000500,2709,1849,860
42077000600,6235,4591,1644
42077000700,4222,2876,1346
42077000800,4322,2945,1377
42077000900,1994,1437,557
42077001000,3279,2238,1041
42077001200,2324,1903,421
42077001401,8022,6011,2011
42077001402,2259,1883,376
42077001501,7159,5191,1968
42077001502,7566,5834,1732
42077001600,3742,2685,1057
42077001700,5039,3458,1581
42077001800,5086,3618,1468
42077001900,4633,3714,919
42077002000,5857,4188,1669
42077002100,7406,5609,1797
42077002201,4759,3755,1004
42077002202,4023,3578,445
42077002302,3216,2766,450
42077002303,2769,2279,490
42077002304,4509,3741,768
42077005100,4283,3272,1011
42077005200,6551,5453,1098
42077005301,3324,2623,701
42077005302,4232,3326,906
42077005401,2292,1818,474
42077005402,4976,3928,1048
42077005503,4166,3396,770
42077005504,4595,3672,923
42077005505,3210,2584,626
42077005506,3684,2889,795
42077005601,5365,4264,1101
42077005602,5423,4450,973
42077005702,4747,3798,949
42077005703,3990,3047,943
42077005704,3561,2745,816
42077005705,6087,4948,1139
42077005800,3348,2709,639
42077005901,6518,5087,1431
42077005902,1689,1364,325
42077006001,4894,3901,993
42077006002,6313,4923,1390
42077006101,4196,3613,583
42077006102,5677,4445,1232
42077006203,9604,7419,2185
42077006204,3964,3161,803
42077006205,5355,4032,1323
42077006206,7454,5364,2090
42077006302,7818,5773,2045
42077006303,3257,2618,639
42077006304,4023,3147,876
42077006305,6915,5320,1595
42077006309,3896,3085,811
42077006310,4970,3999,971
42077006311,4150,3077,1073
42077006312,3250,2625,625
42077006401,2846,2346,500
42077006402,4883,3879,1004
42077006500,5775,4579,1196
42077006600,5925,4772,1153
42077006701,4796,3841,955
42077006702,2776,2270,506
42077006703,6049,4907,1142
42077006800,4832,3841,991
42077006902,2449,1958,491
42077006903,6957,5552,1405
42077006905,5468,4210,1258
42077006906,4546,3608,938
42077007000,3861,3106,755
42077009100,3741,3295,446
42077009200,3846,3221,625
42077009300,3386,2744,642
42077009400,4118,3178,940
42077009500,4681,3824,857
42077009601,3106,2440,666
42077009602,5360,3871,1489
42077009700,3934,3063,871
42079200100,3960,3798,162
42079200200,3683,2935,748
42079200300,1867,1452,415
42079200400,2632,1953,679
42079200500,2662,2175,487
42079200600,2253,1752,501
42079200700,3721,2795,926
42079200800,3740,2907,833
42079200900,3252,2466,786
42079201000,2858,1966,892
42079201100,1342,1003,339
42079201200,2686,2370,316
42079201300,2253,1777,476
42079201400,2390,1895,495
42079201500,2320,1771,549
42079201600,2739,2288,451
42079210100,3186,2656,530
42079210200,2539,2156,383
42079210300,2507,2105,402
42079210400,1329,1116,213
42079210500,5036,4100,936
42079210600,2704,2209,495
42079210700,1742,1295,447
42079210800,3145,2548,597
42079211000,4652,3765,887
42079211101,5514,4478,1036
42079211102,2051,1735,316
42079211201,2694,2158,536
42079211203,1716,1391,325
42079211204,6630,5484,1146
42079211205,2469,2068,401
42079211301,4631,4185,446
42079211302,3346,2692,654
42079211303,2788,2401,387
42079211304,1993,1595,398
42079211400,7108,5847,1261
42079211500,2638,2207,431
42079211600,3102,2547,555
42079211701,4921,4152,769
42079211702,1451,1217,234
42079211800,1981,1783,198
42079211900,5995,5148,847
42079212000,1832,1519,313
42079212100,4239,3483,756
42079212200,5021,4213,808
42079212300,2711,2299,412
42079212700,5217,4033,1184
42079212800,3441,2817,624
42079212900,1451,1155,296
42079213000,1479,1173,306
42079213100,1761,1467,294
42079213200,4929,3756,1173
42079213300,1582,1312,270
42079213400,4225,3508,717
42079213600,2153,1654,499
42079213700,2005,1577,428
42079213800,1605,1204,401
42079213900,1717,1399,318
42079214100,3500,2773,727
42079214200,2950,2362,588
42079214300,2121,1720,401
42079214400,2057,1648,409
42079214500,1742,1417,325
42079214600,4095,3209,886
42079214900,1458,1157,301
42079215000,1528,1209,319
42079215100,2596,2123,473
42079215200,3183,2704,479
42079215300,3982,3332,650
42079215400,2489,2029,460
42079215501,4703,3625,1078
42079215502,5722,4657,1065
42079215503,3632,2785,847
42079215504,3796,3110,686
42079215600,4433,3641,792
42079215701,2223,1854,369
42079215702,2667,2176,491
42079215800,2726,2242,484
42079215900,3485,2860,625
42079216100,4027,3293,734
42079216200,5035,4123,912
42079216400,1909,1625,284
42079216501,1825,1514,311
42079216502,3846,3130,716
42079216601,3239,2779,460
42079216602,6246,5043,1203
42079216700,3833,2887,946
42079216800,3516,2994,522
42079216900,4696,3890,806
42079217001,2339,1858,481
42079217002,3125,2536,589
42079217100,3908,2901,1007
42079217200,3906,2801,1105
42079217300,3671,2998,673
42079217400,1751,1285,466
42079217500,3380,2464,916
42079217600,3721,2721,1000
42079217700,5490,4088,1402
42079217800,4136,2958,1178
42079217900,5163,3856,1307
42079218000,4150,3168,982
42081000100,3254,2537,717
42081000200,2130,1610,520
42081000300,5766,4431,1335
42081000400,3902,3002,900
42081000500,2555,2195,360
42081000600,2475,2036,439
42081000800,2276,2042,234
42081000900,2301,1763,538
42081001000,3095,2297,798
42081010100,2193,1775,418
42081010200,1014,878,136
42081010300,3253,2584,669
42081010400,4931,4055,876
42081010501,1797,1476,321
42081010502,3804,3034,770
42081010600,4318,3409,909
42081010700,6247,4884,1363
42081010800,7191,5715,1476
42081010900,2834,2234,600
42081011000,4750,3730,1020
42081011100,5697,4477,1220
42081011200,5864,4840,1024
42081011301,2046,1701,345
42081011302,4975,4135,840
42081011400,1654,1302,352
42081011601,1200,949,251
42081011603,2225,1773,452
42081011604,4036,3182,854
42081011701,4256,3431,825
42081011702,3301,2457,844
42081011800,3154,2459,695
42081011900,5694,4407,1287
42083420100,3318,2708,610
42083420200,2778,2066,712
42083420300,2459,1827,632
42083420400,2611,2063,548
42083420500,2851,2330,521
42083420600,5152,4119,1033
42083420700,4357,3265,1092
42083420800,3640,2911,729
42083420900,2069,1664,405
42083421000,5378,4737,641
42083421100,3501,2828,673
42083421200,2318,1803,515
42085030100,1934,1413,521
42085030300,3182,2531,651
42085030400,2701,2144,557
42085030500,2385,1902,483
42085030900,2562,2157,405
42085031100,1532,1184,348
42085031200,5487,4529,958
42085031300,2618,2182,436
42085031400,5472,4612,860
42085031700,2476,1978,498
42085031800,4729,3728,1001
42085031900,4682,3899,783
42085032000,4850,4002,848
42085032100,2752,2305,447
42085032200,2788,2174,614
42085032300,3229,2637,592
42085032401,1477,1173,304
42085032402,1641,1271,370
42085032403,2520,2059,461
42085032502,2199,1775,424
42085032503,1652,1212,440
42085032504,2796,2243,553
42085032505,1458,1152,306
42085032601,5741,4674,1067
42085032602,4779,4120,659
42085032701,4340,3524,816
42085032702,2471,1868,603
42085032801,3519,2894,625
42085032802,1957,1420,537
42085032900,3191,2485,706
42085033000,4728,4150,578
42085033100,4678,3595,1083
42085033200,2945,2147,798
42085033300,2881,2170,711
42085033400,2300,1719,581
42087960100,4018,3096,922
42087960200,4112,3152,960
42087960300,5627,3845,1782
42087960400,2847,2307,540
42087960500,3596,2866,730
42087960600,5193,4196,997
42087960700,2342,1825,517
42087960800,3865,2974,891
42087960900,2372,1924,448
42087961000,1991,1583,408
42087961101,3413,2851,562
42087961102,3799,3092,707
42087961200,2968,2346,622
42089300101,3678,2951,727
42089300103,3587,2862,725
42089300104,3020,2354,666
42089300201,4053,3378,675
42089300203,3089,2472,617
42089300204,2899,2338,561
42089300308,2882,2293,589
42089300311,2126,1814,312
42089300312,2111,1723,388
42089300313,1956,1647,309
42089300314,2343,1865,478
42089300315,3223,2521,702
42089300316,3814,2981,833
42089300317,3965,3017,948
42089300318,1926,1402,524
42089300319,2874,2145,729
42089300320,1738,1462,276
42089300321,2340,1819,521
42089300322,2948,2107,841
42089300323,1911,1341,570
42089300401,4670,3832,838
42089300404,5104,4075,1029
42089300405,1110,883,227
42089300406,3153,2597,556
42089300407,3425,2792,633
42089300501,3267,2778,489
42089300502,5375,4201,1174
42089300600,4398,3426,972
42089300700,5271,4621,650
42089300801,2640,2115,525
42089300802,3287,2607,680
42089300901,4600,3632,968
42089300902,1670,1354,316
42089301002,2753,2274,479
42089301003,3203,2355,848
42089301004,4691,3492,1199
42089301005,2917,2312,605
42089301101,5690,4711,979
42089301102,2907,2448,459
42089301202,4572,3700,872
42089301203,5475,4506,969
42089301204,4162,3227,935
42089301206,3299,2557,742
42089301207,4690,3705,985
42089301302,2596,2208,388
42089301303,3358,2689,669
42089301304,4115,3250,865
42089301403,2998,2380,618
42089301404,1719,1365,354
42089301405,3348,2619,729
42089301406,1381,1068,313
42091200103,4396,3280,1116
42091200104,4446,3377,1069
42091200105,2965,2235,730
42091200106,2110,1744,366
42091200200,1272,1016,256
42091200301,6749,5332,1417
42091200305,2237,1790,447
42091200306,3781,2979,802
42091200307,3387,2807,580
42091200308,4184,3302,882
42091200309,2770,2134,636
42091200310,3008,2434,574
42091200401,3741,3061,680
42091200402,4497,3570,927
42091200501,4091,3204,887
42091200502,5653,4445,1208
42091200505,6940,5618,1322
42091200506,4458,3489,969
42091200507,5422,4334,1088
42091200602,8218,6547,1671
42091200603,3762,3026,736
42091200605,6280,5180,1100
42091200606,3132,2494,638
42091200607,4470,3523,947
42091200703,4656,3724,932
42091200704,3491,2840,651
42091200707,4347,3422,925
42091200708,6146,5086,1060
42091200800,3496,2713,783
42091200901,4681,3593,1088
42091200902,1367,1044,323
42091200903,5193,4203,990
42091200906,2191,1744,447
42091200907,2736,2078,658
42091200908,2605,2063,542
42091201003,5245,4246,999
42091201004,5857,4929,928
42091201005,3521,2789,732
42091201006,2449,2077,372
42091201100,3426,2776,650
42091201201,6474,5258,1216
42091201203,3313,2679,634
42091201204,2289,1860,429
42091201301,3531,2835,696
42091201302,3276,2460,816
42091201404,4868,3854,1014
42091201406,5085,3884,1201
42091201407,2604,1957,647
42091201408,4400,3432,968
42091201409,4423,3388,1035
42091201410,2552,2012,540
42091201411,2733,2098,635
42091201501,3810,3157,653
42091201502,2070,1619,451
42091201603,4770,3664,1106
42091201604,3178,2506,672
42091201605,3265,2483,782
42091201606,2415,1788,627
42091201607,3604,2763,841
42091201608,4944,3795,1149
42091201703,3107,2423,684
42091201704,3564,2733,831
42091201705,4530,3477,1053
42091201706,4743,3608,1135
42091201800,3603,2977,626
42091201901,5066,3982,1084
42091201902,5833,4730,1103
42091202000,2638,2106,532
42091202100,4719,3661,1058
42091202201,4821,3717,1104
42091202202,3115,2396,719
42091202301,4544,3686,858
42091202302,2390,1949,441
42091202401,3252,2607,645
42091202402,4957,3795,1162
42091202500,6260,5382,878
42091202602,2670,2266,404
42091202603,3096,2491,605
42091202604,2347,1893,454
42091203000,3421,2584,837
42091203103,3530,2715,815
42091203104,4484,3564,920
42091203105,5888,4545,1343
42091203106,2384,2032,352
42091203203,4262,3222,1040
42091203204,7350,5833,1517
42091203205,2245,1708,537
42091203207,3375,2609,766
42091203208,3101,2507,594
42091203302,6197,5140,1057
42091203303,4055,3563,492
42091203304,3769,3269,500
42091203401,6348,5408,940
42091203402,6606,5692,914
42091203403,3247,2872,375
42091203500,6365,4891,1474
42091203601,3068,2158,910
42091203602,4037,3156,881
42091203701,1620,1389,231
42091203801,3746,2740,1006
42091203803,5956,4196,1760
42091203804,3439,2332,1107
42091203901,3529,2433,1096
42091203902,3988,3020,968
42091204002,3571,2739,832
42091204007,2446,1866,580
42091204008,3160,2549,611
42091204009,2201,1796,405
42091204010,2622,1996,626
42091204101,4493,3771,722
42091204103,2076,1924,152
42091204104,2692,2287,405
42091204200,1493,1279,214
42091204300,3259,2615,644
42091204400,3559,2490,1069
42091204500,4988,3647,1341
42091204600,4941,3555,1386
42091204701,2282,1855,427
42091204702,3531,2632,899
42091204800,5406,4122,1284
42091204900,5540,4257,1283
42091205000,2675,2330,345
42091205100,1993,1712,281
42091205200,2863,2303,560
42091205300,2219,1854,365
42091205401,2315,1766,549
42091205402,4794,3774,1020
42091205501,3846,3056,790
42091205502,3812,2764,1048
42091205503,5610,4320,1290
42091205600,4492,3423,1069
42091205700,5015,3898,1117
42091205805,3420,2681,739
42091205806,2213,1685,528
42091205807,1826,1516,310
42091205808,5586,4433,1153
42091205809,2767,2206,561
42091205810,4179,3636,543
42091205811,2525,2356,169
42091205903,2670,2134,536
42091205904,2331,1896,435
42091205905,3892,3109,783
42091205906,2192,1722,470
42091206004,5626,4705,921
42091206005,4502,3559,943
42091206006,3356,2890,466
42091206007,6093,4631,1462
42091206104,3938,3016,922
42091206105,6187,4448,1739
42091206106,4524,3546,978
42091206107,6775,5282,1493
42091206108,2667,2037,630
42091206201,2727,2223,504
42091206202,2213,1728,485
42091206300,5043,4201,842
42091206400,4002,3093,909
42091206501,4147,3044,1103
42091206502,4812,3608,1204
42091206600,1296,1015,281
42091206703,4239,3329,910
42091206704,6980,5266,1714
42091206801,7192,5681,1511
42091206802,3125,2417,708
42091206901,4421,3499,922
42091206904,6018,4959,1059
42091206905,4632,3597,1035
42091206906,2938,2405,533
42091207001,8059,6137,1922
42091207003,3178,2598,580
42091207004,4659,3677,982
42091207101,6133,4828,1305
42091207103,4093,3130,963
42091207104,3033,2624,409
42091207201,2566,1977,589
42091207202,4625,3560,1065
42091207300,2729,2119,610
42091207400,3035,2330,705
42091207500,3172,2525,647
42091207600,4010,3165,845
42091207800,8350,6355,1995
42091207900,2496,1998,498
42091208000,3889,2901,988
42091208100,3166,2362,804
42091208201,2180,1826,354
42091208203,5050,3724,1326
42091208204,3355,2628,727
42091208301,2523,2028,495
42091208303,5143,3785,1358
42091208304,5307,3738,1569
42091208400,3703,3026,677
42091208500,4830,3788,1042
42091208601,7658,5637,2021
42091208603,6555,5138,1417
42091208604,6245,4837,1408
42091208702,3471,2757,714
42091208703,3936,3196,740
42091208704,4810,3417,1393
42091208801,1512,1160,352
42091208802,3142,2501,641
42091208901,3702,2945,757
42091208903,3017,2278,739
42091208904,3425,2523,902
42091208905,2791,2228,563
42091208906,4194,3179,1015
42091209000,1650,1130,520
42091209100,5870,4510,1360
42091209201,1584,1238,346
42091209202,2214,1715,499
42091210100,4384,3257,1127
42091210200,2902,2224,678
42091210300,4002,3172,830
42091210400,4946,3931,1015
42091210500,4580,3609,971
42091210600,4256,3428,828
42091210700,6048,4684,1364
42091980100,3170,3163,7
42093050100,3754,2790,964
42093050200,4533,3700,833
42093050300,4239,3418,821
42093050400,5610,4485,1125
42095010100,4136,3199,937
42095010200,3904,3301,603
42095010300,3237,2768,469
42095010400,5396,4344,1052
42095010500,4217,2892,1325
42095010601,4059,3318,741
42095010602,3581,2888,693
42095010700,4983,4125,858
42095010800,2560,2289,271
42095010900,3689,2698,991
42095011000,3223,2781,442
42095011100,2968,2938,30
42095011200,5797,4347,1450
42095011300,4256,3312,944
42095014100,5917,5307,610
42095014200,6106,4412,1694
42095014300,4441,3394,1047
42095014400,2679,2396,283
42095014500,3334,2464,870
42095014600,3075,2252,823
42095014700,2575,1965,610
42095015202,3208,2527,681
42095015203,3560,2698,862
42095015300,5148,4166,982
42095015400,2921,2490,431
42095015500,6263,5218,1045
42095015600,3510,2749,761
42095015700,2820,2320,500
42095015801,5260,4192,1068
42095015802,3222,2478,744
42095015901,5591,4686,905
42095015902,3954,3213,741
42095016001,6180,5096,1084
42095016002,4594,3755,839
42095016100,2067,1646,421
42095016201,5884,4596,1288
42095016202,4511,3561,950
42095016300,2971,2373,598
42095016400,5456,4452,1004
42095016500,5013,4185,828
42095016600,2808,2121,687
42095016700,8127,6370,1757
42095016801,4216,3399,817
42095016802,1837,1506,331
42095016901,3388,2616,772
42095016902,3534,2721,813
42095017000,2122,1654,468
42095017101,6598,5109,1489
42095017103,5690,4519,1171
42095017104,3721,3014,707
42095017200,6903,5309,1594
42095017300,2593,2064,529
42095017402,3992,3257,735
42095017403,6389,5142,1247
42095017404,2146,1741,405
42095017501,4326,3577,749
42095017502,5529,4449,1080
42095017603,3877,3179,698
42095017604,4545,3741,804
42095017605,4343,3628,715
42095017606,4828,3877,951
42095017607,8278,6891,1387
42095017702,2370,1888,482
42095017703,3013,2475,538
42095017704,6400,5280,1120
42095017800,2875,2151,724
42095017901,3920,3133,787
42095017902,2212,1794,418
42095018001,4136,3378,758
42095018003,3225,2602,623
42095018004,3733,2935,798
42095018100,6954,5760,1194
42095018200,3434,2901,533
42095018300,4623,3704,919
42097080100,4436,3457,979
42097080200,6833,5454,1379
42097080301,2268,1818,450
42097080302,4373,3381,992
42097080400,3241,2675,566
42097080500,3832,3160,672
42097080600,3911,3102,809
42097080700,3239,2504,735
42097080800,6884,5607,1277
42097080900,3060,2593,467
42097081000,3039,2388,651
42097081100,2686,2133,553
42097081200,5841,5227,614
42097081300,2286,1818,468
42097081400,2012,1658,354
42097081500,2118,1649,469
42097081600,2521,1913,608
42097081700,2303,1675,628
42097081800,3350,2641,709
42097081900,5882,4801,1081
42097082000,3715,2817,898
42097082100,2374,1889,485
42097082200,3630,2773,857
42097082300,5055,3919,1136
42097082400,2758,2223,535
42099030100,5031,3885,1146
42099030201,2565,2070,495
42099030202,5065,3885,1180
42099030301,4575,3666,909
42099030302,4559,3650,909
42099030400,4852,3949,903
42099030501,5301,4249,1052
42099030502,6046,4823,1223
42099030601,4712,3522,1190
42099030602,3136,2218,918
42101000101,2329,2225,104
42101000102,3511,3326,185
42101000200,3367,2941,426
42101000300,4501,4180,321
42101000401,3123,2972,151
42101000403,1139,1094,45
42101000404,3822,3713,109
42101000500,3614,3489,125
42101000600,2317,2253,64
42101000701,2722,2638,84
42101000702,2012,1943,69
42101000801,1748,1575,173
42101000803,4463,4282,181
42101000805,2587,2482,105
42101000806,2702,2558,144
42101000901,2409,2326,83
42101000902,2842,2722,120
42101001001,2993,2737,256
42101001002,4651,4245,406
42101001101,4297,4026,271
42101001102,2800,2549,251
42101001201,3953,3404,549
42101001203,1827,1704,123
42101001204,4014,3716,298
42101001301,1671,1425,246
42101001302,5102,4267,835
42101001400,4736,4128,608
42101001500,3338,2822,516
42101001600,2665,2268,397
42101001700,2997,2447,550
42101001800,3476,2909,567
42101001900,4083,3504,579
42101002000,2537,2137,400
42101002100,2462,2130,332
42101002200,2750,2308,442
42101002300,3043,2582,461
42101002400,5624,4773,851
42101002500,4393,3465,928
42101002701,4200,3456,744
42101002702,4268,3586,682
42101002801,4364,3470,894
42101002802,5375,4524,851
42101002900,4351,3748,603
42101003001,4188,3480,708
42101003002,3529,3118,411
42101003100,5089,4342,747
42101003200,4511,3674,837
42101003300,6307,4780,1527
42101003600,6571,4771,1800
42101003701,6106,4851,1255
42101003702,3678,2877,801
42101003800,3820,3179,641
42101003901,6219,5260,959
42101003902,5697,4780,917
42101004001,4477,3876,601
42101004002,5359,4429,930
42101004101,7166,5470,1696
42101004103,4273,3082,1191
42101004104,4561,3387,1174
42101004201,5287,4362,925
42101004202,5261,4165,1096
42101005400,1191,1002,189
42101005500,5498,4328,1170
42101005600,1061,759,302
42101006000,6607,5035,1572
42101006100,3380,2508,872
42101006200,4498,3213,1285
42101006300,4022,2826,1196
42101006400,4549,3272,1277
42101006500,4663,3607,1056
42101006600,3592,2699,893
42101006700,7450,5365,2085
42101007000,3892,2883,1009
42101007101,2437,1819,618
42101007102,4674,3467,1207
42101007200,4502,3430,1072
42101007300,3207,2560,647
42101007400,4225,3310,915
42101007700,2302,2146,156
42101007800,4358,3921,437
42101007900,4722,3999,723
42101008000,3942,3295,647
42101008101,2715,2013,702
42101008102,5034,3708,1326
42101008200,6935,5378,1557
42101008301,4310,3453,857
42101008302,4998,3764,1234
42101008400,4611,3515,1096
42101008500,6773,5367,1406
42101008601,3212,2766,446
42101008602,3452,2927,525
42101008701,4347,3753,594
42101008702,3441,3114,327
42101008801,1600,1557,43
42101008802,6580,6201,379
42101009000,7694,7483,211
42101009100,3934,3674,260
42101009200,3974,3269,705
42101009300,4261,3241,1020
42101009400,3766,2777,989
42101009500,3289,2405,884
42101009600,4275,3219,1056
42101009801,2206,1712,494
42101009802,5495,4218,1277
42101010000,4397,3459,938
42101010100,5640,4362,1278
42101010200,3147,2272,875
42101010300,2572,1915,657
42101010400,3573,2647,926
42101010500,3363,2584,779
42101010600,1476,1129,347
42101010700,3479,2583,896
42101010800,3936,3054,882
42101010900,2641,2145,496
42101011000,3378,2648,730
42101011100,3537,2726,811
42101011200,5598,4070,1528
42101011300,2834,2216,618
42101011400,6320,4906,1414
42101011500,4104,3214,890
42101011700,1893,1770,123
42101011800,5491,4500,991
42101011900,5016,3939,1077
42101012000,1943,1733,210
42101012100,2817,2498,319
42101012201,2893,2772,121
42101012203,658,618,40
42101012204,3694,3293,401
42101012501,2935,2848,87
42101012502,5141,4865,276
42101013100,1709,1314,395
42101013200,3221,2597,624
42101013300,4057,3651,406
42101013401,2971,2729,242
42101013402,3635,3243,392
42101013500,4252,3550,702
42101013601,2911,2576,335
42101013602,3776,3270,506
42101013701,2122,1874,248
42101013702,3913,3394,519
42101013800,2126,1766,360
42101013900,2520,2013,507
42101014000,5456,4717,739
42101014100,3088,2630,458
42101014201,3497,3138,359
42101014202,2309,2170,139
42101014300,1937,1720,217
42101014400,5111,4512,599
42101014500,2718,2286,432
42101014600,7477,7078,399
42101014700,4781,4100,681
42101014800,1099,873,226
42101014900,3765,2943,822
42101015101,2217,1633,584
42101015102,4154,3124,1030
42101015200,5509,3642,1867
42101015300,7943,7044,899
42101015600,1902,1547,355
42101015700,2924,2489,435
42101015800,6575,5680,895
42101016001,2695,2285,410
42101016002,4236,3682,554
42101016100,6583,5646,937
42101016200,2078,1536,542
42101016300,3243,2419,824
42101016400,4181,3005,1176
42101016500,2477,1770,707
42101016600,1838,1540,298
42101016701,2833,2069,764
42101016702,2908,2203,705
42101016800,3565,2644,921
42101016901,3125,2387,738
42101016902,5030,3781,1249
42101017000,3126,2656,470
42101017100,3722,2900,822
42101017201,2903,2235,668
42101017202,3729,2825,904
42101017300,2872,2158,714
42101017400,2307,1708,599
42101017500,6711,4840,1871
42101017601,5027,3689,1338
42101017602,3573,2586,987
42101017701,3552,2443,1109
42101017702,4582,3266,1316
42101017800,6246,4400,1846
42101017900,6152,4319,1833
42101018001,2485,2010,475
42101018002,5439,4432,1007
42101018300,4326,3402,924
42101018400,2278,1733,545
42101018801,4445,3191,1254
42101018802,3570,2490,1080
42101019000,7806,5450,2356
42101019100,8237,6107,2130
42101019200,7661,5302,2359
42101019501,4689,3436,1253
42101019502,3494,2494,1000
42101019700,6416,4628,1788
42101019800,5763,4127,1636
42101019900,4389,3213,1176
42101020000,1277,988,289
42101020101,3750,2818,932
42101020102,3490,2647,843
42101020200,4932,3865,1067
42101020300,2786,2169,617
42101020400,3052,2245,807
42101020500,2728,2097,631
42101020600,2043,1796,247
42101020701,3863,3399,464
42101020702,2464,2149,315
42101020800,2490,2356,134
42101020900,3165,2710,455
42101021000,5470,4915,555
42101021100,2656,2241,415
42101021200,2423,2060,363
42101021300,3573,3113,460
42101021400,4217,3854,363
42101021500,4135,3674,461
42101021600,2251,1971,280
42101021700,5783,4759,1024
42101021800,4424,3763,661
42101021900,1492,1263,229
42101022000,1446,1269,177
42101023100,1285,1039,246
42101023500,1108,928,180
42101023600,2698,2264,434
42101023700,4850,4056,794
42101023800,4441,3757,684
42101023900,1857,1735,122
42101024000,3808,3124,684
42101024100,1343,1201,142
42101024200,4113,3148,965
42101024300,3878,3033,845
42101024400,3152,2333,819
42101024500,4251,3150,1101
42101024600,2956,2158,798
42101024700,4489,3309,1180
42101024800,1912,1421,491
42101024900,3412,2459,953
42101025200,7267,5516,1751
42101025300,3859,2976,883
42101025400,4152,3457,695
42101025500,2667,2170,497
42101025600,2609,2221,388
42101025700,3456,3013,443
42101025800,1663,1420,243
42101025900,4674,3837,837
42101026000,2850,2305,545
42101026100,3060,2587,473
42101026200,4076,3365,711
42101026301,3726,3011,715
42101026302,5353,4285,1068
42101026400,5199,4213,986
42101026500,4285,3387,898
42101026600,6409,5050,1359
42101026700,6617,5037,1580
42101026800,4651,3726,925
42101026900,2231,1829,402
42101027000,2270,1858,412
42101027100,2353,1900,453
42101027200,4256,3374,882
42101027300,5951,4514,1437
42101027401,3298,2481,817
42101027402,6499,4785,1714
42101027500,4503,3440,1063
42101027600,3546,2876,670
42101027700,4918,3804,1114
42101027800,4655,3728,927
42101027901,3796,2759,1037
42101027902,3572,3089,483
42101028000,4180,3207,973
42101028100,3362,2646,716
42101028200,4696,3655,1041
42101028300,6294,4802,1492
42101028400,3811,2779,1032
42101028500,2303,1691,612
42101028600,6668,4692,1976
42101028700,2371,1721,650
42101028800,4251,3008,1243
42101028901,3932,2780,1152
42101028902,6047,4352,1695
42101029000,6195,4611,1584
42101029100,4826,3431,1395
42101029200,4205,3168,1037
42101029300,3026,2120,906
42101029400,3308,2403,905
42101029800,4847,3438,1409
42101029900,4617,3104,1513
42101030000,7402,5342,2060
42101030100,6215,4600,1615
42101030200,7431,5384,2047
42101030501,5450,3960,1490
42101030502,5847,4278,1569
42101030600,7142,5579,1563
42101030700,3743,2952,791
42101030800,5138,3908,1230
42101030900,4137,3033,1104
42101031000,7266,5428,1838
42101031101,5194,3668,1526
42101031102,4618,3251,1367
42101031200,4804,3413,1391
42101031300,7416,5301,2115
42101031401,7456,5291,2165
42101031402,5956,4385,1571
42101031501,7381,5305,2076
42101031502,4746,3362,1384
42101031600,6729,4871,1858
42101031700,6597,4837,1760
42101031800,4093,3034,1059
42101031900,5133,3728,1405
42101032000,7327,5317,2010
42101032100,3985,2921,1064
42101032300,4078,2951,1127
42101032500,6210,4597,1613
42101032600,7761,5618,2143
42101032900,4431,3378,1053
42101033000,8213,5747,2466
42101033101,5398,3894,1504
42101033102,4478,3423,1055
42101033200,3292,2330,962
42101033300,4339,3706,633
42101033400,5447,4327,1120
42101033500,4214,3276,938
42101033600,8155,6169,1986
42101033701,5672,4469,1203
42101033702,5679,4432,1247
42101033800,6285,4936,1349
42101033900,3106,2440,666
42101034000,2971,2342,629
42101034100,5829,4664,1165
42101034200,3732,3109,623
42101034400,7814,6303,1511
42101034501,3783,3146,637
42101034502,5928,4649,1279
42101034600,2840,2370,470
42101034701,6736,5449,1287
42101034702,3896,3116,780
42101034801,4553,3677,876
42101034802,5570,4321,1249
42101034803,4516,3636,880
42101034900,5740,4399,1341
42101035100,4268,3918,350
42101035200,4871,4069,802
42101035301,5260,4179,1081
42101035302,4719,3840,879
42101035500,8239,6466,1773
42101035601,5794,4833,961
42101035602,3693,2962,731
42101035701,5528,4254,1274
42101035702,5181,3926,1255
42101035800,6282,5087,1195
42101035900,5361,4503,858
42101036000,3247,2710,537
42101036100,4029,3159,870
42101036201,5093,4134,959
42101036202,6191,4875,1316
42101036203,5134,4038,1096
42101036301,3843,2990,853
42101036302,3712,2744,968
42101036303,6695,5228,1467
42101036400,971,941,30
42101036501,5698,4711,987
42101036502,4130,3284,846
42101036600,2171,1991,180
42101036700,3856,3431,425
42101036902,6598,6378,220
42101037200,4524,3656,868
42101037300,5913,4978,935
42101037500,4074,3347,727
42101037600,3664,3332,332
42101037700,4583,3683,900
42101037800,2389,2059,330
42101037900,5313,4308,1005
42101038000,2502,1868,634
42101038100,753,565,188
42101038200,2801,2057,744
42101038301,2663,2053,610
42101038400,2411,1984,427
42101038500,1855,1591,264
42101038600,1338,1092,246
42101038700,2249,1944,305
42101038800,3883,3187,696
42101038900,2988,2391,597
42101039001,3979,2770,1209
42101039002,4421,3123,1298
42101039100,2577,1706,871
42101980200,336,323,13
42101989100,3688,3666,22
42101989300,65,57,8
42103950102,2528,2062,466
42103950103,2362,1855,507
42103950104,2537,2171,366
42103950202,1532,1259,273
42103950203,1652,1414,238
42103950204,1888,1598,290
42103950302,761,673,88
42103950303,1467,1248,219
42103950304,978,863,115
42103950501,1619,1353,266
42103950503,1884,1562,322
42103950504,1912,1637,275
42103950601,1523,1237,286
42103950603,1103,958,145
42103950606,6089,4808,1281
42103950607,2797,2181,616
42103950608,3604,2804,800
42103950701,3751,2911,840
42103950702,3702,2959,743
42103950803,1430,1161,269
42103950804,3727,2990,737
42103950805,2903,2304,599
42103950806,2783,2105,678
42103950901,2512,2086,426
42103950902,1491,1248,243
42105950101,2240,1726,514
42105950102,2109,1691,418
42105950200,3091,2448,643
42105950300,4157,3307,850
42105950401,1099,882,217
42105950402,1694,1390,304
42105950500,2006,1696,310
42107000100,5007,4129,878
42107000200,2471,1856,615
42107000300,5295,4401,894
42107000400,5781,5411,370
42107000500,3499,2696,803
42107000601,3216,2361,855
42107000602,1027,827,200
42107000700,3364,2814,550
42107000800,3860,3098,762
42107000901,3396,2731,665
42107000902,3579,3108,471
42107001000,2471,1968,503
42107001100,2238,1779,459
42107001200,4198,3353,845
42107001300,2974,2383,591
42107001400,2112,1726,386
42107001500,4370,3380,990
42107001600,3877,3297,580
42107001700,3248,2686,562
42107001800,1980,1587,393
42107001901,1085,880,205
42107001902,3700,2891,809
42107002000,3333,2678,655
42107002100,1431,1146,285
42107002200,2669,2213,456
42107002300,2745,2258,487
42107002400,2227,1795,432
42107002500,2063,1666,397
42107002600,4003,3022,981
42107002700,2913,2221,692
42107002800,2426,1875,551
42107002900,5283,4392,891
42107003000,5417,4441,976
42107003100,3000,2424,576
42107003200,5785,4773,1012
42107003300,5236,4210,1026
42107003400,3515,2852,663
42107003500,5213,4200,1013
42107003600,3130,2395,735
42107003700,3847,3134,713
42107003800,2049,1598,451
42107003900,4016,3277,739
42109070100,5798,4712,1086
42109070200,7689,6102,1587
42109070300,5951,4543,1408
42109070400,5556,4201,1355
42109070500,3650,2726,924
42109070600,5379,3897,1482
42109070701,3638,2906,732
42109980705,2075,2057,18
42111020101,1936,1602,334
42111020102,5011,4134,877
42111020200,4416,3647,769
42111020300,3941,3084,857
42111020400,3453,2914,539
42111020500,2768,2237,531
42111020601,2514,2020,494
42111020602,3098,2464,634
42111020700,2882,2391,491
42111020801,2899,2364,535
42111020802,3465,3241,224
42111020900,5719,4920,799
42111021000,3988,3225,763
42111021100,2060,1656,404
42111021200,2676,2183,493
42111021300,3329,2658,671
42111021400,4382,3498,884
42111021500,2562,2003,559
42111021600,2070,1704,366
42111021700,2969,2197,772
42111021800,3470,2830,640
42111021902,2190,1782,408
42111021903,1348,1096,252
42111021904,983,845,138
42113960101,1336,1119,217
42113960102,1932,1568,364
42113960201,1571,1296,275
42113960202,1001,874,127
42115032000,2849,2337,512
42115032100,3476,2889,587
42115032200,3509,2776,733
42115032300,3432,2675,757
42115032401,2151,1770,381
42115032402,1868,1557,311
42115032500,3855,3092,763
42115032600,3926,3197,729
42115032700,3329,2592,737
42115032800,4559,3639,920
42115032901,3700,3000,700
42115032902,1780,1399,381
42117950100,4186,3300,886
42117950200,3623,2811,812
42117950300,3695,2980,715
42117950400,4089,3231,858
42117950500,4614,3624,990
42117950600,5008,4210,798
42117950700,5441,4241,1200
42117950800,3469,2780,689
42117950900,3949,3190,759
42117951000,2971,2353,618
42119090102,5495,4502,993
42119090201,1999,1545,454
42119090202,4264,3162,1102
42119090300,3583,2806,777
42119090400,4185,3190,995
42119090502,7040,5393,1647
42119090600,5914,4467,1447
42119090700,3329,2800,529
42119980101,3005,2997,8
42119980501,547,535,12
42119980800,3320,3283,37
42121200000,3191,2573,618
42121200100,3580,2904,676
42121200201,3376,2793,583
42121200202,1861,1529,332
42121200300,1606,1227,379
42121200400,2259,1828,431
42121200500,2212,1750,462
42121200600,4775,3856,919
42121200700,1944,1474,470
42121200800,2278,1797,481
42121200900,2317,1830,487
42121201000,3074,2399,675
42121201100,4553,3693,860
42121201200,2787,2206,581
42121201300,3555,2800,755
42121201400,3706,2878,828
42121201500,3380,2783,597
42123970100,2187,1802,385
42123970200,3885,3099,786
42123970300,5136,3964,1172
42123970400,2646,2122,524
42123970500,3456,2788,668
42123970600,3427,2777,650
42123970700,2506,1979,527
42123970800,3532,2865,667
42123970900,3366,2634,732
42123971000,2042,1727,315
42123971100,2788,2397,391
42123971200,2018,1627,391
42123971400,1598,1324,274
42125704100,1701,1528,173
42125711000,3535,2976,559
42125712700,1425,1131,294
42125713700,4233,3468,765
42125714000,2631,2174,457
42125715700,1664,1370,294
42125721000,3847,3143,704
42125722700,3290,2683,607
42125731000,5736,4606,1130
42125732000,2888,2346,542
42125741100,4824,3732,1092
42125741300,3857,3318,539
42125742101,4861,3895,966
42125742102,2066,1810,256
42125742200,1705,1344,361
42125743700,1172,954,218
42125744101,3660,2750,910
42125744102,2530,2012,518
42125744200,3554,2889,665
42125745101,3973,3151,822
42125745102,5593,4504,1089
42125745200,6134,4824,1310
42125746100,6079,4751,1328
42125746200,4467,3367,1100
42125746301,5687,4487,1200
42125746302,6713,4695,2018
42125751100,5016,4089,927
42125751200,3193,2536,657
42125752700,4825,3876,949
42125753700,1853,1560,293
42125754200,2630,2279,351
42125754300,3211,2610,601
42125754400,1722,1326,396
42125754500,2369,1926,443
42125754600,1543,1265,278
42125755100,4294,3725,569
42125755200,5319,4263,1056
42125755700,3679,2951,728
42125761000,5156,4171,985
42125762000,2444,1990,454
42125763700,1547,1268,279
42125764000,3297,2619,678
42125771100,5558,4701,857
42125771200,3133,2705,428
42125772700,2049,1706,343
42125773100,2824,2316,508
42125773200,1335,1068,267
42125774700,5380,4536,844
42125775200,2254,1839,415
42125775300,2315,1802,513
42125781700,4099,3410,689
42125782700,1303,1044,259
42125783200,2445,1902,543
42125783300,1789,1456,333
42125784000,2580,2184,396
42125791000,1408,1160,248
42125792100,3126,2683,443
42125792200,2346,2130,216
42125795700,2311,1779,532
42125795800,5928,4591,1337
42125795900,4233,3448,785
42125796000,3010,2369,641
42127960100,1291,1087,204
42127960200,3091,2544,547
42127960300,2277,1864,413
42127960400,3157,2600,557
42127960500,3674,3033,641
42127960600,4958,4004,954
42127960700,4458,3565,893
42127960800,4200,3456,744
42127960900,6700,5912,788
42127961001,1972,1606,366
42127961002,2878,2417,461
42127961101,1858,1565,293
42127961102,1818,1542,276
42127961201,2807,2328,479
42127961202,1308,1118,190
42127961300,2832,2380,452
42127961400,1876,1566,310
42129800100,1042,807,235
42129800200,1282,905,377
42129800300,2448,1912,536
42129800400,1405,1193,212
42129800500,2484,2140,344
42129800600,2171,1621,550
42129800700,1965,1549,416
42129800800,1714,1427,287
42129800900,2431,2014,417
42129801001,4021,3249,772
42129801002,2569,2162,407
42129801100,5168,4247,921
42129801200,5634,4662,972
42129801300,4472,3530,942
42129801400,1815,1418,397
42129801500,2517,1934,583
42129801600,1345,992,353
42129801701,2164,1802,362
42129801702,4349,3608,741
42129801703,2534,2175,359
42129801801,3768,3188,580
42129801802,2088,1756,332
42129801901,2863,2500,363
42129801902,3230,2690,540
42129802001,2529,2056,473
42129802003,4152,3370,782
42129802004,3640,2821,819
42129802101,5260,4259,1001
42129802102,6352,5018,1334
42129802103,2563,2091,472
42129802200,3227,2516,711
42129802301,6021,4903,1118
42129802303,3071,2495,576
42129802304,6845,5449,1396
42129802400,4318,3490,828
42129802500,2105,1750,355
42129802600,3130,2475,655
42129802700,1877,1569,308
42129802800,2103,1567,536
42129802900,5950,4579,1371
42129803000,4725,3839,886
42129803100,3938,3173,765
42129803200,2435,2027,408
42129803301,6003,4912,1091
42129803302,4135,3385,750
42129803400,3857,2802,1055
42129803501,5139,4036,1103
42129803502,4008,3224,784
42129803600,1661,1366,295
42129803700,4256,3567,689
42129803800,5902,4817,1085
42129803901,3366,2756,610
42129803902,3820,3206,614
42129804000,1389,1089,300
42129804100,2651,2189,462
42129804200,3750,3131,619
42129804300,2219,1779,440
42129804400,2135,1791,344
42129804501,4751,3973,778
42129804503,2767,2423,344
42129804504,2997,2587,410
42129804600,2975,2461,514
42129804701,2966,2463,503
42129804703,2244,1862,382
42129804704,1058,894,164
42129804705,1121,1104,17
42129804706,1307,1051,256
42129804801,2251,1898,353
42129804803,3050,2480,570
42129804804,3000,2483,517
42129804901,2682,2154,528
42129804902,2687,2250,437
42129805000,3556,2901,655
42129805100,2652,2191,461
42129805200,1851,1429,422
42129805400,1377,1074,303
42129805500,3648,3150,498
42129805600,1873,1526,347
42129805800,3174,2509,665
42129805901,1514,1275,239
42129805903,3820,3063,757
42129805904,2885,2315,570
42129806000,2665,2164,501
42129806100,3334,2769,565
42129806200,2435,2005,430
42129806300,1980,1539,441
42129806400,2450,1938,512
42129806500,4701,3910,791
42129806600,3020,2464,556
42129806700,2750,2255,495
42129806800,1495,1175,320
42129806900,3949,3207,742
42129807000,3083,2584,499
42129807100,3087,2580,507
42129807201,4622,3705,917
42129807202,3026,2463,563
42129807300,4691,3883,808
42129807401,2082,1745,337
42129807403,2293,1819,474
42129807404,5144,4432,712
42129807500,2266,1877,389
42129807600,2370,1963,407
42129807700,3424,2717,707
42129807800,3878,3272,606
42129807901,3057,2525,532
42129807902,3148,2604,544
42129808100,4049,3396,653
42129808200,2639,2045,594
42129808300,4903,3973,930
42129808401,1792,1504,288
42129808402,4410,3761,649
42129808500,1513,1295,218
42129808600,4190,3551,639
42131400100,2818,2163,655
42131400200,3890,3073,817
42131400300,4435,3563,872
42131400400,3992,3270,722
42131400500,3741,3076,665
42131400600,3202,2656,546
42131400700,3991,3272,719
42133000100,1559,1262,297
42133000200,2990,2116,874
42133000300,2440,1704,736
42133000400,2192,1586,606
42133000500,2566,1897,669
42133000600,2857,2014,843
42133000700,3309,2223,1086
42133000800,2307,1759,548
42133000900,3213,2468,745
42133001000,1531,1070,461
42133001100,3847,2595,1252
42133001200,3070,2255,815
42133001300,3319,2518,801
42133001400,4262,3457,805
42133001500,3687,2460,1227
42133001600,1651,1416,235
42133010120,4891,3841,1050
42133010130,3793,2914,879
42133010131,3512,2767,745
42133010132,5175,4622,553
42133010210,3346,2693,653
42133010220,6341,5043,1298
42133010300,1742,1319,423
42133010400,3817,2913,904
42133010510,5708,4830,878
42133010520,2416,1869,547
42133020100,3339,2595,744
42133020220,4630,3685,945
42133020221,4880,3827,1053
42133020222,4602,3799,803
42133020310,2675,2105,570
42133020321,3491,2854,637
42133020322,3935,3192,743
42133020410,5550,4303,1247
42133020421,4352,3298,1054
42133020422,5136,3859,1277
42133020510,3969,3152,817
42133020522,4309,3406,903
42133020523,2372,1792,580
42133020524,4439,3365,1074
42133020601,3102,2521,581
42133020602,4115,3409,706
42133020710,6884,5354,1530
42133020721,5477,4158,1319
42133020722,4742,3793,949
42133020801,3774,2988,786
42133020802,4754,3501,1253
42133020910,6629,5040,1589
42133020921,7355,5612,1743
42133020922,3688,2973,715
42133021010,5345,4067,1278
42133021020,7160,5407,1753
42133021100,4970,3891,1079
42133021221,4148,3105,1043
42133021222,3667,2708,959
42133021223,3083,2309,774
42133021224,5847,4516,1331
42133021300,5094,3690,1404
42133021410,5059,4330,729
42133021420,7376,5958,1418
42133021500,3910,3306,604
42133021600,2861,2286,575
42133021711,3031,2438,593
42133021712,6424,5100,1324
42133021720,4688,3719,969
42133021801,5291,4353,938
42133021802,4218,3414,804
42133021901,3086,2426,660
42133021902,4892,3664,1228
42133022000,3885,2984,901
42133022100,3419,2731,688
42133022200,4911,4102,809
42133022300,4214,3395,819
42133022401,3462,2754,708
42133022403,3295,2382,913
42133022404,5777,4325,1452
42133022500,3904,3081,823
42133022601,2739,2040,699
42133022602,6543,4955,1588
42133022701,3107,2615,492
42133022702,3390,2868,522
42133022801,4556,3639,917
42133022802,3385,2665,720
42133022920,4889,3825,1064
42133022921,1168,906,262
42133022922,4088,3088,1000
42133022923,5138,4017,1121
42133023000,5250,3939,1311
42133023100,6510,4916,1594
42133023200,6497,5079,1418
42133023301,6353,4925,1428
42133023302,6361,5035,1326
42133023400,5799,4699,1100
42133023500,5160,4128,1032
42133023601,3732,3026,706
42133023602,4960,3873,1087
42133023710,3832,3138,694
42133023721,5936,4695,1241
42133023722,3031,2232,799
42133023810,4742,3715,1027
42133023821,5727,4446,1281
42133023823,4311,3527,784
42133023824,2971,2338,633
42133023902,2945,2373,572
42133023903,3231,2588,643
42133023904,4169,3328,841
42133024001,5673,4397,1276
42133024002,3488,2720,768
44001030100,4801,3647,1154
44001030200,3580,2646,934
44001030300,4775,3484,1291
44001030400,3997,2887,1110
44001030500,3474,2875,599
44001030601,3553,2921,632
44001030602,4120,3525,595
44001030700,3852,3363,489
44001030800,5590,5197,393
44001030901,6085,4991,1094
44001030902,6966,6055,911
44003020101,6857,5647,1210
44003020102,5048,4114,934
44003020200,5112,4199,913
44003020300,6218,4981,1237
44003020400,3263,2590,673
44003020500,4514,3694,820
44003020601,6431,5072,1359
44003020602,3512,2955,557
44003020603,6791,5553,1238
44003020604,5441,4433,1008
44003020701,1894,1523,371
44003020702,4595,3785,810
44003020703,7024,5712,1312
44003020800,6528,5277,1251
44003020901,3591,2889,702
44003020903,6876,5140,1736
44003020904,3845,2818,1027
44003021001,2421,1971,450
44003021002,4686,3971,715
44003021100,5380,4308,1072
44003021200,3657,3013,644
44003021300,4624,3945,679
44003021401,4063,3291,772
44003021402,3882,3129,753
44003021501,3399,2811,588
44003021502,4212,3450,762
44003021600,1570,1326,244
44003021700,4927,3995,932
44003021800,4075,3345,730
44003021901,3152,2573,579
44003021902,2678,2180,498
44003021903,3888,3200,688
44003022000,3447,2979,468
44003022100,5588,4666,922
44003022201,6679,5495,1184
44003022202,3912,3500,412
44003022300,4300,3621,679
44003022400,2283,2020,263
44005040101,4974,4077,897
44005040102,5968,4754,1214
44005040104,5056,4016,1040
44005040105,1873,1580,293
44005040200,1612,1239,373
44005040302,2615,2164,451
44005040303,3348,2415,933
44005040304,3340,2683,657
44005040400,6160,5087,1073
44005040500,4409,3283,1126
44005040600,4750,3939,811
44005040700,3210,2825,385
44005040800,2656,2427,229
44005040900,4896,4329,567
44005041000,2029,1872,157
44005041100,1479,1269,210
44005041200,1734,1559,175
44005041300,5559,4688,871
44005041400,3616,3048,568
44005041601,3155,2549,606
44005041602,4654,3983,671
44005041701,3346,2821,525
44005041702,5204,4283,921
44007000101,4571,3675,896
44007000102,5527,4241,1286
44007000200,6957,5128,1829
44007000301,2613,1891,722
44007000302,4728,3443,1285
44007000400,4058,2762,1296
44007000500,3287,2347,940
44007000600,2246,1668,578
44007000700,2714,2107,607
44007000800,4646,4008,638
44007000900,2250,1977,273
44007001000,2584,2220,364
44007001100,2602,2362,240
44007001200,3425,2511,914
44007001300,4296,3322,974
44007001400,6949,4866,2083
44007001500,2936,2226,710
44007001601,3194,2269,925
44007001602,5619,3939,1680
44007001700,4371,3094,1277
44007001800,7606,5269,2337
44007001900,6247,4478,1769
44007002000,6569,5141,1428
44007002101,2790,2189,601
44007002102,6445,4703,1742
44007002200,5216,3686,1530
44007002300,5597,4638,959
44007002400,8281,7346,935
44007002500,4096,3467,629
44007002600,3613,2679,934
44007002700,4725,3319,1406
44007002801,3709,2614,1095
44007002802,2909,2187,722
44007002900,7508,5757,1751
44007003100,4342,3855,487
44007003200,3340,2725,615
44007003300,4285,3656,629
44007003400,4855,3963,892
44007003500,4859,4384,475
44007003601,3243,3105,138
44007003602,7475,7303,172
44007003700,3651,3393,258
44007010101,3874,3131,743
44007010102,3471,2975,496
44007010200,6602,5396,1206
44007010300,4152,3467,685
44007010400,6715,5562,1153
44007010501,4615,3687,928
44007010502,4978,4254,724
44007010600,6207,5281,926
44007010701,2349,1991,358
44007010702,4176,3509,667
44007010800,5515,4018,1497
44007010900,5709,4205,1504
44007011000,6389,4532,1857
44007011100,4970,3417,1553
44007011200,5983,4698,1285
44007011301,4982,4054,928
44007011302,4197,3360,837
44007011402,4720,3750,970
44007011403,7348,5852,1496
44007011404,4572,3576,996
44007011405,4603,3565,1038
44007011500,6742,5389,1353
44007011600,6464,5157,1307
44007011701,4818,3783,1035
44007011702,4505,3560,945
44007011800,7145,5789,1356
44007011901,3278,2701,577
44007011902,5030,4356,674
44007012000,6293,5146,1147
44007012102,4938,4013,925
44007012103,2987,2644,343
44007012104,4443,3663,780
44007012200,7445,6212,1233
44007012300,6806,5575,1231
44007012401,7283,5984,1299
44007012402,2636,2160,476
44007012500,5398,4518,880
44007012601,4516,4229,287
44007012602,7469,6189,1280
44007012701,5563,4563,1000
44007012702,4570,3726,844
44007012801,5244,4330,914
44007012802,2394,1950,444
44007012803,4950,4034,916
44007012900,4954,3896,1058
44007013001,3410,2780,630
44007013002,7794,6253,1541
44007013101,4680,3783,897
44007013102,5294,4295,999
44007013201,4561,3737,824
44007013202,5823,4781,1042
44007013300,4469,3679,790
44007013400,3992,3292,700
44007013500,5378,4381,997
44007013600,3068,2399,669
44007013701,4492,3516,976
44007013702,2851,2286,565
44007013800,4950,4025,925
44007013900,3166,2678,488
44007014000,5982,4732,1250
44007014100,5304,4052,1252
44007014200,4757,4305,452
44007014300,4984,4186,798
44007014400,3859,3288,571
44007014501,5134,4094,1040
44007014502,4269,3505,764
44007014600,7170,5648,1522
44007014700,7833,5985,1848
44007014800,5745,4818,927
44007015000,4573,3551,1022
44007015100,4802,3592,1210
44007015200,3046,2620,426
44007015300,2316,1767,549
44007015400,2381,1750,631
44007015500,4521,3409,1112
44007015600,2633,2074,559
44007015700,3753,3020,733
44007015800,3774,3043,731
44007015900,3357,2672,685
44007016000,3523,2784,739
44007016100,5018,3692,1326
44007016300,2901,2292,609
44007016400,5180,3852,1328
44007016500,3978,3264,714
44007016600,1787,1390,397
44007016700,3420,2698,722
44007016800,3093,2476,617
44007016900,1918,1578,340
44007017000,4635,3836,799
44007017100,4995,3789,1206
44007017300,3167,2520,647
44007017400,4304,3116,1188
44007017500,3319,2677,642
44007017600,2721,1934,787
44007017700,3637,3030,607
44007017800,2620,2081,539
44007017900,3556,2752,804
44007018000,2869,2411,458
44007018100,2961,2237,724
44007018200,2919,2242,677
44007018300,1842,1308,534
44007018400,6511,5092,1419
44007018500,2814,2373,441
44009041500,1410,1221,189
44009050102,2465,2056,409
44009050103,5958,4729,1229
44009050104,3942,3168,774
44009050301,4852,3873,979
44009050302,2863,2363,500
44009050401,4849,3681,1168
44009050402,2803,2366,437
44009050500,6460,5285,1175
44009050600,8020,6393,1627
44009050701,4166,3380,786
44009050702,4232,3405,827
44009050801,6113,5086,1027
44009050802,3748,3164,584
44009050901,6255,5128,1127
44009050902,5572,4639,933
44009051000,1671,1516,155
44009051101,4676,3929,747
44009051102,3321,2907,414
44009051201,4574,3558,1016
44009051202,4545,3893,652
44009051302,4028,3527,501
44009051304,2185,1862,323
44009051305,3934,3367,567
44009051306,6170,4977,1193
44009051400,6495,6408,87
44009051502,6716,5765,951
44009051503,3917,3561,356
44009051504,3899,3555,344
45001950100,3094,2496,598
45001950200,4190,3378,812
45001950300,3189,2573,616
45001950401,3248,2575,673
45001950402,2628,2066,562
45001950500,5298,4113,1185
45001950600,2648,2168,480
45003020100,4877,3792,1085
45003020200,5910,4656,1254
45003020301,2468,1903,565
45003020303,1778,1356,422
45003020304,4757,3749,1008
45003020401,7216,5180,2036
45003020402,1968,1429,539
45003020500,9244,7242,2002
45003020601,3935,2997,938
45003020603,3070,2292,778
45003020604,2717,2131,586
45003020701,5767,4555,1212
45003020702,4792,3625,1167
45003020801,3158,2469,689
45003020802,5712,4712,1000
45003020901,2206,1760,446
45003020903,3673,2808,865
45003020904,3137,2461,676
45003021001,4747,3639,1108
45003021003,3131,2454,677
45003021004,1904,1398,506
45003021101,2609,1985,624
45003021102,3580,2781,799
45003021201,6002,4924,1078
45003021202,3582,2946,636
45003021204,3075,2499,576
45003021205,6839,5846,993
45003021300,4908,4308,600
45003021401,2149,1725,424
45003021402,3292,2471,821
45003021500,5121,4186,935
45003021601,5530,4101,1429
45003021603,2943,2297,646
45003021604,5486,4292,1194
45003021700,4410,3492,918
45003021800,2433,1870,563
45003021901,2852,2219,633
45003021902,2946,2269,677
45003022001,4746,4026,720
45003022003,4592,3727,865
45003022004,2495,1981,514
45003022100,3051,2373,678
45005970201,2378,1862,516
45005970202,1620,1321,299
45005970500,4041,3504,537
45007000200,4739,3985,754
45007000300,5415,4350,1065
45007000500,2831,2077,754
45007000600,3255,2505,750
45007000701,2600,1901,699
45007000702,1687,1306,381
45007000800,2586,1934,652
45007000900,2883,2252,631
45007001000,2683,2185,498
45007001100,5625,4390,1235
45007010103,9518,7023,2495
45007010105,2774,2105,669
45007010106,4944,3775,1169
45007010107,4092,3066,1026
45007010108,5548,4085,1463
45007010200,5828,4418,1410
45007010300,4240,3226,1014
45007010403,3304,2456,848
45007010404,2732,2167,565
45007010405,3728,2807,921
45007010406,3211,2521,690
45007010501,4013,2981,1032
45007010502,3733,2813,920
45007010601,3862,3010,852
45007010602,4014,3206,808
45007010701,1952,1630,322
45007010702,4320,3351,969
45007010800,5171,4250,921
45007010900,4504,3843,661
45007011001,5163,4236,927
45007011002,4425,3553,872
45007011100,2658,2176,482
45007011201,5143,4032,1111
45007011203,4947,3787,1160
45007011204,4588,3383,1205
45007011301,3668,2889,779
45007011302,3884,3053,831
45007011401,4016,3133,883
45007011402,3364,2625,739
45007011501,3367,2577,790
45007011502,3085,2349,736
45007011600,2034,1595,439
45007011701,2190,1712,478
45007011702,3740,2968,772
45007011800,4038,3125,913
45007011901,5349,4067,1282
45007011902,2975,2189,786
45007012001,5219,4132,1087
45007012002,5056,3944,1112
45007012200,5513,4223,1290
45007012300,3504,2608,896
45009960101,1469,1193,276
45009960102,3312,2695,617
45009960201,2610,2019,591
45009960202,3448,2801,647
45009960300,1132,886,246
45009960400,1340,1096,244
45011970101,1863,1431,432
45011970102,3396,2619,777
45011970200,3296,2597,699
45011970300,3529,2614,915
45011970401,2315,1896,419
45011970402,2710,2093,617
45011970500,3473,2708,765
45013000100,3982,3231,751
45013000200,4952,3636,1316
45013000300,3888,2650,1238
45013000400,1982,1976,6
45013000501,6624,5045,1579
45013000502,6019,4321,1698
45013000503,6430,4898,1532
45013000600,2316,1850,466
45013000700,6070,4968,1102
45013000800,5350,4151,1199
45013000901,3254,2560,694
45013000902,8756,6716,2040
45013000903,2042,1615,427
45013001000,5201,4212,989
45013001101,3551,3144,407
45013001103,1425,1111,314
45013001104,3046,2403,643
45013001200,1192,1122,70
45013002101,557,493,64
45013002102,5966,4561,1405
45013002103,9703,7042,2661
45013002105,4787,3647,1140
45013002106,11418,8710,2708
45013002107,10963,8058,2905
45013002108,5070,3907,1163
45013002109,4376,4357,19
45013002110,7940,7644,296
45013002201,7620,6807,813
45013002202,4234,3607,627
45013010100,1615,1503,112
45013010200,3433,3109,324
45013010300,4124,3782,342
45013010400,5735,4838,897
45013010500,4172,3311,861
45013010600,4109,3766,343
45013010700,4725,4211,514
45013010800,3106,2162,944
45013010900,1852,1639,213
45013011000,1545,1300,245
45013011100,2468,2291,177
45013011200,685,636,49
45013011300,834,778,56
45015020101,2974,2447,527
45015020102,4063,3361,702
45015020201,3507,2666,841
45015020202,2926,2367,559
45015020301,3062,2399,663
45015020303,1833,1417,416
45015020304,4476,3578,898
45015020401,3890,3132,758
45015020404,6963,5345,1618
45015020405,3447,2736,711
45015020406,2858,2353,505
45015020407,9274,6930,2344
45015020503,5227,4078,1149
45015020504,4151,3264,887
45015020505,4699,3241,1458
45015020506,6008,4360,1648
45015020601,4792,3486,1306
45015020602,7949,5734,2215
45015020707,7411,5600,1811
45015020710,7202,5273,1929
45015020711,14020,9955,4065
45015020712,3411,2718,693
45015020713,7268,5554,1714
45015020714,6016,4714,1302
45015020715,3912,2945,967
45015020716,8619,6415,2204
45015020717,5246,3805,1441
45015020718,6953,4868,2085
45015020719,5283,4039,1244
45015020720,4816,3684,1132
45015020721,3384,2695,689
45015020722,3151,2497,654
45015020723,3093,2491,602
45015020724,4034,3626,408
45015020725,1562,1061,501
45015020804,3030,2279,751
45015020806,3717,2816,901
45015020807,10031,7341,2690
45015020808,3802,2818,984
45015020809,3294,2552,742
45015020810,3861,2770,1091
45015020811,4779,3615,1164
45015020812,6008,4250,1758
45015020901,1652,1229,423
45015020903,3412,2700,712
45015020904,4129,3123,1006
45015021000,4666,3622,1044
45017950100,5383,4333,1050
45017950201,1883,1520,363
45017950202,3741,2993,748
45017950400,3112,2577,535
45019000100,2087,1742,345
45019000200,1372,1223,149
45019000400,3213,3045,168
45019000500,1761,1579,182
45019000600,1074,1033,41
45019000700,2432,2336,96
45019000900,1560,1334,226
45019001000,2331,2112,219
45019001100,2988,2500,488
45019001500,1520,1312,208
45019001901,4394,3625,769
45019001902,4601,3909,692
45019002002,6128,5079,1049
45019002004,1595,1392,203
45019002005,7122,5368,1754
45019002006,5022,3875,1147
45019002007,3749,2790,959
45019002008,4703,4217,486
45019002009,4264,3543,721
45019002103,4771,3912,859
45019002104,2012,1952,60
45019002105,2184,2106,78
45019002106,3543,2898,645
45019002107,11798,9414,2384
45019002108,2742,2190,552
45019002200,2848,2413,435
45019002300,1884,1660,224
45019002401,1468,1214,254
45019002402,2627,2095,532
45019002503,2382,1931,451
45019002504,5169,4194,975
45019002604,3619,2952,667
45019002605,3907,3291,616
45019002606,2130,1717,413
45019002611,3007,2553,454
45019002612,6677,5472,1205
45019002613,5255,4447,808
45019002614,3469,2866,603
45019002701,2597,2190,407
45019002702,4679,3711,968
45019002801,4409,3631,778
45019002802,2663,2190,473
45019002900,2839,2471,368
45019003000,3897,3153,744
45019003104,5741,4345,1396
45019003105,4018,2772,1246
45019003106,8631,6451,2180
45019003107,7501,5945,1556
45019003108,3797,2917,880
45019003109,3376,2681,695
45019003110,7197,5508,1689
45019003111,5102,3827,1275
45019003113,4771,3746,1025
45019003115,7372,5826,1546
45019003116,4736,3864,872
45019003117,3686,3026,660
45019003200,1638,1247,391
45019003300,3763,2826,937
45019003400,4870,3677,1193
45019003500,3333,2735,598
45019003600,2729,2375,354
45019003700,3291,2510,781
45019003800,3187,2451,736
45019003900,2973,2675,298
45019004000,2411,1799,612
45019004300,2144,1600,544
45019004400,2240,1755,485
45019004607,5719,4865,854
45019004609,7846,5973,1873
45019004610,5007,3829,1178
45019004612,7245,6014,1231
45019004613,1595,1209,386
45019004614,7689,5769,1920
45019004615,5406,3856,1550
45019004616,9300,7122,2178
45019004617,9958,6952,3006
45019004618,6534,4867,1667
45019004619,5467,4602,865
45019004620,5455,4488,967
45019004621,5968,4911,1057
45019004622,4013,3217,796
45019004701,5804,4449,1355
45019004702,2332,1923,409
45019004800,1891,1487,404
45019004901,1838,1523,315
45019004902,2509,2128,381
45019005001,1696,1420,276
45019005002,3111,2576,535
45019005100,1639,1483,156
45019005300,3629,2868,761
45019005400,2100,1449,651
45019005500,1377,1104,273
45019005601,10428,8215,2213
45019005602,6558,5367,1191
45019005701,5736,4641,1095
45019005702,3790,3021,769
45019005800,8075,6492,1583
45019005900,5521,4882,639
45021970101,3514,2721,793
45021970102,4535,3505,1030
45021970201,3903,3073,830
45021970203,2728,2090,638
45021970204,4514,3466,1048
45021970301,3766,3028,738
45021970302,4176,3105,1071
45021970401,3598,2780,818
45021970403,3035,2323,712
45021970404,3065,2396,669
45021970501,2004,1543,461
45021970502,4532,3329,1203
45021970503,1231,968,263
45021970601,5491,4490,1001
45021970602,2440,1922,518
45021970700,3684,2812,872
45023020100,1812,1380,432
45023020200,3126,2335,791
45023020300,3377,2576,801
45023020400,2635,2069,566
45023020500,3138,2544,594
45023020601,2467,2038,429
45023020602,3997,3029,968
45023020700,2006,1545,461
45023020800,5285,4136,1149
45023020900,2289,1862,427
45023021000,2162,1630,532
45025950101,4815,3688,1127
45025950102,4464,3385,1079
45025950200,4113,3085,1028
45025950300,2533,1984,549
45025950401,2903,2264,639
45025950402,3756,2965,791
45025950501,2034,1614,420
45025950503,2318,1828,490
45025950504,3455,2786,669
45025950601,1940,1530,410
45025950602,3285,2518,767
45025950701,3454,2741,713
45025950702,1571,1224,347
45025950800,2632,2085,547
45027960100,3215,2391,824
45027960201,1590,1236,354
45027960300,2041,1585,456
45027960400,2203,1794,409
45027960500,4553,3367,1186
45027960600,2640,2060,580
45027960701,3486,2765,721
45027960702,1123,940,183
45027960703,3473,3031,442
45027960801,2954,2420,534
45027960802,2851,2452,399
45027980000,1015,1008,7
45029970100,1718,1400,318
45029970200,1571,1250,321
45029970301,3962,2934,1028
45029970302,1825,1500,325
45029970401,4294,3437,857
45029970402,3655,2817,838
45029970501,2957,2297,660
45029970502,2622,2052,570
45029970601,4508,3408,1100
45029970602,2927,2337,590
45029970701,3187,2556,631
45029970702,2848,2218,630
45029970800,2530,2232,298
45031010100,2916,2320,596
45031010200,5294,4162,1132
45031010300,4790,3777,1013
45031010400,5888,4730,1158
45031010500,2582,2020,562
45031010600,4652,3577,1075
45031010700,2222,1614,608
45031010800,2678,2120,558
45031010901,3856,2900,956
45031010902,3159,2488,671
45031011000,2949,2311,638
45031011100,1915,1510,405
45031011201,2031,1521,510
45031011202,2159,1684,475
45031011301,2581,1987,594
45031011302,2275,1846,429
45031011400,3808,2955,853
45031011500,4091,3197,894
45031011600,3059,2422,637
45033970100,3121,2337,784
45033970200,5197,3911,1286
45033970301,2713,2192,521
45033970302,2373,1713,660
45033970401,2001,1438,563
45033970402,2162,1597,565
45033970500,3731,3016,715
45033970601,3262,2498,764
45033970602,3732,2789,943
45035010100,2527,2009,518
45035010200,4745,3794,951
45035010301,2127,1693,434
45035010302,3433,2791,642
45035010400,6367,5161,1206
45035010501,7294,5100,2194
45035010503,5966,4455,1511
45035010505,6635,5058,1577
45035010506,2060,1431,629
45035010507,2389,1746,643
45035010508,3691,2658,1033
45035010603,8338,6070,2268
45035010604,4449,3335,1114
45035010606,1898,1507,391
45035010607,5272,4038,1234
45035010608,3654,2667,987
45035010700,5738,4497,1241
45035010801,6861,4950,1911
45035010807,5254,3863,1391
45035010808,7394,5767,1627
45035010809,3663,2816,847
45035010813,9041,6851,2190
45035010814,6622,4994,1628
45035010815,2986,2321,665
45035010817,6773,5095,1678
45035010818,9316,6571,2745
45035010819,5009,3837,1172
45035010820,7209,5696,1513
45035010821,2322,1776,546
45035010822,3866,2700,1166
45035010823,8641,6004,2637
45037970201,1800,1440,360
45037970203,2328,1873,455
45037970204,4072,3512,560
45037970300,4147,3318,829
45037970400,3323,2761,562
45037970501,4711,3699,1012
45037970502,5276,4172,1104
45039960100,1803,1510,293
45039960200,3506,2904,602
45039960301,2950,2480,470
45039960302,2652,2332,320
45039960401,3714,2806,908
45039960402,1845,1545,300
45039960501,2292,1906,386
45039960502,2186,1824,362
45041000101,4006,3064,942
45041000102,6020,4624,1396
45041000201,2661,2052,609
45041000202,8528,6752,1776
45041000300,4278,3258,1020
45041000400,4747,3652,1095
45041000501,2661,2348,313
45041000502,3476,2504,972
45041000600,4808,3764,1044
45041000700,2580,1907,673
45041000800,3445,2666,779
45041000900,3118,2328,790
45041001000,1728,1498,230
45041001100,4703,3602,1101
45041001200,3336,2576,760
45041001300,3792,2997,795
45041001400,8460,6659,1801
45041001503,4018,3003,1015
45041001504,6791,5193,1598
45041001505,3612,2822,790
45041001506,1907,1438,469
45041001601,6600,4852,1748
45041001602,4687,3826,861
45041001700,2460,1934,526
45041001800,3331,2610,721
45041001901,2597,1978,619
45041001902,3452,2530,922
45041002000,3479,2700,779
45041002202,3226,2415,811
45041002203,3995,2920,1075
45041002204,997,754,243
45041002300,3885,2986,899
45041002400,3629,2763,866
45041002500,2713,2141,572
45041002600,3333,2583,750
45043920100,3184,2544,640
45043920202,2100,1624,476
45043920203,2474,1898,576
45043920204,2565,1900,665
45043920301,4552,3685,867
45043920302,2921,2419,502
45043920400,2923,2353,570
45043920502,4189,3648,541
45043920504,5709,4860,849
45043920506,3216,2950,266
45043920507,3772,3160,612
45043920508,3143,2797,346
45043920509,1650,1482,168
45043920510,1935,1685,250
45043920511,3991,3533,458
45043920601,4128,3013,1115
45043920602,2067,1603,464
45043920701,1919,1599,320
45043920702,3405,2562,843
45043920800,3561,2825,736
45045000100,2643,2338,305
45045000200,1530,1461,69
45045000400,1404,1234,170
45045000500,1387,1148,239
45045000700,3318,2937,381
45045000800,1343,898,445
45045000900,1189,951,238
45045001000,2210,1802,408
45045001101,4269,3366,903
45045001102,1855,1396,459
45045001203,2353,2180,173
45045001204,3008,2509,499
45045001205,1402,1110,292
45045001302,1534,1271,263
45045001400,3832,3218,614
45045001501,4383,3152,1231
45045001502,2668,1939,729
45045001600,4795,3731,1064
45045001700,4440,3336,1104
45045001803,4115,3208,907
45045001804,4982,3935,1047
45045001805,4699,3716,983
45045001807,5704,4571,1133
45045001808,4331,3784,547
45045001809,3337,2921,416
45045001810,3400,2807,593
45045001900,7665,5815,1850
45045002001,2898,2150,748
45045002003,4827,3400,1427
45045002005,3767,2940,827
45045002103,3475,2666,809
45045002104,1542,1175,367
45045002105,2859,2122,737
45045002106,3628,2756,872
45045002107,2676,2105,571
45045002108,1513,1253,260
45045002202,2768,1966,802
45045002203,3265,2451,814
45045002204,3099,2188,911
45045002301,4024,3127,897
45045002302,3993,2945,1048
45045002303,1845,1353,492
45045002304,2846,2046,800
45045002403,4524,3517,1007
45045002404,4085,3447,638
45045002405,7757,5807,1950
45045002406,1790,1377,413
45045002503,11447,8775,2672
45045002504,1796,1345,451
45045002505,3662,2706,956
45045002506,4003,3157,846
45045002507,5142,4116,1026
45045002602,4295,3359,936
45045002604,6557,4787,1770
45045002606,6599,5160,1439
45045002609,7094,5420,1674
45045002610,3069,2378,691
45045002611,5885,4586,1299
45045002612,8199,6030,2169
45045002613,1711,1256,455
45045002701,4551,3585,966
45045002703,5402,4167,1235
45045002704,2370,1871,499
45045002804,2418,1836,582
45045002805,5340,4311,1029
45045002811,10439,8356,2083
45045002812,7396,5722,1674
45045002813,4529,3329,1200
45045002814,6513,4672,1841
45045002815,6313,4721,1592
45045002817,4766,3622,1144
45045002818,3291,2680,611
45045002819,5254,4341,913
45045002820,2587,2137,450
45045002821,6556,4737,1819
45045002822,6757,4492,2265
45045002901,6059,4648,1411
45045002903,7366,5929,1437
45045002904,5864,4650,1214
45045002905,4946,3733,1213
45045003005,2779,2212,567
45045003008,7245,5451,1794
45045003009,9608,7024,2584
45045003010,8180,6154,2026
45045003011,5747,4450,1297
45045003012,5806,4597,1209
45045003013,8256,6172,2084
45045003014,6464,4979,1485
45045003016,5131,3859,1272
45045003017,5545,4034,1511
45045003101,8662,6494,2168
45045003103,2902,2257,645
45045003104,2597,1955,642
45045003202,3620,2883,737
45045003203,3948,3241,707
45045003204,1746,1409,337
45045003301,6571,4935,1636
45045003303,5732,4451,1281
45045003304,8367,6216,2151
45045003401,1111,837,274
45045003500,2870,2095,775
45045003601,6215,4574,1641
45045003602,2664,1912,752
45045003701,5792,4464,1328
45045003704,4057,2905,1152
45045003705,2022,1564,458
45045003706,3683,2710,973
45045003707,4280,3306,974
45045003802,6074,4960,1114
45045003803,4575,4215,360
45045003804,2805,2299,506
45045003902,4091,3254,837
45045003903,4470,3448,1022
45045003905,4317,3372,945
45045003906,2535,1781,754
45045004001,3206,2537,669
45045004003,3676,3131,545
45045004004,1793,1597,196
45045004101,3867,3051,816
45045004102,1069,929,140
45045004200,2453,1875,578
45045004300,3891,2931,960
45045004400,1959,1584,375
45047970101,3503,2806,697
45047970102,4506,3484,1022
45047970201,5913,4652,1261
45047970202,6853,5429,1424
45047970301,4874,4130,744
45047970303,3043,2434,609
45047970304,3070,2471,599
45047970401,2733,2153,580
45047970402,3490,2802,688
45047970500,4443,3301,1142
45047970601,4133,3202,931
45047970602,3390,2600,790
45047970701,2375,2055,320
45047970702,5260,3933,1327
45047970801,4595,3205,1390
45047970802,3340,2549,791
45047970900,1934,1513,421
45047971000,1896,1540,356
45049920100,2281,1790,491
45049920201,3663,2830,833
45049920202,2847,2173,674
45049920300,2270,1786,484
45049920401,1829,1700,129
45049920402,4120,3199,921
45049920500,1551,1230,321
45051010100,2909,2242,667
45051020100,2865,2208,657
45051020201,3147,2414,733
45051020202,3160,2551,609
45051020301,4367,3461,906
45051020302,3231,2489,742
45051030102,3837,3051,786
45051030104,5686,4807,879
45051040101,6408,5468,940
45051040102,6282,5212,1070
45051040103,6927,6161,766
45051040104,3564,3093,471
45051040105,2793,2546,247
45051040200,4425,3992,433
45051040300,4997,4641,356
45051040400,4346,3897,449
45051040500,3803,3392,411
45051050102,3748,3285,463
45051050200,2006,1888,118
45051050303,3231,2878,353
45051050401,3285,2799,486
45051050402,2147,1837,310
45051050500,4619,3983,636
45051050600,5196,3740,1456
45051050700,1795,1477,318
45051050901,2368,1979,389
45051050902,4139,3109,1030
45051051000,7115,6512,603
45051051201,1653,1471,182
45051051202,2469,2230,239
45051051301,1526,1414,112
45051051302,2770,2367,403
45051051403,5386,4652,734
45051051404,4109,3612,497
45051051405,3693,3208,485
45051051406,3311,3137,174
45051051501,3894,3141,753
45051051502,8703,7010,1693
45051051503,4305,3207,1098
45051051603,6790,5800,990
45051051605,7887,6491,1396
45051051606,5577,4506,1071
45051051607,6269,5096,1173
45051051608,5915,5291,624
45051051609,5974,5273,701
45051051700,2035,1850,185
45051060101,5537,4994,543
45051060102,3062,2344,718
45051060203,9445,7522,1923
45051060204,9668,7710,1958
45051060206,8668,6813,1855
45051060207,7842,5654,2188
45051060209,7589,5917,1672
45051060210,3598,2860,738
45051060211,2664,2172,492
45051060301,4780,3838,942
45051060303,3584,3303,281
45051060309,3055,2423,632
45051060310,6273,5153,1120
45051060403,3402,2663,739
45051060404,2658,2338,320
45051060405,7690,6707,983
45051060406,7005,6053,952
45051070101,4971,3997,974
45051070102,3657,2973,684
45051070200,3068,2419,649
45051070300,4075,3143,932
45051070400,6193,4826,1367
45051070500,3447,2679,768
45051070601,4738,3650,1088
45051070602,4536,3714,822
45051070701,6589,5344,1245
45051070702,5932,4478,1454
45051080101,3939,2922,1017
45051080102,3306,2512,794
45051080200,5175,3904,1271
45051980100,221,189,32
45053950100,5047,3922,1125
45053950201,7760,6835,925
45053950203,4672,3812,860
45053950204,3266,2490,776
45053950301,3839,2902,937
45053950302,4207,3141,1066
45055970100,2634,2077,557
45055970200,2928,2252,676
45055970300,2330,1993,337
45055970401,4855,3802,1053
45055970402,2988,2239,749
45055970403,2204,1685,519
45055970500,6087,4851,1236
45055970601,4689,3632,1057
45055970603,3983,3079,904
45055970604,2730,2139,591
45055970700,1612,1293,319
45055970800,6303,4874,1429
45055970902,3060,2330,730
45055970905,2913,2243,670
45055970906,4025,2975,1050
45055970907,4962,3637,1325
45055970908,3419,2579,840
45055970909,3681,2784,897
45057010100,3680,2905,775
45057010201,3559,3058,501
45057010202,4002,3034,968
45057010300,5385,4183,1202
45057010400,3125,2532,593
45057010500,5056,3645,1411
45057010600,5481,4220,1261
45057010700,3623,2605,1018
45057010800,2356,1769,587
45057010900,3848,3066,782
45057011001,5557,4396,1161
45057011002,4474,3548,926
45057011100,5190,4167,1023
45057011203,3415,2320,1095
45057011204,6624,4819,1805
45057011205,6621,4796,1825
45057011206,1599,1238,361
45057011207,3551,2564,987
45057011208,5099,4026,1073
45057011209,8975,8232,743
45057011210,4338,3108,1230
45057011211,458,377,81
45059920102,1751,1389,362
45059920104,3431,2714,717
45059920105,5116,3768,1348
45059920106,3325,2538,787
45059920107,2256,1774,482
45059920108,2345,1845,500
45059920201,3196,2564,632
45059920202,3306,2674,632
45059920301,3843,3053,790
45059920302,4315,3361,954
45059920400,5367,4190,1177
45059920501,1799,1408,391
45059920503,2858,1995,863
45059920504,3081,2374,707
45059920600,4264,3274,990
45059920700,4426,3436,990
45059920800,5090,4130,960
45059920900,2395,1831,564
45059921001,2643,2151,492
45059921002,2732,2322,410
45061920100,1476,1192,284
45061920201,2180,1754,426
45061920202,2126,1715,411
45061920301,215,215,0
45061920302,4350,3662,688
45061920401,2363,1966,397
45061920402,1193,958,235
45061920500,1361,1066,295
45061920600,1267,1058,209
45063020100,2549,1946,603
45063020201,2535,2224,311
45063020202,2168,1730,438
45063020300,4333,3864,469
45063020505,3846,2967,879
45063020506,4562,3816,746
45063020508,2086,1760,326
45063020509,3146,2639,507
45063020510,4644,3653,991
45063020511,2981,2351,630
45063020512,3249,2590,659
45063020513,3271,2487,784
45063020601,3965,3209,756
45063020602,4415,3519,896
45063020604,3352,2655,697
45063020605,2397,1967,430
45063020703,4341,3395,946
45063020705,3719,2767,952
45063020706,2977,2243,734
45063020707,3753,2821,932
45063020708,2470,1938,532
45063020801,1437,1133,304
45063020802,2798,2177,621
45063020803,3320,2571,749
45063020804,2828,2096,732
45063020806,2633,1931,702
45063020807,2862,2126,736
45063020904,2974,2270,704
45063020905,3677,2762,915
45063020906,3992,3019,973
45063020908,3828,2858,970
45063020909,2570,1958,612
45063020910,2381,1841,540
45063020911,2187,1632,555
45063020912,3042,2032,1010
45063020913,2429,1543,886
45063021019,2529,1801,728
45063021020,4125,3114,1011
45063021021,1957,1606,351
45063021023,3018,2220,798
45063021025,3879,3100,779
45063021028,3785,2933,852
45063021029,2995,2422,573
45063021030,5186,4020,1166
45063021031,4224,3345,879
45063021032,4006,2979,1027
45063021033,4420,3433,987
45063021034,4766,3701,1065
45063021035,3006,2276,730
45063021036,4486,3109,1377
45063021037,4189,3010,1179
45063021038,4294,2835,1459
45063021039,4102,2934,1168
45063021040,5274,3500,1774
45063021041,2786,1865,921
45063021042,3072,2328,744
45063021043,2879,2165,714
45063021044,2622,2107,515
45063021045,3395,2263,1132
45063021046,2656,1858,798
45063021047,3116,2244,872
45063021048,2590,1885,705
45063021049,2790,2035,755
45063021050,2452,1972,480
45063021051,2428,1841,587
45063021052,2948,2266,682
45063021106,2750,2276,474
45063021109,3264,2605,659
45063021110,2819,2288,531
45063021111,2449,1849,600
45063021112,2730,2274,456
45063021113,3156,2444,712
45063021114,3668,3036,632
45063021115,2700,2342,358
45063021116,3183,2529,654
45063021204,4873,3554,1319
45063021205,3336,2820,516
45063021206,3208,2532,676
45063021207,2248,1701,547
45063021208,4582,3429,1153
45063021303,4577,3806,771
45063021305,3002,2186,816
45063021306,3997,3022,975
45063021307,1854,1416,438
45063021309,1894,1503,391
45063021310,2549,1859,690
45063021311,2405,1784,621
45063021312,1992,1467,525
45063021402,3835,2978,857
45063021403,2178,1637,541
45063021404,3047,2409,638
45065920100,2531,2401,130
45065920200,4978,4306,672
45065920300,2017,1735,282
45067950100,4139,3221,918
45067950200,6195,4748,1447
45067950300,2614,2025,589
45067950400,3147,2508,639
45067950500,4301,3491,810
45067950600,5467,4164,1303
45067950700,1340,1106,234
45067950800,1980,1578,402
45069960100,3263,2596,667
45069960201,3905,3089,816
45069960202,1944,1475,469
45069960301,4258,3389,869
45069960302,4875,4379,496
45069960400,4393,3397,996
45069960500,1973,1591,382
45069960600,2056,1668,388
45071950100,3643,2870,773
45071950201,2413,1784,629
45071950203,3723,2804,919
45071950204,4003,3442,561
45071950300,3165,2501,664
45071950502,5560,4054,1506
45071950601,4939,3843,1096
45071950603,2571,2007,564
45071950604,3809,3207,602
45071950700,3893,3197,696
45073030100,4164,3374,790
45073030201,2500,2093,407
45073030202,3739,3536,203
45073030301,2011,1563,448
45073030302,5175,4392,783
45073030402,2212,1685,527
45073030403,2598,1937,661
45073030404,4142,3130,1012
45073030500,4757,3847,910
45073030601,4845,4059,786
45073030602,4869,4111,758
45073030701,3592,2784,808
45073030702,6761,5511,1250
45073030801,3211,2526,685
45073030802,4415,3526,889
45073030901,3148,2587,561
45073030903,4688,3768,920
45073030904,3020,2329,691
45073031000,5143,4012,1131
45073031100,3617,2809,808
45075010101,1729,1340,389
45075010102,1098,868,230
45075010103,865,786,79
45075010104,967,806,161
45075010200,4730,3728,1002
45075010301,1185,932,253
45075010302,1054,879,175
45075010303,689,564,125
45075010304,1376,1048,328
45075010305,1240,1139,101
45075010400,3464,2800,664
45075010500,3233,2584,649
45075010601,1067,866,201
45075010602,760,626,134
45075010603,1371,1065,306
45075010604,1002,748,254
45075010700,2742,2102,640
45075010801,1107,1002,105
45075010802,1142,933,209
45075010803,1941,1541,400
45075010901,1786,1454,332
45075010902,6374,4872,1502
45075011000,5905,4731,1174
45075011100,2760,2066,694
45075011200,2743,2651,92
45075011300,3036,2178,858
45075011400,3359,2631,728
45075011500,3161,2404,757
45075011600,6060,4461,1599
45075011701,680,493,187
45075011702,1530,1181,349
45075011703,1233,981,252
45075011704,1092,857,235
45075011801,993,787,206
45075011802,1131,895,236
45075011803,763,599,164
45075011804,1180,921,259
45075011900,3952,3046,906
45075012000,3723,3002,721
45077010100,3265,2757,508
45077010201,1466,1342,124
45077010202,3336,2644,692
45077010301,3397,2603,794
45077010302,2731,2153,578
45077010401,2010,1599,411
45077010403,2158,1667,491
45077010404,2346,1851,495
45077010405,3471,2766,705
45077010501,2968,2318,650
45077010502,3482,2725,757
45077010601,3620,2871,749
45077010603,3745,3013,732
45077010604,3870,3088,782
45077010700,4447,3544,903
45077010802,3631,2803,828
45077010803,4507,3379,1128
45077010804,3778,3040,738
45077010805,2731,2167,564
45077010806,2153,1617,536
45077010901,5413,4259,1154
45077010903,6130,4829,1301
45077010904,3836,2955,881
45077010905,3826,3150,676
45077011001,3199,2418,781
45077011003,2630,2070,560
45077011004,4021,3151,870
45077011005,2802,2158,644
45077011101,2650,2102,548
45077011103,1223,971,252
45077011104,4553,4005,548
45077011105,3102,2568,534
45077011202,6309,6264,45
45077011204,5688,5020,668
45077011205,5597,5269,328
45077011206,3537,2847,690
45077011207,3776,3083,693
45079000100,2176,1712,464
45079000200,1385,1194,191
45079000300,2528,2006,522
45079000400,1905,1559,346
45079000500,2163,1505,658
45079000600,2332,1987,345
45079000700,1722,1529,193
45079000900,2160,1590,570
45079001000,2692,2536,156
45079001100,3817,3297,520
45079001200,1791,1365,426
45079001300,1713,1532,181
45079001600,2272,2144,128
45079002100,2808,2524,284
45079002200,1273,1069,204
45079002300,2421,1795,626
45079002400,4732,3735,997
45079002500,3660,2941,719
45079002602,2951,2540,411
45079002605,5467,4465,1002
45079002700,2647,2304,343
45079002800,7956,7656,300
45079002900,5124,5053,71
45079003000,2701,2601,100
45079003100,3264,3104,160
45079010104,5057,3823,1234
45079010105,7088,5381,1707
45079010106,5267,3900,1367
45079010107,10964,7838,3126
45079010108,5667,4151,1516
45079010109,7125,4938,2187
45079010200,6066,4892,1174
45079010304,7646,6123,1523
45079010305,7165,5508,1657
45079010308,5687,4341,1346
45079010310,5170,4021,1149
45079010311,7162,5319,1843
45079010312,6149,4284,1865
45079010313,5650,4215,1435
45079010314,4523,3299,1224
45079010315,4472,3506,966
45079010403,4073,3383,690
45079010407,4179,3211,968
45079010408,4495,4376,119
45079010411,3325,2611,714
45079010412,3428,2738,690
45079010413,2061,1713,348
45079010414,5730,4411,1319
45079010501,1674,1301,373
45079010502,1101,683,418
45079010600,4382,3258,1124
45079010701,2677,2028,649
45079010702,3397,2752,645
45079010703,3064,2512,552
45079010803,2056,1597,459
45079010804,2142,1743,399
45079010805,2531,2010,521
45079010806,1176,1143,33
45079010900,2786,1820,966
45079011000,1296,1062,234
45079011101,3549,2836,713
45079011102,3881,3055,826
45079011201,2040,1595,445
45079011202,3625,2828,797
45079011303,5265,4015,1250
45079011304,5118,3779,1339
45079011305,5058,3767,1291
45079011306,3582,2821,761
45079011307,2952,2280,672
45079011407,5878,4477,1401
45079011411,4312,3380,932
45079011412,5959,4472,1487
45079011413,9125,7370,1755
45079011414,5751,4380,1371
45079011417,8261,6074,2187
45079011418,4146,3199,947
45079011419,4984,3915,1069
45079011420,4301,3240,1061
45079011421,4720,3707,1013
45079011422,4965,3484,1481
45079011423,9096,6595,2501
45079011424,7008,5192,1816
45079011425,4677,3404,1273
45079011501,6957,5672,1285
45079011502,1156,736,420
45079011603,5660,4305,1355
45079011604,5989,4762,1227
45079011606,4717,3753,964
45079011607,4720,3635,1085
45079011608,7511,5773,1738
45079011701,3993,3644,349
45079011702,3208,2668,540
45079011801,2892,2342,550
45079011802,2676,2173,503
45079011901,8422,6350,2072
45079011902,4829,3984,845
45079012000,4610,3744,866
45079980100,463,441,22
45081960100,2777,2157,620
45081960201,4654,3537,1117
45081960202,3706,2704,1002
45081960301,2895,2391,504
45081960302,2060,1705,355
45081960400,2770,2242,528
45083020301,2961,2645,316
45083020400,1040,760,280
45083020500,1416,1027,389
45083020601,3112,2337,775
45083020602,2082,1654,428
45083020603,2392,1909,483
45083020701,3061,2144,917
45083020702,2056,1511,545
45083020800,1264,820,444
45083020900,1402,1073,329
45083021001,2612,1845,767
45083021100,3889,3055,834
45083021200,3821,3231,590
45083021301,2473,2034,439
45083021302,2627,2069,558
45083021303,5403,4316,1087
45083021401,1613,1341,272
45083021402,3938,3068,870
45083021403,3876,3006,870
45083021500,3470,2723,747
45083021600,3525,2862,663
45083021700,4405,3328,1077
45083021803,8730,6497,2233
45083021804,2136,1559,577
45083021805,2751,2054,697
45083021806,2867,2474,393
45083021902,8535,6744,1791
45083021903,1967,1524,443
45083021904,4489,3359,1130
45083022003,4549,3369,1180
45083022004,2732,2101,631
45083022005,6247,4842,1405
45083022006,4177,3109,1068
45083022007,4444,3486,958
45083022101,3490,2837,653
45083022102,2087,1650,437
45083022201,4552,3643,909
45083022202,4256,3373,883
45083022303,1967,1500,467
45083022304,5148,4024,1124
45083022305,989,755,234
45083022306,4417,3464,953
45083022404,6717,5051,1666
45083022405,4109,3160,949
45083022406,9337,6938,2399
45083022407,2933,2303,630
45083022408,4215,3201,1014
45083022409,1978,1472,506
45083022410,4257,3156,1101
45083022411,4012,3055,957
45083022500,4437,3497,940
45083022600,3466,2783,683
45083022701,1903,1480,423
45083022702,6458,4926,1532
45083022803,2054,1621,433
45083022804,5262,4038,1224
45083022805,2588,1951,637
45083022806,6366,4703,1663
45083022901,2625,1997,628
45083022902,5148,4024,1124
45083023002,3503,2666,837
45083023003,3029,2385,644
45083023004,8703,6330,2373
45083023101,5693,4208,1485
45083023103,1996,1425,571
45083023104,4653,3564,1089
45083023201,4034,3173,861
45083023202,4534,3447,1087
45083023301,2042,1611,431
45083023302,5270,3870,1400
45083023401,2459,1826,633
45083023402,4301,3360,941
45083023405,7046,5160,1886
45083023406,4346,3332,1014
45083023407,4035,3044,991
45083023408,6231,4410,1821
45083023409,3514,2591,923
45083023500,5287,4164,1123
45083023601,1334,1007,327
45083023602,4848,3725,1123
45083023700,4304,3381,923
45083023803,2652,2036,616
45083023804,3035,2457,578
45083023805,2775,2200,575
45083023806,2618,2272,346
45083023901,1389,1109,280
45083023902,3533,2781,752
45085000100,2888,2479,409
45085000201,4220,3329,891
45085000202,6858,5030,1828
45085000300,3744,2640,1104
45085000401,5856,4419,1437
45085000402,2474,2027,447
45085000500,1993,1643,350
45085000600,3542,2816,726
45085000700,4118,3004,1114
45085000800,3808,2879,929
45085000901,4236,3391,845
45085000902,4607,3584,1023
45085001100,3753,2661,1092
45085001300,1782,1488,294
45085001500,1596,1230,366
45085001600,3303,2506,797
45085001701,7363,5701,1662
45085001703,5379,4222,1157
45085001704,5708,4523,1185
45085001801,3851,2902,949
45085001803,4824,3856,968
45085001804,3562,2692,870
45085001902,5305,3976,1329
45085001903,4294,3232,1062
45085001904,2458,1929,529
45085002000,4034,3243,791
45087030100,2191,1722,469
45087030200,2760,2010,750
45087030300,3749,2912,837
45087030401,3224,2527,697
45087030402,2731,2143,588
45087030500,2053,1637,416
45087030600,1629,1354,275
45087030700,3098,2494,604
45087030800,3521,2772,749
45087030900,2288,1851,437
45089970100,2093,1672,421
45089970200,1330,1095,235
45089970300,4334,3509,825
45089970400,2768,2223,545
45089970501,3258,2583,675
45089970502,3942,3042,900
45089970601,2500,1974,526
45089970602,2268,1773,495
45089970700,2114,1721,393
45089970801,2562,2054,508
45089970802,1319,1319,0
45089970900,2538,1965,573
45091060102,2628,2131,497
45091060200,3872,2982,890
45091060300,4009,3062,947
45091060401,2698,2150,548
45091060402,2806,1998,808
45091060501,3358,2723,635
45091060502,2332,1810,522
45091060600,1719,1704,15
45091060700,5770,4506,1264
45091060802,1810,1430,380
45091060803,5170,4083,1087
45091060804,4719,3669,1050
45091060901,6338,4951,1387
45091060904,7421,5748,1673
45091060908,3752,2829,923
45091060909,5493,4305,1188
45091060910,4597,3547,1050
45091060911,4903,3800,1103
45091060912,2347,1705,642
45091060913,7169,5701,1468
45091061004,9513,6402,3111
45091061006,3705,2803,902
45091061007,8780,6476,2304
45091061008,8430,5906,2524
45091061009,11031,7684,3347
45091061010,5617,4125,1492
45091061011,8633,6383,2250
45091061012,4681,3342,1339
45091061101,4230,3188,1042
45091061103,10273,6968,3305
45091061104,6825,4791,2034
45091061202,4472,3394,1078
45091061203,6483,5088,1395
45091061204,4579,3579,1000
45091061205,4458,3545,913
45091061301,4903,3679,1224
45091061302,4950,3808,1142
45091061401,4253,3316,937
45091061403,5836,4534,1302
45091061404,3711,2986,725
45091061503,3410,2661,749
45091061504,4846,3773,1073
45091061505,2718,2165,553
45091061506,5666,4473,1193
45091061601,3366,2474,892
45091061602,5847,4266,1581
45091061701,4473,3540,933
45091061705,5754,4333,1421
45091061706,7100,5551,1549
45091061708,6779,4867,1912
45091061709,6986,5295,1691
45091061710,3925,3180,745
45091061801,3207,2310,897
45091061802,5083,3788,1295
45091061900,4656,3604,1052
46003973600,2747,2037,710
46005956600,1962,1460,502
46005956700,1997,1440,557
46005956800,1867,1385,482
46005956900,3165,2306,859
46005957000,6314,4662,1652
46005957100,3844,2681,1163
46007941000,1520,994,526
46007941200,1861,1273,588
46009967600,3432,2668,764
46009967700,3571,3039,532
46011958600,4500,3195,1305
46011958700,5366,4073,1293
46011958803,5677,4007,1670
46011958804,2709,2328,381
46011958805,3849,3411,438
46011958900,6471,5735,736
46011959000,5803,4392,1411
46013951300,6006,4603,1403
46013951400,7414,5644,1770
46013951500,2270,1790,480
46013951600,4587,3654,933
46013951700,4425,3178,1247
46013951800,6143,4752,1391
46013951900,3380,2467,913
46013952000,4076,3152,924
46015973100,2491,1880,611
46015973200,2756,2134,622
46017940200,1948,1196,752
46019967600,2890,2227,663
46019967701,4379,3300,1079
46019967702,2974,2240,734
46021964100,1377,1102,275
46023940200,3366,2347,1019
46023940300,3222,2274,948
46023970100,2785,2060,725
46025955800,3837,2779,1058
46027965700,6316,4979,1337
46027965800,2850,2246,604
46027965900,5801,5174,627
46029954100,3620,2650,970
46029954301,4495,3517,978
46029954302,5403,4101,1302
46029954401,2780,2172,608
46029954402,2403,2004,399
46029954501,2298,1755,543
46029954502,4949,3761,1188
46029954600,2377,1747,630
46031941000,1662,1101,561
46031941100,2240,1450,790
46033965100,5857,4903,954
46033965200,2461,2022,439
46035962600,2865,2159,706
46035962700,5845,4627,1218
46035962801,3063,2274,789
46035962802,3131,2318,813
46035962900,5052,3983,1069
46037952700,1575,1243,332
46037952800,1981,1537,444
46037952900,1893,1412,481
46039953600,2931,2221,710
46039953700,1364,1048,316
46041941500,2519,1685,834
46041941700,2720,1910,810
46043969600,2835,2181,654
46045962100,2505,1915,590
46045962200,1481,1160,321
46047964100,3044,2514,530
46047964200,3929,3258,671
46049961100,2125,1652,473
46051953100,5457,4247,1210
46051953300,2099,1589,510
46053971100,1929,1494,435
46053971200,2065,1601,464
46055960100,1872,1449,423
46057955100,2798,2035,763
46057955200,3366,2136,1230
46059975600,1440,1098,342
46059975700,1705,1365,340
46061964100,3461,2447,1014
46063968700,1311,986,325
46065977700,5783,4345,1438
46065977800,5719,4357,1362
46065977900,3056,2430,626
46065978000,3207,2365,842
46067968600,3162,2418,744
46067968700,2345,1755,590
46067968800,1920,1367,553
46069976700,1262,988,274
46071941200,1794,1136,658
46071961100,1012,779,233
46073974100,1663,1283,380
46075091600,917,691,226
46077958100,3143,2430,713
46077958200,2044,1570,474
46079960100,2241,1684,557
46079960201,2463,1980,483
46079960202,3872,2999,873
46079960300,2483,1963,520
46081966101,4222,3308,914
46081966102,2250,1977,273
46081966200,3973,3300,673
46081966301,5585,4405,1180
46081966303,2678,2199,479
46081966304,2455,1882,573
46081966601,1768,1558,210
46081966602,2837,2194,643
46083010103,6059,4239,1820
46083010107,7366,4714,2652
46083010109,6129,4335,1794
46083010110,6720,4991,1729
46083010111,3643,2869,774
46083010112,5922,4590,1332
46083010113,3648,2891,757
46083010114,3466,2501,965
46083010115,6926,4508,2418
46083010116,4206,2921,1285
46083010200,3628,2690,938
46083010300,4887,3574,1313
46083010400,2561,1933,628
46085940100,1614,983,631
46085972600,2104,1639,465
46087964600,3131,2345,786
46087964700,2551,1892,659
46089963100,2411,1915,496
46091950800,4306,3256,1050
46093020200,1923,1428,495
46093020302,6392,4830,1562
46093020303,6820,5033,1787
46093020304,1592,1259,333
46093020401,3336,2513,823
46093020402,3940,3180,760
46093020500,5849,4111,1738
46095940300,1918,1285,633
46097961600,2298,1776,522
46099000100,6363,5505,858
46099000201,4300,3377,923
46099000202,2111,1717,394
46099000300,3846,2932,914
46099000401,2998,2227,771
46099000405,5454,3870,1584
46099000406,3035,2277,758
46099000407,4176,3149,1027
46099000408,4883,3521,1362
46099000500,3573,2866,707
46099000600,2337,1946,391
46099000701,1558,1350,208
46099000702,2835,2236,599
46099000900,3495,2629,866
46099001001,4068,2942,1126
46099001002,5206,4000,1206
46099001105,7186,5061,2125
46099001107,3722,2884,838
46099001108,4802,3803,999
46099001109,1362,1183,179
46099001110,3389,2851,538
46099001111,7304,5154,2150
46099001112,5191,3642,1549
46099001200,4691,3725,966
46099001501,3279,2695,584
46099001502,2582,2106,476
46099001600,3077,2332,745
46099001700,2167,1630,537
46099001801,6851,5169,1682
46099001804,3946,2982,964
46099001805,3873,2819,1054
46099001806,5517,3998,1519
46099001901,1808,1406,402
46099001902,5437,4056,1381
46099010101,5049,3650,1399
46099010102,4426,3200,1226
46099010200,2843,2073,770
46099010300,6494,4627,1867
46099010401,5578,3981,1597
46099010402,2641,1929,712
46099010403,3212,2118,1094
46099010404,4991,3645,1346
46099010405,6122,4678,1444
46099010406,5202,3776,1426
46099010501,6190,4303,1887
46099010502,3865,2692,1173
46099010600,4179,3292,887
46101959600,3206,2373,833
46101959700,3130,2258,872
46102941000,5886,3834,2052
46102941100,5731,3480,2251
46102941200,2055,1291,764
46103010201,3465,2821,644
46103010202,2262,2053,209
46103010300,3385,2466,919
46103010400,3853,2941,912
46103010500,3344,2844,500
46103010600,3460,2637,823
46103010700,3983,3050,933
46103010800,3741,3060,681
46103010904,4649,3708,941
46103010905,6518,5023,1495
46103010906,5794,4312,1482
46103010907,3363,2697,666
46103010908,7499,5507,1992
46103011001,2563,2009,554
46103011002,6946,5526,1420
46103011004,6790,5115,1675
46103011005,2180,1817,363
46103011100,2844,2283,561
46103011200,2832,2176,656
46103011300,6707,5315,1392
46103011400,8657,6669,1988
46103011601,3772,2666,1106
46103011602,3957,2866,1091
46103011700,3996,3339,657
46103011800,2662,1882,780
46105968300,2835,2244,591
46107000100,2472,1989,483
46109940400,3099,2141,958
46109940700,2521,1854,667
46109940800,2861,1922,939
46109950400,1799,1478,321
46111962100,2330,1767,563
46115000100,1790,1347,443
46115000200,2521,1982,539
46115000300,2050,1552,498
46117960100,2980,2244,736
46119979100,1446,1140,306
46121940100,4101,2471,1630
46121940200,5218,3144,2074
46123971600,2233,1735,498
46123971700,3391,2549,842
46125965100,4474,3280,1194
46125965200,4199,3133,1066
46127020100,4311,3235,1076
46127020200,2869,2092,777
46127020301,5025,3787,1238
46127020302,4606,3543,1063
46129965100,1692,1361,331
46129965200,3623,2736,887
46135966100,3007,2330,677
46135966200,5723,4371,1352
46135966301,4126,3414,712
46135966302,6791,5397,1394
46135966400,3663,2870,793
46137941600,2413,1570,843
47001020100,3164,2513,651
47001020201,4527,3649,878
47001020202,4650,3748,902
47001020300,4028,3047,981
47001020400,4602,3616,986
47001020500,3837,2873,964
47001020600,2505,1996,509
47001020700,1485,1150,335
47001020800,4632,3607,1025
47001020901,6212,4908,1304
47001020902,6365,4948,1417
47001021001,2722,2219,503
47001021002,3203,2499,704
47001021100,4087,3344,743
47001021201,4890,3916,974
47001021202,5217,4154,1063
47001021301,3555,2785,770
47001021303,3933,3164,769
47001021304,3509,2700,809
47003950100,4130,3230,900
47003950201,3368,2580,788
47003950202,3991,3033,958
47003950300,3933,3095,838
47003950401,6422,4761,1661
47003950402,7909,5749,2160
47003950500,6660,4895,1765
47003950600,7814,5651,2163
47003950700,3045,2333,712
47003950800,2965,2327,638
47005963000,3194,2622,572
47005963100,2941,2425,516
47005963200,2064,1670,394
47005963300,3822,2945,877
47005963400,3843,3111,732
47007953000,3755,2987,768
47007953101,1687,1333,354
47007953102,3813,3016,797
47007953200,5658,4974,684
47009010100,2888,2118,770
47009010200,7589,5783,1806
47009010301,5713,4697,1016
47009010302,3588,2959,629
47009010400,3213,2596,617
47009010500,3055,2316,739
47009010600,4485,3722,763
47009010700,4996,3816,1180
47009010800,3237,2472,765
47009010900,6481,5009,1472
47009011001,6705,5262,1443
47009011002,4371,3587,784
47009011101,5341,4222,1119
47009011102,9154,7151,2003
47009011201,6103,4686,1417
47009011202,4181,3234,947
47009011301,6102,4855,1247
47009011302,5733,4612,1121
47009011401,1815,1542,273
47009011403,2310,1886,424
47009011404,2488,2196,292
47009011501,1730,1406,324
47009011502,4331,3487,844
47009011503,7169,5825,1344
47009011603,5005,3992,1013
47009011604,3925,3118,807
47009011605,3521,3064,457
47009011606,6045,4911,1134
47009011607,3978,3117,861
47011010100,4564,3661,903
47011010201,2813,2227,586
47011010202,3900,3026,874
47011010300,3577,2732,845
47011010400,2847,2237,610
47011010500,3686,3240,446
47011010600,3509,2726,783
47011010700,5105,3843,1262
47011010800,3394,2502,892
47011010900,2969,2319,650
47011011000,5914,4458,1456
47011011101,6059,4687,1372
47011011102,3649,2829,820
47011011201,6643,5086,1557
47011011203,4639,3640,999
47011011204,6563,5144,1419
47011011301,5061,4057,1004
47011011302,2539,2021,518
47011011402,3189,2529,660
47011011403,4303,3406,897
47011011404,4412,3407,1005
47011011501,5570,4385,1185
47011011502,3738,2913,825
47011011601,5034,3898,1136
47011011602,4943,3928,1015
47013950100,2972,2357,615
47013950200,2388,1921,467
47013950300,1732,1398,334
47013950400,4644,3730,914
47013950500,5336,4258,1078
47013950601,2096,1711,385
47013950602,2373,1830,543
47013950701,1791,1415,376
47013950702,2860,2158,702
47013950800,2367,1942,425
47013950900,2906,2346,560
47013951000,2396,1931,465
47013951100,5411,4251,1160
47015960100,4070,3255,815
47015960201,2426,1886,540
47015960202,4532,3547,985
47015960300,3478,2720,758
47017962000,4260,3343,917
47017962101,3373,2650,723
47017962102,3831,2911,920
47017962201,3210,2463,747
47017962202,4583,3831,752
47017962300,4395,3503,892
47017962400,2612,2075,537
47017962500,2176,1708,468
47019070100,2063,1779,284
47019070200,4103,3350,753
47019070300,5747,4564,1183
47019070400,2221,1644,577
47019070500,4179,3385,794
47019070600,2480,2029,451
47019070700,3438,2777,661
47019070800,2902,2359,543
47019070900,3583,3033,550
47019071000,2705,2267,438
47019071100,1538,1262,276
47019071200,3806,3037,769
47019071301,3766,3103,663
47019071302,3443,2765,678
47019071400,3314,2671,643
47019071500,2109,1762,347
47019071600,1462,1225,237
47019071700,3497,2885,612
47021070102,4108,3299,809
47021070103,3524,2761,763
47021070104,5896,4669,1227
47021070201,4807,3674,1133
47021070202,5587,4288,1299
47021070203,3763,2909,854
47021070300,3854,3046,808
47021070401,2473,2000,473
47021070402,7060,5613,1447
47023970101,2630,1958,672
47023970102,3596,2804,792
47023970200,5487,4330,1157
47023970301,1659,1331,328
47023970302,3969,3068,901
47025970100,2685,2143,542
47025970200,2709,2322,387
47025970300,4341,3733,608
47025970400,783,643,140
47025970500,2721,2177,544
47025970600,4584,3666,918
47025970700,5788,4560,1228
47025970800,3880,3037,843
47025970900,4552,3655,897
47027955000,4910,3954,956
47027955100,2671,2084,587
47029920100,3974,3195,779
47029920200,6063,4709,1354
47029920300,4043,3292,751
47029920400,1803,1494,309
47029920501,6227,4947,1280
47029920502,5215,4248,967
47029920600,4369,3476,893
47029920700,4294,3565,729
47031970100,3877,3022,855
47031970201,3482,2695,787
47031970202,3977,3080,897
47031970300,2028,1599,429
47031970401,1793,1461,332
47031970402,5234,3909,1325
47031970501,1242,952,290
47031970502,5583,4211,1372
47031970600,4445,3506,939
47031970700,4586,3507,1079
47031970801,4249,3224,1025
47031970803,2880,2304,576
47031970804,3635,2827,808
47031970900,4519,3270,1249
47031971001,1159,975,184
47031971002,5197,4056,1141
47033961000,2174,1687,487
47033961100,4078,3094,984
47033961200,1652,1288,364
47033961300,2154,1692,462
47033961400,3853,2882,971
47035970101,4659,4415,244
47035970103,3106,2797,309
47035970104,3213,2993,220
47035970201,4412,3649,763
47035970202,1948,1527,421
47035970301,3426,2685,741
47035970302,4526,3679,847
47035970401,4568,3471,1097
47035970402,2170,1799,371
47035970501,2624,2123,501
47035970502,4178,3186,992
47035970601,5249,4137,1112
47035970602,3983,3349,634
47035970603,2085,1691,394
47035970701,2267,1958,309
47035970702,4744,3874,870
47035970800,3987,3241,746
47037010103,2459,2016,443
47037010104,3213,2646,567
47037010105,4478,3604,874
47037010106,3042,2319,723
47037010201,4200,3396,804
47037010202,4158,3448,710
47037010301,3895,3105,790
47037010302,1817,1447,370
47037010303,5746,4657,1089
47037010401,5293,4076,1217
47037010403,3613,2709,904
47037010404,2410,1805,605
47037010501,5593,4654,939
47037010502,5279,4205,1074
47037010601,5366,4089,1277
47037010602,3544,2649,895
47037010701,4281,3395,886
47037010702,3391,2687,704
47037010801,5703,4486,1217
47037010802,3330,2815,515
47037010901,3305,2617,688
47037010903,5858,4203,1655
47037010904,2931,2075,856
47037011001,6579,4860,1719
47037011002,2632,2079,553
47037011100,3961,3289,672
47037011200,4337,3716,621
47037011300,5113,4022,1091
47037011400,5032,4260,772
47037011500,3819,3242,577
47037011600,5257,4429,828
47037011700,6055,5090,965
47037011800,2577,1939,638
47037011900,2982,2415,567
47037012100,2649,2122,527
47037012200,2187,1823,364
47037012600,2005,1482,523
47037012701,5963,4264,1699
47037012702,3323,2503,820
47037012801,4944,3752,1192
47037012802,4148,3477,671
47037013001,252,234,18
47037013002,1398,1386,12
47037013100,2322,1921,401
47037013201,3092,2597,495
47037013202,3472,2943,529
47037013300,5165,4413,752
47037013400,4460,3639,821
47037013500,2398,2071,327
47037013600,6488,5365,1123
47037013701,3637,2959,678
47037013702,3186,2449,737
47037013800,1464,1192,272
47037013900,1662,1361,301
47037014200,2418,2095,323
47037014300,1767,1441,326
47037014400,2577,2190,387
47037014800,1382,681,701
47037015100,4119,3437,682
47037015200,2588,2180,408
47037015300,5962,5018,944
47037015401,5493,4504,989
47037015402,4934,3839,1095
47037015404,3115,2543,572
47037015405,4747,3793,954
47037015501,3228,2913,315
47037015502,4100,3431,669
47037015609,5236,4560,676
47037015613,5270,4170,1100
47037015614,4540,3343,1197
47037015615,5138,3575,1563
47037015617,2480,1978,502
47037015618,6801,5094,1707
47037015619,5546,4229,1317
47037015620,7522,5340,2182
47037015622,3845,3037,808
47037015623,5872,4370,1502
47037015624,4766,3724,1042
47037015625,5717,4709,1008
47037015626,6737,5041,1696
47037015627,3415,2465,950
47037015628,3744,2805,939
47037015629,5461,4219,1242
47037015630,5457,4042,1415
47037015632,3928,3186,742
47037015633,5019,4116,903
47037015634,12357,8662,3695
47037015635,2640,1991,649
47037015636,3670,2785,885
47037015637,4414,3479,935
47037015700,1672,1258,414
47037015804,4377,3363,1014
47037015805,3720,2827,893
47037015806,6001,4516,1485
47037015900,3068,2858,210
47037016000,2411,1763,648
47037016100,2411,1996,415
47037016200,3476,2752,724
47037016300,2693,2162,531
47037016400,5124,5054,70
47037016500,4812,4780,32
47037016600,3604,3477,127
47037016700,5616,4805,811
47037016800,4427,3986,441
47037016900,4752,3877,875
47037017000,4567,4092,475
47037017100,4194,3785,409
47037017200,1767,1524,243
47037017300,3287,2582,705
47037017401,2453,1882,571
47037017402,6073,4934,1139
47037017500,3035,2507,528
47037017701,2476,1781,695
47037017702,4983,4318,665
47037017800,5964,4999,965
47037017901,5688,4707,981
47037017902,4852,3987,865
47037018000,5168,4368,800
47037018101,5173,4102,1071
47037018102,3598,3072,526
47037018201,3144,2521,623
47037018203,1490,1165,325
47037018204,3356,2919,437
47037018205,3478,3004,474
47037018302,3031,2290,741
47037018303,4873,4274,599
47037018304,4431,3446,985
47037018404,5185,4521,664
47037018405,5041,3949,1092
47037018407,5195,3946,1249
47037018408,3552,2728,824
47037018409,4287,3722,565
47037018410,3457,2896,561
47037018411,2843,2375,468
47037018412,4443,3801,642
47037018500,5360,3956,1404
47037018601,2387,1763,624
47037018602,4515,3402,1113
47037018700,3715,2864,851
47037018801,6132,4861,1271
47037018803,4054,3551,503
47037018804,4980,4000,980
47037018901,3392,2643,749
47037018902,2515,2034,481
47037018904,4003,3001,1002
47037018905,3511,2733,778
47037019003,4552,3449,1103
47037019004,4827,3412,1415
47037019007,2444,1865,579
47037019008,6432,4477,1955
47037019105,6311,4602,1709
47037019106,4179,3355,824
47037019108,3527,2417,1110
47037019109,5605,3942,1663
47037019110,4042,2950,1092
47037019111,4516,3448,1068
47037019112,5228,3922,1306
47037019115,3906,3128,778
47037019116,7366,5663,1703
47037019117,5296,3798,1498
47037019118,5636,4298,1338
47037019119,8008,6596,1412
47037019120,2909,2494,415
47037019121,4326,3242,1084
47037019200,3567,2894,673
47037019300,3544,2258,1286
47037019401,4054,3675,379
47037019402,4231,4031,200
47037019501,3441,3322,119
47037019502,3732,3647,85
47037019503,5241,5077,164
47037019600,3666,2981,685
47039955001,1788,1482,306
47039955003,2617,2058,559
47039955004,2057,1608,449
47039955101,1817,1458,359
47039955102,3156,2516,640
47041920101,2492,2126,366
47041920102,4582,3524,1058
47041920201,5221,3930,1291
47041920202,2179,1671,508
47041920300,5606,4413,1193
47043060100,4236,3317,919
47043060201,3796,2923,873
47043060202,3556,2759,797
47043060300,6945,5405,1540
47043060401,3312,2663,649
47043060402,6890,5252,1638
47043060501,6559,5242,1317
47043060502,3376,2726,650
47043060601,4041,3021,1020
47043060602,6879,5224,1655
47043060700,4725,3672,1053
47045964001,4153,3106,1047
47045964002,2614,1925,689
47045964200,5767,4435,1332
47045964300,5453,4109,1344
47045964401,3261,2370,891
47045964402,2324,1762,562
47045964500,2343,1816,527
47045964600,2693,2116,577
47045964800,3008,2301,707
47045964900,5185,4003,1182
47047060300,2786,2270,516
47047060401,3344,2669,675
47047060402,4157,3328,829
47047060403,4304,3619,685
47047060404,6391,5110,1281
47047060501,4566,3674,892
47047060502,3987,3212,775
47047060600,3870,3120,750
47047060701,2227,1888,339
47047060702,3734,3183,551
47047060800,2624,2032,592
47049965000,3381,2828,553
47049965100,4417,3533,884
47049965201,2346,1820,526
47049965202,3165,2529,636
47049965300,5180,3978,1202
47051960100,3573,2843,730
47051960201,6378,5176,1202
47051960202,5574,4378,1196
47051960300,3149,2522,627
47051960401,3458,2751,707
47051960402,4482,3623,859
47051960500,3963,3199,764
47051960600,5253,4073,1180
47051960700,3959,3579,380
47051960800,2985,2254,731
47053966100,2487,1941,546
47053966200,3566,2756,810
47053966300,2603,2061,542
47053966400,5217,3917,1300
47053966501,2535,1969,566
47053966502,3551,2719,832
47053966600,1871,1421,450
47053966701,2560,1965,595
47053966702,3243,2582,661
47053966800,1201,980,221
47053966900,2180,1668,512
47053967001,3819,2992,827
47053967002,3378,2615,763
47053967100,7829,5260,2569
47053967300,1066,844,222
47053967400,3322,2580,742
47055920100,3377,2646,731
47055920200,5058,3951,1107
47055920301,4966,3781,1185
47055920302,1869,1508,361
47055920400,2943,2434,509
47055920500,4557,3576,981
47055920600,2783,2195,588
47055920700,1757,1456,301
47055920800,3036,2435,601
47057500100,3962,3089,873
47057500200,5139,4028,1111
47057500301,3341,2649,692
47057500302,3391,2671,720
47057500401,2493,1941,552
47057500402,5201,4326,875
47059090100,6555,5022,1533
47059090200,3727,3308,419
47059090300,6001,4728,1273
47059090400,5475,4371,1104
47059090501,5543,4370,1173
47059090502,1679,1358,321
47059090600,3852,3118,734
47059090700,2666,2130,536
47059090800,4384,3545,839
47059090900,5342,4280,1062
47059091001,4637,3816,821
47059091002,3039,2469,570
47059091100,3452,2839,613
47059091200,3562,2740,822
47059091300,4358,3414,944
47059091400,2766,2235,531
47059091500,3114,2596,518
47061955000,2815,2231,584
47061955100,1556,1289,267
47061955200,3956,3160,796
47061955300,5202,4088,1114
47063100100,6470,4753,1717
47063100200,5632,4204,1428
47063100300,3589,2347,1242
47063100400,6184,4848,1336
47063100500,3011,2483,528
47063100600,7532,5968,1564
47063100700,6039,4723,1316
47063100800,3251,2401,850
47063100900,5315,4125,1190
47063101000,5313,4201,1112
47063101100,5444,4309,1135
47063101200,6719,5152,1567
47065000400,3002,2318,684
47065000600,3620,2865,755
47065000700,4392,3412,980
47065000800,1976,1743,233
47065001100,1519,1263,256
47065001200,2949,2203,746
47065001300,1965,1487,478
47065001400,1879,1436,443
47065001600,3004,2394,610
47065001800,2539,2083,456
47065001900,4329,3020,1309
47065002000,2229,1799,430
47065002300,1546,1064,482
47065002400,4978,3251,1727
47065002500,4832,3264,1568
47065002600,2737,1747,990
47065002800,3758,3058,700
47065002900,2603,2058,545
47065003000,2403,1875,528
47065003100,2073,1975,98
47065003200,3166,2396,770
47065003300,6451,5060,1391
47065003400,4245,3383,862
47065010101,6114,4946,1168
47065010103,3966,3189,777
47065010104,4005,3245,760
47065010201,4054,3231,823
47065010202,4674,3758,916
47065010303,3472,2686,786
47065010304,5625,4302,1323
47065010305,3461,2732,729
47065010306,3681,2890,791
47065010308,3012,2450,562
47065010309,2892,2337,555
47065010411,7099,5553,1546
47065010412,5121,4023,1098
47065010413,3984,3181,803
47065010431,7568,6101,1467
47065010432,7112,5823,1289
47065010433,5358,4135,1223
47065010434,2567,2025,542
47065010435,5686,4573,1113
47065010501,6301,5045,1256
47065010502,3160,2566,594
47065010600,2832,2382,450
47065010700,3090,2604,486
47065010800,4095,3428,667
47065010901,2319,2095,224
47065010902,940,775,165
47065010904,2535,2252,283
47065010905,3982,3432,550
47065011001,1996,1629,367
47065011003,3960,2890,1070
47065011004,4397,3107,1290
47065011100,6524,4859,1665
47065011203,7216,5916,1300
47065011204,5766,4597,1169
47065011205,8762,6658,2104
47065011206,4682,3608,1074
47065011311,10069,8308,1761
47065011314,5494,4190,1304
47065011321,7726,6107,1619
47065011323,6133,5065,1068
47065011324,4249,3170,1079
47065011325,6332,4914,1418
47065011326,5464,4366,1098
47065011402,5720,4623,1097
47065011411,4211,3428,783
47065011413,7880,6311,1569
47065011442,2876,2261,615
47065011444,3384,2649,735
47065011445,3994,3174,820
47065011446,4036,3304,732
47065011447,8839,6573,2266
47065011448,4061,3376,685
47065011449,2381,2001,380
47065011600,6225,4873,1352
47065011700,4381,3570,811
47065011800,6854,5383,1471
47065011900,1705,1360,345
47065012000,2058,1520,538
47065012100,6066,4946,1120
47065012200,1984,1369,615
47065012300,4467,3301,1166
47065012400,5415,5128,287
47067960500,2768,2200,568
47067960600,3894,3078,816
47069950100,3599,2868,731
47069950200,6156,5575,581
47069950300,3845,3027,818
47069950400,5069,3936,1133
47069950500,4233,3342,891
47069950600,2560,2043,517
47071920100,4189,3287,902
47071920200,4609,3795,814
47071920300,4069,3149,920
47071920401,1850,1484,366
47071920402,3235,2409,826
47071920501,4037,3204,833
47071920502,1509,1217,292
47071920600,3333,2824,509
47073050100,3903,3211,692
47073050200,4854,3907,947
47073050301,4821,3855,966
47073050302,3917,3047,870
47073050400,5647,4444,1203
47073050501,4098,3321,777
47073050502,3425,2697,728
47073050503,4797,3903,894
47073050601,5753,4564,1189
47073050602,4393,3520,873
47073050700,3349,2723,626
47073050800,4928,3954,974
47073050900,2836,2262,574
47075930100,2558,2023,535
47075930200,1558,1251,307
47075930301,4341,3337,1004
47075930302,2744,2067,677
47075930400,4206,3155,1051
47075930500,2457,2008,449
47077975000,2784,2197,587
47077975100,3475,2707,768
47077975200,5769,4397,1372
47077975301,3512,2707,805
47077975302,3925,3044,881
47077975400,4583,3522,1061
47077975500,3794,2985,809
47079969001,2352,2086,266
47079969002,2133,1735,398
47079969100,2817,2267,550
47079969200,1689,1272,417
47079969300,3175,2401,774
47079969400,2006,1526,480
47079969501,1960,1539,421
47079969502,3728,2944,784
47079969601,3009,2370,639
47079969602,4702,3683,1019
47079969700,2285,1856,429
47079969800,2343,1882,461
47081950100,5458,4271,1187
47081950201,3493,2695,798
47081950202,3622,2759,863
47081950301,2758,2240,518
47081950302,4786,3750,1036
47081950400,2132,1627,505
47081950500,2676,2401,275
47083120100,3174,2481,693
47083120200,2077,1652,425
47083120300,3032,2368,664
47085130100,5379,4179,1200
47085130200,1971,1606,365
47085130300,5845,4529,1316
47085130400,2830,2068,762
47085130500,2965,2276,689
47087960100,1865,1536,329
47087960200,2361,1951,410
47087960300,5545,4424,1121
47087960400,1846,1507,339
47089070101,2527,1973,554
47089070102,4700,3604,1096
47089070200,4837,3757,1080
47089070300,7066,5819,1247
47089070400,3716,2924,792
47089070500,5556,4339,1217
47089070600,5365,4186,1179
47089070701,4422,3470,952
47089070702,3815,3223,592
47089070801,3713,2953,760
47089070802,4146,3350,796
47089070900,4820,4133,687
47091956000,963,828,135
47091956100,4281,3706,575
47091956200,2313,1901,412
47091956300,5605,4523,1082
47091956400,4786,3853,933
47093000100,2907,2809,98
47093000800,3502,3078,424
47093000901,1986,1978,8
47093000902,4873,4861,12
47093001400,2261,1522,739
47093001500,3459,2802,657
47093001600,2978,2513,465
47093001700,2588,2122,466
47093001800,2447,1972,475
47093001900,1555,1173,382
47093002000,3114,2261,853
47093002100,2857,2176,681
47093002200,3658,2912,746
47093002300,3261,2761,500
47093002400,4088,3195,893
47093002600,2777,2163,614
47093002700,2733,2051,682
47093002800,5449,3708,1741
47093002900,3769,2631,1138
47093003000,4864,3970,894
47093003100,2886,2395,491
47093003200,3289,2526,763
47093003300,2147,1749,398
47093003400,3900,3257,643
47093003501,2794,2320,474
47093003502,2778,2475,303
47093003700,2566,2153,413
47093003801,4182,3544,638
47093003802,3203,2600,603
47093003901,4271,3338,933
47093003902,3206,2419,787
47093004000,4738,3912,826
47093004100,4462,3565,897
47093004200,3243,2618,625
47093004300,3208,2573,635
47093004401,5339,4252,1087
47093004403,5317,4279,1038
47093004404,4300,3727,573
47093004501,3216,2662,554
47093004502,3438,2903,535
47093004606,6982,5481,1501
47093004607,6585,4804,1781
47093004608,2868,2248,620
47093004609,5043,4016,1027
47093004610,5071,4071,1000
47093004611,4344,3361,983
47093004612,2758,2174,584
47093004613,5814,4441,1373
47093004614,3092,2503,589
47093004615,4559,3469,1090
47093004700,4194,3337,857
47093004800,5564,4390,1174
47093004900,5936,4762,1174
47093005000,4059,3257,802
47093005100,7073,5647,1426
47093005202,4075,3170,905
47093005203,4845,4023,822
47093005204,1697,1336,361
47093005301,4487,3533,954
47093005302,3737,2950,787
47093005401,3660,3059,601
47093005402,3247,2605,642
47093005501,2831,2310,521
47093005502,3190,2673,517
47093005602,4015,3279,736
47093005603,4263,3391,872
47093005604,2797,2291,506
47093005701,5079,3912,1167
47093005704,6341,5088,1253
47093005706,4659,3637,1022
47093005707,3649,2802,847
47093005708,3173,2370,803
47093005709,2590,2015,575
47093005710,2433,1908,525
47093005711,5951,4378,1573
47093005713,4044,3008,1036
47093005714,4655,3665,990
47093005803,2829,2249,580
47093005807,3289,2467,822
47093005808,5438,4164,1274
47093005809,5476,4196,1280
47093005810,3929,2946,983
47093005811,3700,2808,892
47093005813,6612,5098,1514
47093005814,4767,3320,1447
47093005815,3079,2257,822
47093005903,5181,4007,1174
47093005906,2461,1800,661
47093005907,5375,3952,1423
47093005908,5523,4161,1362
47093005909,1376,981,395
47093005910,1889,1579,310
47093005911,2937,2285,652
47093005912,4598,3513,1085
47093006001,4527,3401,1126
47093006002,6043,4754,1289
47093006003,5149,4020,1129
47093006102,5356,4227,1129
47093006103,5006,3875,1131
47093006104,6285,4884,1401
47093006202,5293,4134,1159
47093006203,5130,3989,1141
47093006205,4830,3777,1053
47093006206,5219,4071,1148
47093006207,3764,2918,846
47093006208,5803,4414,1389
47093006301,3611,2772,839
47093006302,2846,2216,630
47093006401,4377,3244,1133
47093006402,5394,4058,1336
47093006403,3189,2443,746
47093006501,3579,2830,749
47093006502,3468,2720,748
47093006600,3127,2742,385
47093006700,2922,2370,552
47093006800,4483,3479,1004
47093006901,3326,3175,151
47093006902,2309,2247,62
47093006903,1908,1812,96
47093007000,2627,1808,819
47093007100,3972,3150,822
47095960100,4872,4289,583
47095960200,2133,1678,455
47097050100,3143,2872,271
47097050200,3426,2624,802
47097050300,2657,2037,620
47097050400,2954,2329,625
47097050503,2314,1806,508
47097050504,2826,2080,746
47097050505,3466,2465,1001
47097050506,2299,1804,495
47097050600,2058,1617,441
47099960100,4890,3600,1290
47099960200,2437,1891,546
47099960300,5856,3937,1919
47099960401,5690,4479,1211
47099960402,4274,3342,932
47099960501,4660,3544,1116
47099960502,4572,3496,1076
47099960600,2148,1650,498
47099960700,3957,3076,881
47099960800,3666,2808,858
47099960900,2009,1530,479
47101970100,4830,3821,1009
47101970200,7752,5936,1816
47103975000,1745,1376,369
47103975100,2300,1820,480
47103975200,1838,1466,372
47103975300,6512,5045,1467
47103975400,4101,3317,784
47103975500,5237,4061,1176
47103975601,5952,4448,1504
47103975602,4306,3334,972
47103975700,3328,2608,720
47105060100,4987,4042,945
47105060201,3920,3053,867
47105060203,2977,2166,811
47105060204,5535,4012,1523
47105060301,4257,3567,690
47105060303,4033,3232,801
47105060304,2905,2390,515
47105060400,5502,4456,1046
47105060502,2619,2032,587
47105060503,3548,3062,486
47105060504,4708,4562,146
47105060505,2091,2056,35
47105060600,4815,3681,1134
47105060700,2989,2375,614
47107970102,4830,3799,1031
47107970103,3338,2620,718
47107970104,3806,2989,817
47107970201,2480,1935,545
47107970202,3502,2672,830
47107970300,3389,2617,772
47107970401,3672,2980,692
47107970402,5268,4215,1053
47107970500,3863,3036,827
47107970601,2851,2258,593
47107970602,3608,2817,791
47107970700,4239,3366,873
47107970801,4497,3604,893
47107970802,3933,3104,829
47109930100,4256,3326,930
47109930200,2136,1635,501
47109930300,2796,2160,636
47109930400,2107,1624,483
47109930501,2458,2049,409
47109930502,5239,4162,1077
47109930600,3671,2911,760
47109930700,3203,2548,655
47111970100,5042,3870,1172
47111970200,6471,4878,1593
47111970301,4787,3593,1194
47111970302,4128,3158,970
47111970400,4788,3579,1209
47113000100,4014,3103,911
47113000200,6276,4676,1600
47113000300,4138,3297,841
47113000400,3603,2536,1067
47113000500,3835,2735,1100
47113000600,1833,1431,402
47113000700,2325,1841,484
47113000800,2462,2212,250
47113000900,2249,1623,626
47113001000,1874,1405,469
47113001100,992,616,376
47113001300,5939,4671,1268
47113001401,2006,1624,382
47113001402,2200,1776,424
47113001501,4781,3629,1152
47113001502,5620,4582,1038
47113001603,2361,1881,480
47113001604,2852,2380,472
47113001605,3048,2685,363
47113001607,5998,4582,1416
47113001608,2464,1996,468
47113001609,1883,1460,423
47113001610,7016,5186,1830
47113001611,2834,2245,589
47113001612,7797,6243,1554
47113001700,1473,1192,281
47113001800,2994,2434,560
47113001900,3956,3201,755
47115050101,3625,2943,682
47115050102,5953,4654,1299
47115050201,4596,3658,938
47115050203,2561,2003,558
47115050204,3522,2845,677
47115050301,5554,4342,1212
47115050302,3026,2472,554
47117955000,8820,6576,2244
47117955100,5730,4510,1220
47117955200,6713,5239,1474
47117955300,4203,3036,1167
47117955400,4256,3335,921
47117955500,4596,3591,1005
47119010100,3638,2883,755
47119010201,8425,6596,1829
47119010203,4991,3925,1066
47119010204,10119,7562,2557
47119010205,1817,1373,444
47119010301,7889,6091,1798
47119010302,2884,2345,539
47119010401,4033,3154,879
47119010402,2674,2024,650
47119010500,5039,3688,1351
47119010600,5356,3974,1382
47119010700,4838,3657,1181
47119010801,3481,2814,667
47119010802,8302,6316,1986
47119010900,3313,2579,734
47119011001,2942,2264,678
47119011003,2619,1986,633
47119011004,4064,3082,982
47119011101,5043,4093,950
47119011102,3084,2435,649
47119011200,6423,5013,1410
47121960100,3387,2747,640
47121960200,4949,3874,1075
47121960300,4422,3480,942
47123925001,4245,3695,550
47123925002,3876,3087,789
47123925101,3964,3116,848
47123925102,4265,3162,1103
47123925200,4903,3800,1103
47123925301,3833,2899,934
47123925302,3694,2868,826
47123925401,4541,3575,966
47123925402,4539,3571,968
47123925501,2973,2367,606
47123925503,3282,2607,675
47123925504,2135,1726,409
47125100100,1627,1523,104
47125100200,1771,1420,351
47125100300,5588,4091,1497
47125100500,5074,4109,965
47125100601,2326,1912,414
47125100602,2812,2355,457
47125100800,3553,2993,560
47125100900,2546,1883,663
47125101001,4388,3275,1113
47125101002,3569,2607,962
47125101101,2765,2069,696
47125101102,10017,7006,3011
47125101103,2738,2011,727
47125101201,2343,1676,667
47125101202,4451,3284,1167
47125101304,6228,4416,1812
47125101305,6862,4457,2405
47125101306,5709,4100,1609
47125101307,2376,1831,545
47125101308,3941,2939,1002
47125101309,7817,5148,2669
47125101400,6912,4513,2399
47125101501,3389,2557,832
47125101502,4171,3263,908
47125101600,5704,4290,1414
47125101701,3527,2734,793
47125101702,5572,4194,1378
47125101803,8928,6632,2296
47125101805,3928,3020,908
47125101806,7834,5862,1972
47125101807,3799,2730,1069
47125101808,3930,2927,1003
47125101902,2650,2045,605
47125101904,6833,4658,2175
47125101905,5381,3876,1505
47125101906,6161,4573,1588
47125102001,6596,5036,1560
47125102003,7422,4981,2441
47125102004,5939,4206,1733
47125102005,7270,5374,1896
47125102007,2071,1440,631
47125102008,7152,4929,2223
47125102009,6179,4114,2065
47125102010,4671,3162,1509
47125102100,5154,4014,1140
47125980100,395,387,8
47127930100,3985,3142,843
47127930200,2476,1986,490
47129110100,3145,2453,692
47129110200,3379,2716,663
47129110300,5707,4861,846
47129110400,3936,3094,842
47129110500,4868,3774,1094
47131965000,4069,3243,826
47131965100,2335,1889,446
47131965200,2082,1650,432
47131965300,3513,2862,651
47131965400,4204,3276,928
47131965500,2838,2166,672
47131965600,4145,2985,1160
47131965700,4674,3638,1036
47131965800,1652,1363,289
47131965900,1275,1024,251
47133950100,1668,1318,350
47133950200,1716,1362,354
47133950301,4524,3591,933
47133950302,3022,2413,609
47133950400,2109,1621,488
47133950501,4355,3390,965
47133950502,2469,1897,572
47133950600,2648,2045,603
47135930100,3334,2542,792
47135930201,2603,2095,508
47135930202,2429,1933,496
47137925101,3040,2523,517
47137925102,1961,1567,394
47139950100,1583,1272,311
47139950201,2275,1842,433
47139950203,3106,2485,621
47139950204,2868,2343,525
47139950300,4187,3322,865
47139950400,3525,2989,536
47141000100,5922,4524,1398
47141000201,5918,4646,1272
47141000202,4808,3765,1043
47141000301,2976,2334,642
47141000303,2636,1999,637
47141000304,4333,3372,961
47141000305,2667,2128,539
47141000400,4186,3439,747
47141000500,2106,1754,352
47141000600,4279,3521,758
47141000700,3824,2998,826
47141000800,6135,5490,645
47141000900,6763,5252,1511
47141001000,3742,2866,876
47141001100,7538,5688,1850
47141001201,5549,4359,1190
47141001202,4235,3283,952
47141001300,2237,1783,454
47143975000,4962,4089,873
47143975100,4775,3828,947
47143975200,6530,4967,1563
47143975300,5906,4617,1289
47143975401,7003,5279,1724
47143975402,3694,2854,840
47145030100,3387,2725,662
47145030203,3848,3144,704
47145030204,3464,2824,640
47145030205,3088,2511,577
47145030206,3961,3205,756
47145030301,2921,2457,464
47145030302,3658,2848,810
47145030401,2643,2142,501
47145030402,3836,3124,712
47145030500,4103,3247,856
47145030600,3466,2852,614
47145030700,4087,3249,838
47145030801,2008,1565,443
47145030802,3196,2527,669
47145030900,5738,4561,1177
47147080101,4286,3298,988
47147080103,6840,5094,1746
47147080104,7632,5891,1741
47147080200,6151,4719,1432
47147080301,3329,2416,913
47147080302,3160,2332,828
47147080401,5445,4079,1366
47147080402,5252,3935,1317
47147080500,5030,3815,1215
47147080603,4770,3729,1041
47147080604,4095,3212,883
47147080605,3071,2370,701
47147080606,6120,4693,1427
47147080701,3447,2665,782
47147080702,4175,3312,863
47149040101,4486,3013,1473
47149040102,4262,2992,1270
47149040104,5786,4196,1590
47149040105,4716,3369,1347
47149040106,3544,2468,1076
47149040107,5349,3656,1693
47149040200,4131,3046,1085
47149040303,2412,1793,619
47149040304,3017,2228,789
47149040305,2589,1784,805
47149040307,3240,2443,797
47149040308,7032,5168,1864
47149040309,6132,4532,1600
47149040310,4062,3019,1043
47149040311,2852,2265,587
47149040312,2956,2241,715
47149040404,3885,2894,991
47149040405,4131,2917,1214
47149040501,9212,6691,2521
47149040502,8339,6177,2162
47149040600,5167,4000,1167
47149040702,6970,5022,1948
47149040703,8582,6162,2420
47149040704,4866,3457,1409
47149040806,8601,6318,2283
47149040807,6996,5029,1967
47149040808,11023,7832,3191
47149040809,4664,3324,1340
47149040810,3139,2374,765
47149040811,7302,5200,2102
47149040812,4198,2917,1281
47149040901,5418,4396,1022
47149040904,5175,3937,1238
47149040906,7682,5580,2102
47149040907,11593,8538,3055
47149040908,7337,5716,1621
47149040909,6889,5030,1859
47149040910,6238,4819,1419
47149040911,6495,4771,1724
47149041000,8704,6455,2249
47149041102,3111,2449,662
47149041103,4602,3476,1126
47149041104,4418,3407,1011
47149041201,6451,4993,1458
47149041202,4967,3807,1160
47149041301,6414,5044,1370
47149041302,5779,4620,1159
47149041401,4930,3918,1012
47149041404,4272,3073,1199
47149041405,2584,2020,564
47149041406,5090,4053,1037
47149041407,4781,3725,1056
47149041500,2900,2881,19
47149041601,3542,2867,675
47149041602,2313,1908,405
47149041700,4946,3909,1037
47149041800,5201,4062,1139
47149041900,4405,3271,1134
47149042000,5451,4271,1180
47149042101,5974,4731,1243
47149042102,4942,3988,954
47149042200,4946,3714,1232
47149042301,5903,4366,1537
47149042302,4392,3224,1168
47151975000,4130,3120,1010
47151975101,2721,2033,688
47151975102,4223,3175,1048
47151975200,5708,4371,1337
47151975300,2351,1774,577
47151975400,2717,2058,659
47153060102,2555,2089,466
47153060103,4484,3552,932
47153060104,4265,3227,1038
47153060200,4522,3637,885
47155080101,4290,3315,975
47155080103,3921,3104,817
47155080104,3879,3017,862
47155080202,6448,5115,1333
47155080203,5252,4215,1037
47155080204,3626,2829,797
47155080300,5642,4412,1230
47155080401,3297,2731,566
47155080402,4077,3151,926
47155080500,5644,4492,1152
47155080601,5073,4071,1002
47155080603,3852,3095,757
47155080604,5275,4257,1018
47155080701,3792,3066,726
47155080702,4666,3852,814
47155080801,2934,2090,844
47155080803,5141,3965,1176
47155080804,2870,2252,618
47155080901,3457,2893,564
47155080903,2327,1950,377
47155080904,2370,1913,457
47155081001,3336,2553,783
47155081002,2542,2135,407
47155081101,1461,1228,233
47155081103,1758,1461,297
47155081104,1428,1180,248
47157000100,5821,5268,553
47157000200,1117,809,308
47157000300,675,525,150
47157000400,1350,989,361
47157000600,1695,1321,374
47157000700,4654,3453,1201
47157000800,1934,1400,534
47157000900,2519,1873,646
47157001100,3474,2415,1059
47157001200,4101,2997,1104
47157001300,3676,2526,1150
47157001400,1426,1005,421
47157001500,1721,1354,367
47157001600,3159,2864,295
47157001700,3493,2979,514
47157001900,1148,906,242
47157002000,1578,1189,389
47157002100,1422,1069,353
47157002400,2352,1762,590
47157002500,3104,2518,586
47157002600,2441,2049,392
47157002700,1774,1346,428
47157002800,3392,2343,1049
47157002900,4882,4035,847
47157003000,2798,2300,498
47157003100,3598,3257,341
47157003200,3783,3468,315
47157003300,2146,1805,341
47157003400,2065,1816,249
47157003500,3081,2583,498
47157003600,1586,1402,184
47157003700,1291,1168,123
47157003800,818,750,68
47157003900,1532,1438,94
47157004200,3432,3332,100
47157004300,3091,2875,216
47157004500,831,565,266
47157004600,1492,1119,373
47157005000,1021,690,331
47157005300,3023,2399,624
47157005500,1934,1454,480
47157005600,3675,2851,824
47157005700,1921,1456,465
47157005800,967,678,289
47157005900,1952,1520,432
47157006000,1759,1337,422
47157006200,1676,1340,336
47157006300,2182,1837,345
47157006400,1520,1224,296
47157006500,2346,1771,575
47157006600,2127,1805,322
47157006700,3023,2290,733
47157006800,2056,1602,454
47157006900,2688,2140,548
47157007000,3137,2447,690
47157007100,2393,1944,449
47157007200,2966,2639,327
47157007300,2996,2803,193
47157007400,3085,2848,237
47157007500,1342,1074,268
47157007810,2747,2095,652
47157007821,4450,3398,1052
47157007822,1433,1134,299
47157007900,4839,3757,1082
47157008000,4891,3765,1126
47157008110,1989,1405,584
47157008120,4759,3646,1113
47157008200,4287,2919,1368
47157008500,4447,3464,983
47157008600,6109,4677,1432
47157008700,5126,3733,1393
47157008800,7232,4816,2416
47157008900,4018,2787,1231
47157009100,2933,1979,954
47157009201,3670,2815,855
47157009202,3788,2918,870
47157009300,4656,3817,839
47157009400,3141,2668,473
47157009501,2943,2452,491
47157009502,3422,2849,573
47157009600,4968,3885,1083
47157009700,3065,2174,891
47157009800,3483,2521,962
47157009901,2832,1979,853
47157009902,2334,1650,684
47157010001,3822,2744,1078
47157010002,3238,2263,975
47157010120,5311,3535,1776
47157010121,3166,2150,1016
47157010122,2981,1948,1033
47157010210,5253,3695,1558
47157010220,6618,4805,1813
47157010300,1258,821,437
47157010500,1642,1196,446
47157010610,6086,4253,1833
47157010620,3475,2389,1086
47157010630,4377,2940,1437
47157010710,5105,3604,1501
47157010720,4158,3002,1156
47157010810,6149,4235,1914
47157010820,4270,3212,1058
47157011010,3913,2770,1143
47157011020,1457,1061,396
47157011100,1477,1092,385
47157011200,1373,986,387
47157011300,1285,1053,232
47157011401,1188,824,364
47157011402,3499,3303,196
47157011500,2337,1786,551
47157011600,2274,1596,678
47157011700,1280,989,291
47157011800,5743,4015,1728
47157020101,4134,2949,1185
47157020102,3095,2532,563
47157020210,5867,4538,1329
47157020221,2742,2264,478
47157020222,3168,2389,779
47157020301,1920,1588,332
47157020302,3507,2778,729
47157020400,976,627,349
47157020511,2165,1713,452
47157020521,3364,2261,1103
47157020523,3156,2076,1080
47157020524,4795,3352,1443
47157020531,5694,3784,1910
47157020532,6041,4658,1383
47157020541,5479,3978,1501
47157020542,5237,3625,1612
47157020543,2938,2208,730
47157020544,2295,1704,591
47157020610,4408,3225,1183
47157020621,7036,5235,1801
47157020622,4347,3471,876
47157020632,5689,4391,1298
47157020633,2920,2402,518
47157020634,2836,2278,558
47157020635,2576,1964,612
47157020651,6642,5080,1562
47157020652,5230,4069,1161
47157020653,4173,3162,1011
47157020654,5138,3792,1346
47157020655,3160,2488,672
47157020656,5147,4064,1083
47157020657,5033,3744,1289
47157020658,5098,3776,1322
47157020700,2547,2070,477
47157020833,5858,4399,1459
47157020834,3057,2427,630
47157020835,2564,2086,478
47157020836,8194,5899,2295
47157020837,7686,5595,2091
47157020901,5762,3934,1828
47157020902,6867,4599,2268
47157021020,7444,5647,1797
47157021021,6566,4866,1700
47157021022,6856,5091,1765
47157021023,5247,4015,1232
47157021111,4120,2938,1182
47157021112,6975,4882,2093
47157021113,3808,2855,953
47157021121,4888,3975,913
47157021122,5637,4170,1467
47157021124,8045,6079,1966
47157021125,4495,3688,807
47157021126,4312,3511,801
47157021135,6576,5090,1486
47157021136,5284,4208,1076
47157021138,4213,3219,994
47157021139,4273,3419,854
47157021140,4740,3805,935
47157021141,7638,5836,1802
47157021142,3636,2946,690
47157021143,4419,3544,875
47157021144,3768,2948,820
47157021200,1689,1675,14
47157021311,4850,4043,807
47157021312,2100,1847,253
47157021320,5989,4715,1274
47157021331,3500,2790,710
47157021333,3988,3106,882
47157021334,3682,2997,685
47157021341,5686,4278,1408
47157021351,5273,4202,1071
47157021352,6969,5175,1794
47157021354,6169,5235,934
47157021355,5383,4226,1157
47157021356,4125,3033,1092
47157021357,5712,4313,1399
47157021410,2983,2288,695
47157021420,3373,2630,743
47157021430,4103,3184,919
47157021530,5956,4343,1613
47157021541,8296,5860,2436
47157021542,4491,3314,1177
47157021543,4589,3330,1259
47157021544,3294,2562,732
47157021545,3524,2904,620
47157021546,3770,3000,770
47157021547,6507,5107,1400
47157021548,3058,2500,558
47157021611,6080,4548,1532
47157021612,4485,3391,1094
47157021613,4537,3356,1181
47157021620,3067,2359,708
47157021710,2772,1954,818
47157021721,4860,3485,1375
47157021724,2283,1707,576
47157021725,3798,2891,907
47157021731,2855,1886,969
47157021744,5802,4427,1375
47157021745,8226,6265,1961
47157021746,4653,3477,1176
47157021747,3985,2839,1146
47157021751,7520,5702,1818
47157021752,5080,3849,1231
47157021753,3208,2385,823
47157021754,4343,3192,1151
47157021755,1763,1285,478
47157021756,2144,1762,382
47157021757,3743,2495,1248
47157021758,3030,2177,853
47157021759,4194,2949,1245
47157021760,3950,2602,1348
47157021900,4929,3576,1353
47157022023,1703,1349,354
47157022024,3246,2606,640
47157022025,3097,1881,1216
47157022026,2304,1513,791
47157022111,5307,4013,1294
47157022121,4267,3413,854
47157022122,3934,2944,990
47157022130,4944,3663,1281
47157022131,2892,2043,849
47157022132,2974,2171,803
47157022210,4280,3222,1058
47157022220,3418,2585,833
47157022310,5479,3918,1561
47157022321,4034,3020,1014
47157022322,3972,3133,839
47157022330,4607,3392,1215
47157022410,5592,4381,1211
47157022500,4550,3445,1105
47157022600,4508,3099,1409
47157022700,6387,4701,1686
47157980401,1829,1829,0
47159975000,4182,3170,1012
47159975100,2974,2321,653
47159975200,5919,4543,1376
47159975300,2102,1640,462
47159975400,4727,3650,1077
47161110201,4718,3684,1034
47161110202,1770,1342,428
47161110600,2526,1997,529
47161110700,4640,3731,909
47163040200,2558,2096,462
47163040300,2654,2153,501
47163040500,4523,3336,1187
47163040600,3128,2386,742
47163040700,2409,2008,401
47163040800,3914,3122,792
47163040900,3360,2599,761
47163041000,4465,3548,917
47163041100,2910,2376,534
47163041200,6635,5426,1209
47163041300,5137,3893,1244
47163041400,5174,4251,923
47163041500,2754,2262,492
47163041600,2637,2129,508
47163041700,3209,2603,606
47163041800,4731,3765,966
47163041900,3079,2510,569
47163042000,3260,2621,639
47163042100,5671,4732,939
47163042200,3174,2592,582
47163042300,6743,5489,1254
47163042400,3539,2903,636
47163042500,3376,2727,649
47163042600,4212,3352,860
47163042702,2279,1876,403
47163042703,2214,1842,372
47163042704,2382,1923,459
47163042801,2524,2033,491
47163042802,4521,3612,909
47163042900,4418,3534,884
47163043000,4394,3481,913
47163043100,2738,2286,452
47163043201,4203,3407,796
47163043202,4588,3784,804
47163043301,6343,5240,1103
47163043302,5891,4793,1098
47163043401,5304,4375,929
47163043402,4657,3969,688
47163043500,3893,3180,713
47163043600,4562,3725,837
47165020101,3826,2898,928
47165020102,5187,3939,1248
47165020203,2742,2071,671
47165020204,3827,2849,978
47165020205,3095,2186,909
47165020206,1332,1013,319
47165020207,1911,1448,463
47165020208,2683,2050,633
47165020209,2172,1718,454
47165020300,5425,3971,1454
47165020403,2201,1695,506
47165020404,2079,1646,433
47165020405,2597,1982,615
47165020406,3900,2946,954
47165020407,4686,3575,1111
47165020501,9087,7380,1707
47165020502,6772,4991,1781
47165020503,2753,2236,517
47165020601,3616,2829,787
47165020602,4548,3555,993
47165020603,3688,2908,780
47165020700,5636,4559,1077
47165020800,7233,4946,2287
47165020901,1352,1069,283
47165020903,4668,3763,905
47165020904,4054,2907,1147
47165020905,4113,3004,1109
47165021002,8739,6480,2259
47165021004,3769,2882,887
47165021005,6063,4750,1313
47165021006,3755,2859,896
47165021007,4309,2882,1427
47165021008,7382,5299,2083
47165021009,5559,4338,1221
47165021103,6143,4740,1403
47165021104,2073,1562,511
47165021105,6672,5205,1467
47165021106,4040,3263,777
47165021107,5733,4677,1056
47165021201,7634,5680,1954
47165021203,8433,6491,1942
47165021204,7891,6076,1815
47165021205,2903,2344,559
47167040100,4695,3641,1054
47167040200,2007,1532,475
47167040302,10574,7696,2878
47167040303,6701,5038,1663
47167040304,6581,4922,1659
47167040400,2937,2277,660
47167040500,6158,4575,1583
47167040601,4575,3449,1126
47167040602,3175,2499,676
47167040700,4911,3530,1381
47167040800,4297,3358,939
47167040900,1491,1213,278
47167041000,2868,2322,546
47169090100,8700,7274,1426
47169090200,2915,2150,765
47171080100,2357,1974,383
47171080200,6124,4916,1208
47171080300,5297,4403,894
47171080400,4150,3420,730
47173040101,4285,3274,1011
47173040102,3068,2337,731
47173040201,3971,2985,986
47173040202,5946,4662,1284
47173040300,2532,2097,435
47175925000,3073,2354,719
47175925200,3095,2482,613
47177930100,3613,2865,748
47177930201,3132,2464,668
47177930202,3593,2681,912
47177930300,2784,2076,708
47177930400,5834,4525,1309
47177930500,5083,3853,1230
47177930600,3629,2856,773
47177930700,5006,3759,1247
47177930800,6430,4896,1534
47177930900,1849,1486,363
47179060100,4115,3417,698
47179060401,2158,1836,322
47179060402,4504,3764,740
47179060501,4718,3833,885
47179060503,2562,2057,505
47179060504,3764,3159,605
47179060601,3321,2692,629
47179060602,5317,4430,887
47179060700,2492,2484,8
47179060800,3115,2580,535
47179060901,2859,2056,803
47179060902,3140,2261,879
47179061000,2338,1813,525
47179061100,4634,3747,887
47179061200,3499,2831,668
47179061301,2945,2457,488
47179061302,5375,4089,1286
47179061401,5242,4262,980
47179061403,4907,3913,994
47179061404,3316,2714,602
47179061500,7461,6095,1366
47179061601,4820,3821,999
47179061603,4944,3836,1108
47179061604,4280,3398,882
47179061701,7051,5684,1367
47179061703,3324,2696,628
47179061704,3962,3246,716
47179061800,6559,5401,1158
47179061902,5045,4043,1002
47179061903,3616,2859,757
47179061904,3355,2683,672
47179062000,4263,3537,726
47181950100,4401,3932,469
47181950200,5387,4264,1123
47181950300,3373,2695,678
47181950400,3071,2446,625
47183968000,1077,894,183
47183968101,3424,2680,744
47183968102,1797,1428,369
47183968201,4690,3738,952
47183968202,1989,1964,25
47183968203,3026,2476,550
47183968300,2120,1709,411
47183968400,5582,4392,1190
47183968500,4484,3477,1007
47183968600,3425,2717,708
47183968700,1288,1024,264
47185935000,4376,3435,941
47185935100,5927,4635,1292
47185935200,4347,3413,934
47185935300,5481,4353,1128
47185935400,3729,2856,873
47185935500,3491,2675,816
47187050102,7462,4870,2592
47187050103,7004,5014,1990
47187050104,5714,3938,1776
47187050105,9689,6247,3442
47187050204,5726,3953,1773
47187050205,3596,2623,973
47187050206,3225,2306,919
47187050207,4391,3165,1226
47187050209,4250,3017,1233
47187050210,2740,2088,652
47187050211,6641,5157,1484
47187050212,2069,1497,572
47187050303,3067,2196,871
47187050304,2549,1981,568
47187050305,2799,2106,693
47187050306,2069,1505,564
47187050307,3858,3395,463
47187050403,2026,1524,502
47187050404,6890,4945,1945
47187050405,2915,2190,725
47187050406,6094,4543,1551
47187050502,4245,3341,904
47187050503,5735,4265,1470
47187050504,4490,3204,1286
47187050601,5903,4510,1393
47187050603,3185,2482,703
47187050604,9551,7096,2455
47187050701,4303,3056,1247
47187050702,4561,3408,1153
47187050801,4841,3609,1232
47187050802,1225,1055,170
47187050904,5234,4127,1107
47187050905,6483,5116,1367
47187050906,5487,4167,1320
47187050907,5823,4520,1303
47187050908,4292,3209,1083
47187050909,4630,3370,1260
47187051001,8497,6041,2456
47187051002,11631,8333,3298
47187051100,8608,6475,2133
47187051203,3531,2781,750
47187051204,6696,4619,2077
47187051205,9173,6085,3088
47187051206,8405,5781,2624
47187051207,7779,4974,2805
47187051208,8644,5559,3085
47189030102,7100,5535,1565
47189030103,3227,2519,708
47189030104,2301,1839,462
47189030105,4021,3062,959
47189030202,9411,7538,1873
47189030203,7379,5203,2176
47189030205,2152,1648,504
47189030206,5816,4017,1799
47189030207,2300,1770,530
47189030303,4488,3522,966
47189030304,6975,5291,1684
47189030305,5247,4254,993
47189030308,5136,3659,1477
47189030309,6232,4606,1626
47189030310,7110,5135,1975
47189030311,3165,2438,727
47189030401,2927,2237,690
47189030402,4180,3187,993
47189030500,7775,5864,1911
47189030600,4558,3692,866
47189030700,3579,2687,892
47189030800,6948,5441,1507
47189030904,4295,3342,953
47189030905,4970,3778,1192
47189030906,5315,4186,1129
47189030907,5638,4670,968
47189030908,9351,6938,2413
47189031000,6141,4740,1401
48001950100,4641,3686,955
48001950401,5782,5732,50
48001950402,7115,7105,10
48001950500,4479,3286,1193
48001950600,6036,4380,1656
48001950700,2564,1948,616
48001950800,5427,3968,1459
48001950901,5281,4194,1087
48001950902,5090,4076,1014
48001951001,3618,2832,786
48001951002,3501,2645,856
48001951100,4388,3529,859
48003950100,2405,1636,769
48003950200,7710,5425,2285
48003950300,4668,3244,1424
48003950400,3827,2643,1184
48005000102,4983,3542,1441
48005000103,3440,2696,744
48005000104,2974,2252,722
48005000201,3138,2387,751
48005000202,3558,2654,904
48005000301,5413,3968,1445
48005000302,5319,3885,1434
48005000400,5361,4044,1317
48005000500,3640,2680,960
48005000600,5836,4178,1658
48005000700,3070,2191,879
48005000800,6165,4651,1514
48005000902,3731,3047,684
48005000903,3245,2557,688
48005000904,3269,2395,874
48005001001,5043,3938,1105
48005001002,4035,2967,1068
48005001101,3396,2606,790
48005001102,3056,2393,663
48005001200,2594,2110,484
48005001300,5129,3917,1212
48007950101,1300,1193,107
48007950102,3424,2895,529
48007950103,1257,1112,145
48007950200,1000,899,101
48007950301,3734,3051,683
48007950302,2768,2407,361
48007950400,3349,2601,748
48007950501,2614,2083,531
48007950502,1761,1414,347
48007950503,2623,2161,462
48009020100,2897,2273,624
48009020200,2442,1888,554
48009020300,3221,2451,770
48011950100,1848,1427,421
48013960101,3474,2569,905
48013960102,3771,2859,912
48013960203,2906,2145,761
48013960204,4153,3063,1090
48013960205,6022,4381,1641
48013960206,5493,3902,1591
48013960300,3135,2298,837
48013960401,2391,1744,647
48013960403,4747,3456,1291
48013960404,4063,3028,1035
48013960500,2533,1910,623
48013960601,2512,1821,691
48013960602,3781,2807,974
48015760100,2464,1872,592
48015760201,2078,1624,454
48015760202,4450,3333,1117
48015760301,2773,2149,624
48015760302,5043,3688,1355
48015760400,3505,2866,639
48015760501,4543,3618,925
48015760502,5311,4007,1304
48017950101,4002,2813,1189
48017950102,2902,2025,877
48019000101,4705,3949,756
48019000103,3913,3278,635
48019000104,1259,1011,248
48019000200,2394,2063,331
48019000301,3304,2717,587
48019000302,3067,2496,571
48019000400,2209,1835,374
48021950101,5554,4274,1280
48021950102,6373,4645,1728
48021950201,3299,2470,829
48021950202,5631,4088,1543
48021950301,5236,4193,1043
48021950302,4729,3579,1150
48021950303,7638,5688,1950
48021950401,5226,4160,1066
48021950402,2390,1933,457
48021950403,3159,2458,701
48021950503,4028,3246,782
48021950504,3923,3088,835
48021950505,5052,3416,1636
48021950506,5340,4165,1175
48021950601,4017,3151,866
48021950602,2323,1836,487
48021950700,4554,3524,1030
48021950803,3452,2343,1109
48021950804,5269,3848,1421
48021950805,6745,4470,2275
48021950806,3278,2452,826
48023950301,1403,1060,343
48023950302,2062,1576,486
48025950100,1712,1361,351
48025950201,8083,7858,225
48025950203,2088,1590,498
48025950204,2910,2347,563
48025950300,5135,3835,1300
48025950400,1907,1420,487
48025950501,3394,2436,958
48025950502,3545,2422,1123
48025950600,2273,1753,520
48027020101,3037,2214,823
48027020102,4219,3129,1090
48027020201,8787,6320,2467
48027020203,4549,3541,1008
48027020204,2741,2139,602
48027020301,9333,6454,2879
48027020302,5641,3854,1787
48027020401,3564,2644,920
48027020402,2926,2165,761
48027020500,3825,2884,941
48027020600,2477,1903,574
48027020701,1438,1151,287
48027020702,1522,1151,371
48027020800,3169,2264,905
48027020900,3052,2367,685
48027021000,4255,3319,936
48027021101,2585,2236,349
48027021102,3233,2398,835
48027021201,3654,2885,769
48027021202,3953,3136,817
48027021203,4271,3523,748
48027021301,4796,3863,933
48027021302,2956,2495,461
48027021304,4955,3721,1234
48027021305,7313,5311,2002
48027021400,4352,3202,1150
48027021501,3940,2780,1160
48027021502,4594,3352,1242
48027021601,6785,5299,1486
48027021602,2653,2441,212
48027021701,5673,4302,1371
48027021702,4454,3523,931
48027021801,5635,4021,1614
48027021802,5065,3840,1225
48027021901,3442,2667,775
48027021905,4749,3529,1220
48027021906,5732,3812,1920
48027021907,4924,3606,1318
48027021908,7739,5605,2134
48027022001,4168,3029,1139
48027022002,4769,3539,1230
48027022101,4102,3081,1021
48027022103,5053,3585,1468
48027022104,4212,3245,967
48027022105,2216,1592,624
48027022200,3827,2856,971
48027022300,3811,2928,883
48027022401,5741,4104,1637
48027022402,7003,4846,2157
48027022403,4597,3387,1210
48027022405,2183,1771,412
48027022406,3979,2765,1214
48027022407,3931,2806,1125
48027022501,3573,2641,932
48027022503,5434,4285,1149
48027022504,8790,5821,2969
48027022600,4242,3208,1034
48027022801,2653,2011,642
48027022900,3649,2757,892
48027023001,6167,4123,2044
48027023002,4170,3138,1032
48027023103,4450,3345,1105
48027023104,3253,2473,780
48027023109,3903,2793,1110
48027023110,3832,2546,1286
48027023111,5279,3647,1632
48027023112,5062,3379,1683
48027023113,5033,3543,1490
48027023114,4350,3060,1290
48027023115,4688,3103,1585
48027023116,6188,4185,2003
48027023117,5553,3588,1965
48027023118,7404,4760,2644
48027023201,1781,1220,561
48027023202,4915,3367,1548
48027023203,2607,1702,905
48027023204,3731,3418,313
48027023301,5266,4131,1135
48027023302,4029,2926,1103
48027023402,4990,3663,1327
48027023404,4376,3337,1039
48027023405,3225,2520,705
48027023406,3978,3004,974
48027023500,2149,1544,605
48027980001,346,345,1
48029110100,3812,3628,184
48029110300,2401,1950,451
48029110500,2369,1451,918
48029110600,7284,6664,620
48029110700,1210,1007,203
48029111000,2356,2044,312
48029111100,4099,3825,274
48029120100,7464,5951,1513
48029120301,2989,2369,620
48029120302,4371,3398,973
48029120401,2595,2139,456
48029120402,3365,2444,921
48029120502,5395,3830,1565
48029120503,3351,2680,671
48029120504,4876,3806,1070
48029120601,2719,2228,491
48029120602,3927,3134,793
48029120701,5622,4417,1205
48029120702,4699,3985,714
48029120800,7074,5548,1526
48029120901,2079,1673,406
48029120902,6928,5695,1233
48029121000,6926,5453,1473
48029121110,5175,4087,1088
48029121111,6739,5166,1573
48029121112,3995,3208,787
48029121115,5100,4172,928
48029121116,4845,3925,920
48029121117,4482,3654,828
48029121118,5688,4617,1071
48029121119,5325,4229,1096
48029121120,5039,3906,1133
48029121121,2843,2289,554
48029121122,5165,4136,1029
48029121123,4528,3752,776
48029121124,2664,2223,441
48029121203,4769,3733,1036
48029121204,8569,6717,1852
48029121205,3603,2656,947
48029121206,7226,5663,1563
48029121300,6483,5239,1244
48029121402,9534,6631,2903
48029121403,5419,4143,1276
48029121404,5145,3749,1396
48029121501,9828,7538,2290
48029121504,8233,6406,1827
48029121505,5372,4037,1335
48029121506,5795,4324,1471
48029121507,5413,4095,1318
48029121508,5312,3772,1540
48029121601,4694,3700,994
48029121604,9768,7064,2704
48029121605,2161,1784,377
48029121606,5210,4148,1062
48029121701,3885,3134,751
48029121702,7093,5566,1527
48029121802,10663,7667,2996
48029121803,4776,3630,1146
48029121804,6844,5091,1753
48029121808,3132,2460,672
48029121809,4942,3890,1052
48029121810,4322,3296,1026
48029121811,5543,3944,1599
48029121812,6136,4664,1472
48029121813,1745,1385,360
48029121903,6040,4823,1217
48029121904,3925,2830,1095
48029121905,7517,5612,1905
48029121906,7183,5390,1793
48029121908,3410,2552,858
48029121909,8859,6635,2224
48029121910,8817,6213,2604
48029121911,9375,6388,2987
48029121912,12296,8849,3447
48029130200,1588,1194,394
48029130300,2945,2182,763
48029130401,3725,2777,948
48029130402,3879,2624,1255
48029130500,4202,2925,1277
48029130600,4585,3113,1472
48029130700,2342,1644,698
48029130800,5220,3487,1733
48029130900,5456,3620,1836
48029131000,5599,4121,1478
48029131100,2500,1831,669
48029131200,3298,2343,955
48029131300,5678,4345,1333
48029131401,12055,8299,3756
48029131402,2964,2169,795
48029131503,3169,2466,703
48029131504,4213,3093,1120
48029131505,5179,3763,1416
48029131506,5953,4074,1879
48029131507,5998,4181,1817
48029131601,8623,6258,2365
48029131606,8086,5613,2473
48029131608,5956,4288,1668
48029131609,8531,6241,2290
48029131610,5469,3796,1673
48029131612,2306,1626,680
48029131614,5012,3474,1538
48029131615,12439,8839,3600
48029131616,7517,5567,1950
48029131700,1282,829,453
48029131801,2732,2231,501
48029131802,7232,5590,1642
48029140100,1324,1080,244
48029140200,2405,1892,513
48029140300,2835,2218,617
48029140400,3380,2709,671
48029140500,3682,2926,756
48029140600,2526,1854,672
48029140700,4571,3633,938
48029140800,4886,3597,1289
48029140900,1916,1480,436
48029141000,3344,2489,855
48029141101,4084,3145,939
48029141102,3612,2587,1025
48029141200,6685,4999,1686
48029141300,6678,4884,1794
48029141402,6236,4340,1896
48029141403,4773,3684,1089
48029141404,4929,3743,1186
48029141600,4525,3218,1307
48029141700,6440,4609,1831
48029141800,4924,3707,1217
48029141900,6234,4929,1305
48029150100,5016,4090,926
48029150300,3965,3016,949
48029150400,3814,2929,885
48029150501,4016,3001,1015
48029150502,3734,2766,968
48029150600,4039,3079,960
48029150700,5601,4325,1276
48029150800,3227,2031,1196
48029150900,5933,4488,1445
48029151000,3204,2281,923
48029151100,6450,4774,1676
48029151200,10797,7741,3056
48029151301,5599,4135,1464
48029151302,3275,2309,966
48029151400,4487,3378,1109
48029151500,2411,1805,606
48029151600,7358,5467,1891
48029151700,7173,5331,1842
48029151900,8156,5564,2592
48029152000,4314,2911,1403
48029152100,6829,4983,1846
48029152201,9868,7120,2748
48029152202,5964,4155,1809
48029160100,6217,4101,2116
48029160200,2490,1914,576
48029160300,4928,3806,1122
48029160400,4682,3537,1145
48029160501,3936,2368,1568
48029160502,3950,2949,1001
48029160600,4440,3110,1330
48029160701,3187,2473,714
48029160702,4972,3753,1219
48029160901,2951,2182,769
48029160902,4144,3005,1139
48029161000,3474,2387,1087
48029161100,8449,6186,2263
48029161200,3934,2588,1346
48029161302,5409,3677,1732
48029161303,4167,2848,1319
48029161304,4738,3166,1572
48029161400,9755,8939,816
48029161501,7717,5640,2077
48029161503,5515,3781,1734
48029161504,4724,3234,1490
48029161600,4809,3389,1420
48029161801,3895,2780,1115
48029161802,9710,6325,3385
48029161901,1247,920,327
48029161902,15735,11517,4218
48029162001,2529,1878,651
48029162003,5991,4314,1677
48029162004,4477,3257,1220
48029170101,3426,2522,904
48029170102,3316,2559,757
48029170200,4757,3454,1303
48029170300,5546,4013,1533
48029170401,4324,3015,1309
48029170402,4639,3398,1241
48029170500,4099,3200,899
48029170600,4189,3243,946
48029170700,4460,3292,1168
48029170800,1521,1145,376
48029170900,4249,3056,1193
48029171000,4890,3620,1270
48029171100,3438,2563,875
48029171200,3949,2850,1099
48029171301,2659,1966,693
48029171302,3841,2976,865
48029171401,4319,2881,1438
48029171402,5556,3984,1572
48029171501,2563,1928,635
48029171502,4914,3618,1296
48029171601,4284,2912,1372
48029171602,4456,2854,1602
48029171700,8091,5761,2330
48029171801,5301,3909,1392
48029171802,6092,4383,1709
48029171903,6750,4955,1795
48029171912,6855,5180,1675
48029171913,5184,3678,1506
48029171914,5236,3986,1250
48029171915,2095,1624,471
48029171916,10592,7446,3146
48029171917,8501,6155,2346
48029171918,7898,6064,1834
48029171919,6377,4195,2182
48029171920,9214,6469,2745
48029171921,5691,4204,1487
48029171922,5814,3927,1887
48029171923,9414,7146,2268
48029171924,7460,5959,1501
48029171926,3243,2578,665
48029171927,12053,8894,3159
48029171928,5480,4167,1313
48029171929,3785,2963,822
48029172002,30199,20579,9620
48029172003,6416,4538,1878
48029172004,10601,7931,2670
48029172005,12319,8465,3854
48029172006,15271,10319,4952
48029172008,5744,4098,1646
48029172009,10242,7072,3170
48029180101,4600,3826,774
48029180102,1886,1549,337
48029180201,4858,3775,1083
48029180202,5287,4242,1045
48029180300,4525,3309,1216
48029180400,4262,2986,1276
48029180501,4831,3745,1086
48029180503,4356,3354,1002
48029180504,4245,2972,1273
48029180602,2917,2398,519
48029180603,2138,1560,578
48029180604,5617,4521,1096
48029180701,4291,3630,661
48029180702,6786,5277,1509
48029180800,2531,1944,587
48029180901,5204,4073,1131
48029180902,7475,5585,1890
48029181001,3252,2457,795
48029181003,6997,5228,1769
48029181004,5354,4375,979
48029181005,4251,3246,1005
48029181100,5818,4851,967
48029181200,4844,3960,884
48029181301,4290,3517,773
48029181302,6263,5217,1046
48029181303,3764,2677,1087
48029181402,2894,2607,287
48029181403,6182,4859,1323
48029181404,5223,4199,1024
48029181503,8457,6871,1586
48029181504,6612,5586,1026
48029181505,4388,3471,917
48029181506,3992,3127,865
48029181601,3189,2419,770
48029181602,5639,4214,1425
48029181703,7034,5609,1425
48029181704,5904,4571,1333
48029181705,6736,5179,1557
48029181711,8400,6419,1981
48029181712,3635,2897,738
48029181713,7155,5432,1723
48029181715,5958,4412,1546
48029181716,7167,5343,1824
48029181718,5023,3880,1143
48029181720,4324,3284,1040
48029181721,3211,2485,726
48029181722,4707,3601,1106
48029181723,4084,3031,1053
48029181724,5383,3891,1492
48029181725,5641,4305,1336
48029181726,13282,8970,4312
48029181727,3944,2982,962
48029181729,13707,9060,4647
48029181730,3920,3011,909
48029181731,7171,5543,1628
48029181732,7668,5600,2068
48029181733,6381,4202,2179
48029181808,2200,1827,373
48029181809,6619,5072,1547
48029181811,4265,3361,904
48029181813,7676,6248,1428
48029181814,6314,5554,760
48029181815,2958,2391,567
48029181816,4067,3303,764
48029181817,3203,2649,554
48029181818,5340,4366,974
48029181819,7354,5726,1628
48029181820,7739,7124,615
48029181821,3396,2714,682
48029181822,4924,3964,960
48029181823,3137,2643,494
48029181824,3309,2670,639
48029181825,5486,4243,1243
48029181826,6892,5244,1648
48029181901,5940,5132,808
48029181902,10935,8551,2384
48029182001,5384,4044,1340
48029182002,10116,7671,2445
48029182003,4899,3670,1229
48029182101,15049,10913,4136
48029182102,12703,9103,3600
48029182103,5481,4032,1449
48029182105,12469,8310,4159
48029182106,10830,7946,2884
48029190100,3314,2781,533
48029190200,3652,3205,447
48029190400,4273,3902,371
48029190501,2554,2081,473
48029190503,3123,2629,494
48029190504,2385,1940,445
48029190601,3665,2760,905
48029190603,2661,2103,558
48029190604,4167,3178,989
48029190700,2957,2465,492
48029190800,2176,1689,487
48029190901,5383,4299,1084
48029190902,3601,2954,647
48029191003,7987,5829,2158
48029191004,3688,2691,997
48029191005,2123,1654,469
48029191006,6311,4815,1496
48029191101,1788,1453,335
48029191102,2190,1751,439
48029191201,3143,2451,692
48029191202,4982,4062,920
48029191303,1624,1347,277
48029191304,2840,2096,744
48029191405,8293,6726,1567
48029191406,6328,5086,1242
48029191408,3014,2377,637
48029191409,6243,4829,1414
48029191410,5616,4524,1092
48029191411,4500,3710,790
48029191412,2271,1777,494
48029191413,6185,4977,1208
48029191503,5227,4329,898
48029191504,2708,2207,501
48029191505,2107,1761,346
48029191506,5889,4731,1158
48029191701,1533,1268,265
48029191702,7276,5664,1612
48029191804,11588,8598,2990
48029191806,9540,6858,2682
48029191807,11668,9597,2071
48029191808,5933,4252,1681
48029191809,8902,6398,2504
48029191810,6170,4422,1748
48029191811,5765,3894,1871
48029191812,4304,3060,1244
48029191813,7271,5360,1911
48029191814,6143,4269,1874
48029191815,5248,3849,1399
48029191816,3184,2653,531
48029191818,4781,3940,841
48029191819,8972,6658,2314
48029191900,4528,3680,848
48029192000,5233,4576,657
48029192100,2724,2345,379
48029192200,3186,2489,697
48029192300,5055,4313,742
48029980003,889,642,247
48029980100,1083,759,324
48031950101,2627,2137,490
48031950102,2396,2104,292
48031950201,3631,2952,679
48031950202,2720,2228,492
48033950100,631,471,160
48035950100,4197,3274,923
48035950200,1421,1067,354
48035950300,1792,1501,291
48035950400,3733,3022,711
48035950500,3004,2313,691
48035950600,1694,1477,217
48035950700,2394,1802,592
48037010100,4945,3635,1310
48037010400,3883,2754,1129
48037010500,2911,2250,661
48037010600,2049,1398,651
48037010700,4644,3515,1129
48037010800,4500,3283,1217
48037010903,3231,2545,686
48037010904,4307,3405,902
48037010905,3037,2219,818
48037010906,5144,4031,1113
48037011001,3145,2340,805
48037011002,4639,3493,1146
48037011101,3616,2775,841
48037011102,3130,2668,462
48037011201,3832,2897,935
48037011202,2557,1960,597
48037011301,2967,2214,753
48037011302,2220,1738,482
48037011402,2118,1610,508
48037011403,3475,2725,750
48037011404,4525,3486,1039
48037011501,7870,6711,1159
48037011502,2789,2094,695
48037011601,2629,1988,641
48037011602,2387,1901,486
48037011700,2343,1902,441
48039660100,4445,3556,889
48039660200,5897,4432,1465
48039660301,3901,2916,985
48039660302,2844,2122,722
48039660303,4243,3067,1176
48039660401,2853,2057,796
48039660402,4531,3132,1399
48039660403,3883,2899,984
48039660501,2978,2201,777
48039660502,4294,2948,1346
48039660503,2764,2155,609
48039660504,1548,1182,366
48039660603,3279,2584,695
48039660604,4179,2785,1394
48039660605,6132,4180,1952
48039660606,3208,2276,932
48039660607,5677,4123,1554
48039660608,2666,2291,375
48039660609,4374,3314,1060
48039660610,5476,3966,1510
48039660611,5633,3792,1841
48039660612,3523,2502,1021
48039660613,4347,3013,1334
48039660614,6880,4767,2113
48039660615,5457,3662,1795
48039660616,5234,3777,1457
48039660703,5030,3527,1503
48039660704,5248,3799,1449
48039660705,5890,4181,1709
48039660706,4955,3349,1606
48039660707,4457,3184,1273
48039660708,7364,5468,1896
48039660803,4028,3030,998
48039660804,4314,3135,1179
48039660805,5125,3632,1493
48039660806,3009,2061,948
48039660901,2200,1581,619
48039660902,6689,4608,2081
48039661000,8562,6410,2152
48039661100,3705,2607,1098
48039661200,4310,3282,1028
48039661300,2495,1861,634
48039661400,7187,5357,1830
48039661501,4912,3716,1196
48039661502,4825,3633,1192
48039661601,6155,4862,1293
48039661602,3428,2599,829
48039661700,3022,2285,737
48039661800,8721,6422,2299
48039661901,8024,7059,965
48039661902,10188,7477,2711
48039662000,6637,5073,1564
48039662100,6575,4914,1661
48039662200,6807,5279,1528
48039662300,4688,3385,1303
48039662400,5686,4154,1532
48039662500,3149,2442,707
48039662600,3207,2474,733
48039662700,2502,1970,532
48039662800,6512,4867,1645
48039662900,4757,3659,1098
48039663000,4083,3417,666
48039663100,7184,5777,1407
48039663200,5049,3761,1288
48039663300,2283,1697,586
48039663400,8101,6245,1856
48039663500,5611,4164,1447
48039663600,5408,4184,1224
48039663700,3941,2929,1012
48039663800,6273,4392,1881
48039663900,2013,1524,489
48039664000,3277,2503,774
48039664100,6083,4571,1512
48039664200,2222,1823,399
48039664300,5059,3621,1438
48039664400,5610,4093,1517
48039664501,5225,4158,1067
48041000103,1953,1530,423
48041000104,4532,3299,1233
48041000105,3722,3065,657
48041000106,3708,2729,979
48041000107,4467,3517,950
48041000108,1330,1060,270
48041000203,2863,2155,708
48041000204,3706,2904,802
48041000205,4486,3473,1013
48041000206,2419,1839,580
48041000207,2788,2341,447
48041000301,3799,2607,1192
48041000302,3964,2814,1150
48041000401,3811,2921,890
48041000402,1475,1067,408
48041000501,4101,2855,1246
48041000502,1307,976,331
48041000603,4960,3505,1455
48041000605,4982,3175,1807
48041000606,1577,1062,515
48041000700,2912,2156,756
48041000800,5017,3935,1082
48041000900,2506,1766,740
48041001001,3849,2948,901
48041001002,3576,3101,475
48041001101,3098,2425,673
48041001102,1618,1227,391
48041001301,2255,1868,387
48041001302,3450,2779,671
48041001303,4896,4030,866
48041001401,2944,2712,232
48041001604,4917,3962,955
48041001605,3425,2692,733
48041001606,2562,2130,432
48041001607,1659,1443,216
48041001608,2653,2125,528
48041001702,2353,1824,529
48041001703,3422,2855,567
48041001704,1917,1577,340
48041001801,4684,3571,1113
48041001803,6021,4701,1320
48041001804,1314,950,364
48041001901,3248,2816,432
48041001902,2931,2302,629
48041002001,4897,3882,1015
48041002006,1520,1137,383
48041002009,5231,3876,1355
48041002010,3718,2775,943
48041002011,5898,4068,1830
48041002014,4381,4108,273
48041002016,3581,3054,527
48041002017,6543,6475,68
48041002018,3352,2428,924
48041002019,3495,2446,1049
48041002020,2673,1944,729
48041002021,6914,5954,960
48041002022,5720,4773,947
48041002023,2448,2135,313
48041002024,3793,3611,182
48041002025,5470,3820,1650
48041002026,5792,3819,1973
48041002100,15243,14839,404
48043950300,4764,3868,896
48043950400,1552,1233,319
48043950500,3230,2745,485
48045950200,1435,1113,322
48047950100,2236,1827,409
48047950200,4840,3502,1338
48049950100,2127,1787,340
48049950201,1605,1343,262
48049950202,2331,1999,332
48049950300,2942,2417,525
48049950500,2858,2225,633
48049950600,2585,1893,692
48049950700,1293,1083,210
48049950800,2456,1841,615
48049950900,4693,3559,1134
48049951000,2472,1797,675
48049951100,4376,3423,953
48049951200,4652,3588,1064
48049951300,3705,2923,782
48051970100,1399,1139,260
48051970201,1769,1437,332
48051970202,2535,2016,519
48051970300,4178,3158,1020
48051970400,3502,2717,785
48051970501,1904,1609,295
48051970502,2355,1835,520
48053960101,4639,3601,1038
48053960102,2316,1794,522
48053960200,3381,2791,590
48053960301,2809,2338,471
48053960302,4356,3226,1130
48053960401,3469,2925,544
48053960402,2974,2420,554
48053960501,4168,3029,1139
48053960502,2020,1726,294
48053960600,4356,3541,815
48053960701,4007,3154,853
48053960702,3476,2665,811
48053960801,2793,2111,682
48053960802,2508,2128,380
48053960803,1858,1534,324
48055960102,5225,3815,1410
48055960103,7993,5326,2667
48055960104,2135,1564,571
48055960200,5486,4384,1102
48055960300,4732,3621,1111
48055960400,4506,3364,1142
48055960501,4201,3275,926
48055960502,2946,2233,713
48055960600,2874,2220,654
48055960701,2784,1970,814
48055960702,3001,2262,739
48057000100,5389,4012,1377
48057000200,3864,2894,970
48057000300,1287,1035,252
48057000401,3469,2651,818
48057000402,2984,2319,665
48057000501,1655,1397,258
48057000502,1458,1194,264
48059030101,4966,3751,1215
48059030102,4621,3665,956
48059030200,4121,3280,841
48061010101,3495,2599,896
48061010102,1458,1155,303
48061010103,2230,1557,673
48061010201,2176,1570,606
48061010204,4318,2915,1403
48061010205,3452,2692,760
48061010301,4834,3454,1380
48061010303,4890,3426,1464
48061010304,4817,3419,1398
48061010403,3111,2210,901
48061010404,3605,2473,1132
48061010405,4893,3705,1188
48061010406,2271,1641,630
48061010500,2707,1854,853
48061010602,1748,1369,379
48061010603,4691,3345,1346
48061010604,4556,3331,1225
48061010700,3303,2438,865
48061010801,4665,3206,1459
48061010802,3679,2669,1010
48061010900,1540,1079,461
48061011000,3240,2241,999
48061011100,2657,1913,744
48061011200,1757,1249,508
48061011301,1688,1245,443
48061011302,4381,3385,996
48061011401,3239,2376,863
48061011402,3168,2415,753
48061011500,5987,4053,1934
48061011601,3418,2486,932
48061011602,3028,2215,813
48061011701,3887,2600,1287
48061011702,3004,2164,840
48061011801,6220,4549,1671
48061011802,3877,2779,1098
48061011903,2810,1931,879
48061011904,2149,1651,498
48061011905,1481,1135,346
48061011906,2119,1556,563
48061011907,1535,1123,412
48061011908,2590,1932,658
48061012002,5401,3957,1444
48061012003,4122,3073,1049
48061012004,2236,1796,440
48061012103,943,760,183
48061012104,4579,3325,1254
48061012105,3378,2324,1054
48061012106,2543,1793,750
48061012201,2979,2049,930
48061012202,3519,2386,1133
48061012203,4431,2957,1474
48061012301,5159,4304,855
48061012304,3899,2976,923
48061012305,3005,2699,306
48061012402,5903,4062,1841
48061012403,3129,2165,964
48061012404,3384,2255,1129
48061012506,4167,3155,1012
48061012508,4357,2980,1377
48061012509,3944,2803,1141
48061012510,5249,3465,1784
48061012511,5274,3468,1806
48061012512,3025,2108,917
48061012513,4515,3137,1378
48061012514,4712,3095,1617
48061012515,2528,1860,668
48061012516,3371,2326,1045
48061012517,5822,3821,2001
48061012607,2748,1954,794
48061012608,5785,4264,1521
48061012613,5353,4301,1052
48061012614,3109,2127,982
48061012615,3795,2553,1242
48061012616,3632,2798,834
48061012617,2625,1974,651
48061012700,5382,3547,1835
48061012800,4990,3729,1261
48061012900,4609,3618,991
48061013002,4215,3200,1015
48061013003,2375,1701,674
48061013004,2827,2202,625
48061013102,4296,3090,1206
48061013104,3586,2806,780
48061013106,4686,3258,1428
48061013203,2395,1549,846
48061013204,2174,1592,582
48061013205,3749,2618,1131
48061013206,2766,1853,913
48061013207,3814,2534,1280
48061013303,4000,2855,1145
48061013305,4808,3427,1381
48061013306,2511,1806,705
48061013307,2031,1427,604
48061013308,3359,2406,953
48061013309,2762,1969,793
48061013401,2360,1615,745
48061013402,1928,1381,547
48061013500,1815,1476,339
48061013600,3055,2278,777
48061013700,3150,2277,873
48061013801,2263,1667,596
48061013802,3259,2385,874
48061013901,2434,1772,662
48061013902,4371,2962,1409
48061013903,3427,2479,948
48061014001,2126,1707,419
48061014002,2193,1542,651
48061014101,4119,2774,1345
48061014102,3724,2450,1274
48061014103,3211,2235,976
48061014201,1325,874,451
48061014202,2383,1705,678
48061014300,4405,3086,1319
48061014401,7195,4894,2301
48061014402,6606,4545,2061
48061014403,3331,2448,883
48061014404,4068,2699,1369
48061014501,4889,3449,1440
48061014502,4736,3136,1600
48063950101,3611,2688,923
48063950102,4093,3187,906
48063950200,4760,3470,1290
48065950100,2223,1701,522
48065950200,3584,2700,884
48067950101,3799,2983,816
48067950102,2434,1949,485
48067950200,2496,2015,481
48067950300,1632,1242,390
48067950400,5175,3849,1326
48067950500,2665,2098,567
48067950601,1827,1509,318
48067950602,3334,2685,649
48067950700,5092,3897,1195
48069950100,1088,817,271
48069950200,4407,3074,1333
48069950300,1876,1386,490
48071710100,10655,7529,3126
48071710201,10707,7450,3257
48071710202,12163,8649,3514
48071710300,3057,2358,699
48071710401,6247,4642,1605
48071710500,3742,2836,906
48073950100,4213,3166,1047
48073950201,2820,2119,701
48073950202,4195,3231,964
48073950301,3204,2437,767
48073950302,4133,3243,890
48073950400,1502,1060,442
48073950500,3545,2454,1091
48073950600,6036,4373,1663
48073950700,3888,2791,1097
48073950801,3929,2986,943
48073950802,3798,2884,914
48073950900,4220,3487,733
48073951000,3173,2386,787
48073951100,1756,1270,486
48075950100,2017,1824,193
48075950200,4647,3494,1153
48077030200,3208,2479,729
48077030301,4317,3446,871
48077030302,2693,2219,474
48079950100,2547,1817,730
48081950100,1570,1261,309
48081950200,1715,1373,342
48083950300,4063,3182,881
48083950600,1285,1119,166
48083950700,2336,1864,472
48085030101,3595,2602,993
48085030102,4282,3263,1019
48085030201,6175,4526,1649
48085030202,6345,4732,1613
48085030204,7554,5093,2461
48085030205,4869,3358,1511
48085030206,4565,3006,1559
48085030207,14195,9562,4633
48085030301,9945,6818,3127
48085030302,5812,3887,1925
48085030303,10198,6687,3511
48085030304,7973,5216,2757
48085030306,11608,7482,4126
48085030307,12663,8636,4027
48085030403,5616,4199,1417
48085030404,5535,4261,1274
48085030405,4546,3464,1082
48085030406,5622,4293,1329
48085030407,3868,2852,1016
48085030409,3619,2754,865
48085030410,4349,3483,866
48085030504,4417,3755,662
48085030505,5903,5009,894
48085030506,4543,3580,963
48085030507,1810,1343,467
48085030509,2507,1820,687
48085030510,3107,2276,831
48085030511,14451,9382,5069
48085030512,4566,3053,1513
48085030515,6444,4584,1860
48085030516,7412,4943,2469
48085030517,9512,6526,2986
48085030518,9638,5850,3788
48085030519,8888,6177,2711
48085030520,6791,4502,2289
48085030521,5252,3296,1956
48085030524,8990,6012,2978
48085030525,5966,4400,1566
48085030529,3710,2628,1082
48085030531,6856,5123,1733
48085030532,3015,2222,793
48085030533,3355,2489,866
48085030534,3173,2389,784
48085030535,2786,2097,689
48085030536,7209,4575,2634
48085030537,7579,4799,2780
48085030538,5584,3829,1755
48085030539,5448,3818,1630
48085030540,4154,3116,1038
48085030541,4468,3082,1386
48085030542,8325,6700,1625
48085030543,3672,2665,1007
48085030544,5510,4020,1490
48085030545,3034,2302,732
48085030546,5611,3975,1636
48085030547,5715,3988,1727
48085030548,4794,3381,1413
48085030549,2612,1967,645
48085030550,4218,3042,1176
48085030604,3353,2614,739
48085030605,6758,4781,1977
48085030606,5597,4207,1390
48085030607,5200,4110,1090
48085030608,2508,1891,617
48085030609,6776,4926,1850
48085030701,3363,2513,850
48085030702,4874,3681,1193
48085030801,4521,3487,1034
48085030802,6099,4646,1453
48085030901,2335,1651,684
48085030903,7763,5720,2043
48085031003,12022,8199,3823
48085031005,3126,2190,936
48085031006,3460,2561,899
48085031007,6291,4490,1801
48085031008,3229,2414,815
48085031101,5837,4277,1560
48085031102,6507,4745,1762
48085031201,7895,5709,2186
48085031202,7224,5059,2165
48085031308,6999,4886,2113
48085031314,6001,4101,1900
48085031318,5832,4091,1741
48085031319,4707,3355,1352
48085031320,6153,4465,1688
48085031321,7121,4950,2171
48085031322,8733,6072,2661
48085031323,5369,3690,1679
48085031324,4567,3584,983
48085031325,2188,1840,348
48085031326,6305,4404,1901
48085031327,4347,3023,1324
48085031328,3830,2672,1158
48085031329,6772,4552,2220
48085031330,5905,4121,1784
48085031331,4990,3419,1571
48085031332,5218,3555,1663
48085031333,3826,2764,1062
48085031334,2877,2236,641
48085031335,6108,4502,1606
48085031336,5486,3883,1603
48085031408,3495,2538,957
48085031411,6037,4367,1670
48085031412,6555,5076,1479
48085031413,6839,4739,2100
48085031414,6149,4169,1980
48085031415,4945,3633,1312
48085031416,10717,7406,3311
48085031417,6840,4858,1982
48085031418,7110,4802,2308
48085031419,4929,3397,1532
48085031420,3446,3076,370
48085031421,4573,3326,1247
48085031422,4006,3052,954
48085031423,2899,2092,807
48085031424,2875,2283,592
48085031425,5725,4312,1413
48085031504,7033,5310,1723
48085031507,7056,5345,1711
48085031508,6124,4654,1470
48085031509,3873,2945,928
48085031510,6863,5205,1658
48085031511,5447,4028,1419
48085031512,3466,2505,961
48085031611,3919,3062,857
48085031613,5612,4486,1126
48085031621,5624,4608,1016
48085031622,6089,4895,1194
48085031623,2706,2191,515
48085031624,3532,2752,780
48085031625,4339,3558,781
48085031626,2342,1864,478
48085031627,4754,3781,973
48085031628,3472,2817,655
48085031629,3398,2651,747
48085031630,4466,3482,984
48085031631,4581,3441,1140
48085031632,5532,4484,1048
48085031633,3636,3000,636
48085031634,3022,2454,568
48085031635,4493,3462,1031
48085031636,6554,5135,1419
48085031639,7146,5084,2062
48085031641,6306,4541,1765
48085031642,4496,3545,951
48085031643,4518,3403,1115
48085031645,2017,1469,548
48085031646,6402,4936,1466
48085031647,3273,2477,796
48085031649,5611,4789,822
48085031654,3768,2929,839
48085031655,4731,3767,964
48085031657,2935,2651,284
48085031659,2121,1573,548
48085031660,5418,3896,1522
48085031661,3695,2548,1147
48085031662,4726,3462,1264
48085031663,3846,2806,1040
48085031664,3869,3054,815
48085031665,3414,2430,984
48085031666,5701,3974,1727
48085031667,3340,2555,785
48085031668,3761,2893,868
48085031669,2624,1953,671
48085031670,1428,1311,117
48085031671,2528,2314,214
48085031672,2263,1866,397
48085031673,2817,2148,669
48085031674,5277,4053,1224
48085031675,3107,2440,667
48085031676,4082,3250,832
48085031677,3073,2396,677
48085031678,3607,2839,768
48085031679,2883,2127,756
48085031680,3828,2834,994
48085031681,2619,2005,614
48085031682,3662,2770,892
48085031704,3625,3059,566
48085031706,2253,1795,458
48085031708,3902,3322,580
48085031709,4931,4193,738
48085031711,3265,2635,630
48085031713,4572,3646,926
48085031715,2703,2189,514
48085031716,2378,2047,331
48085031717,2037,1769,268
48085031718,2479,1939,540
48085031719,1717,1458,259
48085031720,3759,3135,624
48085031721,2303,1937,366
48085031722,2994,2479,515
48085031723,3777,3000,777
48085031724,3004,2399,605
48085031806,2454,2190,264
48085031807,5034,4179,855
48085031808,3273,2608,665
48085031809,1970,1529,441
48085031810,1854,1573,281
48085031811,1968,1832,136
48085031812,2055,1807,248
48085031813,5232,5126,106
48085031814,1875,1551,324
48085031815,3951,3225,726
48085031816,3228,2796,432
48085031901,2817,2338,479
48085031902,3724,3022,702
48085031903,1280,1108,172
48085031904,3300,3086,214
48085032003,6019,4609,1410
48085032008,4377,3525,852
48085032010,5839,4170,1669
48085032012,3662,2810,852
48085032013,6801,4938,1863
48085032014,5347,3778,1569
48085032015,2380,1818,562
48085032016,2716,1916,800
48085032017,5026,3737,1289
48085032018,3595,3098,497
48085032019,2987,2211,776
48087950300,2652,1988,664
48089750100,4585,3453,1132
48089750200,1907,1464,443
48089750300,4773,3791,982
48089750400,4875,4012,863
48089750500,4417,3373,1044
48091310100,3034,2510,524
48091310200,2863,2359,504
48091310301,2916,2266,650
48091310302,4753,3898,855
48091310401,5618,4283,1335
48091310404,4180,3165,1015
48091310405,3443,2664,779
48091310406,5334,3809,1525
48091310501,4130,3196,934
48091310502,8264,6156,2108
48091310503,5935,4997,938
48091310603,5451,4533,918
48091310604,3159,2670,489
48091310608,4741,3683,1058
48091310609,4046,3409,637
48091310610,3254,2501,753
48091310611,3381,2865,516
48091310612,2230,1856,374
48091310613,3970,3425,545
48091310614,1599,1389,210
48091310702,6883,5376,1507
48091310703,9528,7172,2356
48091310705,3047,2421,626
48091310706,4637,3696,941
48091310707,4260,3279,981
48091310708,3332,2718,614
48091310801,7233,5684,1549
48091310803,5216,4193,1023
48091310804,6762,4734,2028
48091310901,9011,7021,1990
48091310903,7241,5410,1831
48091310904,8822,6661,2161
48091310905,3228,2536,692
48093950101,1996,1497,499
48093950102,2485,2035,450
48093950200,3450,2759,691
48093950300,3948,2894,1054
48093950400,1715,1381,334
48095950300,3303,2851,452
48097000100,6291,4842,1449
48097000200,5036,3765,1271
48097000400,2092,1609,483
48097000500,3438,2445,993
48097000600,4801,3528,1273
48097000701,4746,3974,772
48097000702,2845,2225,620
48097000900,5313,3979,1334
48097001100,7106,5156,1950
48099010101,3856,2995,861
48099010102,4036,3179,857
48099010201,7311,7282,29
48099010202,5725,4288,1437
48099010300,2577,2081,496
48099010400,4567,3392,1175
48099010501,4082,2299,1783
48099010502,4400,2577,1823
48099010503,4527,4506,21
48099010504,2724,1548,1176
48099010601,4528,3383,1145
48099010603,6598,4605,1993
48099010604,6971,4770,2201
48099010701,4890,3610,1280
48099010702,3233,2451,782
48099010802,5893,4221,1672
48099010803,2941,2209,732
48099010804,4199,3182,1017
48101950100,1380,1097,283
48103950100,4675,3351,1324
48105950100,3098,2394,704
48107950100,1926,1468,458
48107950200,1968,1443,525
48107950300,1239,901,338
48109950300,2188,1721,467
48111950100,1465,1015,450
48111950300,5650,4007,1643
48113000100,4473,3302,1171
48113000201,3173,2383,790
48113000202,3794,3076,718
48113000300,4592,3886,706
48113000401,4972,4188,784
48113000405,2231,1864,367
48113000407,2083,1769,314
48113000408,2188,2075,113
48113000409,3919,3657,262
48113000410,4854,3658,1196
48113000501,1950,1881,69
48113000502,2491,2434,57
48113000503,2752,2644,108
48113000605,2404,2343,61
48113000606,3170,3026,144
48113000607,2144,2042,102
48113000608,2177,2021,156
48113000609,1878,1740,138
48113000610,1926,1574,352
48113000611,2428,2198,230
48113000703,3117,2982,135
48113000704,2971,2883,88
48113000705,1848,1795,53
48113000706,2252,2168,84
48113000801,3602,2877,725
48113000802,3294,2890,404
48113000901,2591,2442,149
48113000902,2812,2595,217
48113001001,1910,1647,263
48113001002,2116,1834,282
48113001101,3812,3351,461
48113001102,2405,1920,485
48113001202,3616,2957,659
48113001203,1370,1041,329
48113001204,2284,1753,531
48113001301,2715,2328,387
48113001302,2608,2118,490
48113001400,3377,2692,685
48113001502,2752,2189,563
48113001503,1958,1768,190
48113001504,2494,2183,311
48113001601,3249,2593,656
48113001602,2446,2305,141
48113001703,4555,4390,165
48113001705,3113,2959,154
48113001801,2763,2677,86
48113001802,3390,3298,92
48113001901,4064,3927,137
48113001902,5978,5653,325
48113002001,2726,2339,387
48113002002,2473,1830,643
48113002100,2720,2541,179
48113002200,2860,2612,248
48113002400,3477,2645,832
48113002500,5701,4299,1402
48113002703,5519,3983,1536
48113003102,1286,1209,77
48113003103,2508,2320,188
48113003700,3607,2829,778
48113004201,4501,3746,755
48113004202,2317,1861,456
48113004300,5459,4824,635
48113004400,3272,2673,599
48113004500,5409,4127,1282
48113004600,1877,1571,306
48113004700,2551,1969,582
48113004800,2461,1700,761
48113005000,3395,2554,841
48113005100,2551,1902,649
48113005200,4051,3016,1035
48113005300,6579,4957,1622
48113005400,5402,4009,1393
48113005500,4134,3028,1106
48113005600,7020,4834,2186
48113005700,5522,3865,1657
48113005901,5704,4218,1486
48113005902,4146,3076,1070
48113006001,3790,2660,1130
48113006002,5669,4088,1581
48113006100,4465,3247,1218
48113006200,6217,4423,1794
48113006301,5695,4178,1517
48113006302,4142,3146,996
48113006401,2352,1726,626
48113006402,4929,3543,1386
48113006501,5400,3908,1492
48113006502,3585,2640,945
48113006701,4196,2895,1301
48113006702,2605,1975,630
48113006800,5012,3891,1121
48113006900,3562,2594,968
48113007101,2164,1727,437
48113007102,5441,4621,820
48113007203,3144,2120,1024
48113007204,4485,2982,1503
48113007205,4421,3157,1264
48113007206,2325,1647,678
48113007301,2108,1636,472
48113007302,3949,3232,717
48113007601,1894,1418,476
48113007604,3078,2355,723
48113007605,1501,1256,245
48113007701,2498,2187,311
48113007702,3546,2948,598
48113007801,2430,2233,197
48113007805,3225,2780,445
48113007809,2847,2275,572
48113007810,5286,3815,1471
48113007812,3212,2359,853
48113007815,5080,3499,1581
48113007819,2275,1841,434
48113007821,4095,2933,1162
48113007822,2110,1939,171
48113007823,2976,2650,326
48113007824,1969,1422,547
48113007825,4935,3781,1154
48113007826,1698,1438,260
48113007827,2784,2112,672
48113007828,4047,3276,771
48113007829,2602,1987,615
48113007830,2153,1695,458
48113007831,2946,2138,808
48113007832,2677,1867,810
48113007833,2539,1846,693
48113007834,2916,2194,722
48113007835,2881,2229,652
48113007902,5433,4512,921
48113007903,2175,1876,299
48113007906,2597,2010,587
48113007909,2179,2012,167
48113007910,2953,2705,248
48113007912,2112,1853,259
48113007913,3286,3057,229
48113007914,3499,3262,237
48113007915,2048,1895,153
48113007916,1244,1142,102
48113008000,7652,5237,2415
48113008101,1841,1661,180
48113008102,4647,3730,917
48113008200,4156,3256,900
48113008401,5219,3729,1490
48113008402,4322,3076,1246
48113008500,4815,3463,1352
48113008604,3247,2143,1104
48113008701,5132,3622,1510
48113008703,3479,2401,1078
48113008704,3929,2792,1137
48113008705,1715,1265,450
48113008801,2717,2093,624
48113008802,5736,3988,1748
48113009001,4711,3157,1554
48113009002,4108,2980,1128
48113009101,5736,4063,1673
48113009103,3641,2545,1096
48113009104,3529,2459,1070
48113009105,4038,2844,1194
48113009202,6115,4100,2015
48113009203,3609,2488,1121
48113009204,3038,2189,849
48113009301,4786,3249,1537
48113009303,4054,2855,1199
48113009304,6749,4308,2441
48113009401,3487,2793,694
48113009402,2660,2128,532
48113009500,2375,1776,599
48113009603,4454,3427,1027
48113009604,4809,3685,1124
48113009605,3471,2633,838
48113009607,3559,2795,764
48113009608,3218,2580,638
48113009609,3184,2372,812
48113009610,4623,3025,1598
48113009611,3497,2818,679
48113009701,4675,3491,1184
48113009702,3245,2432,813
48113009802,5582,4103,1479
48113009803,2051,1524,527
48113009804,7233,4677,2556
48113009900,6273,5193,1080
48113010001,2600,1902,698
48113010002,4174,4128,46
48113010003,3254,3137,117
48113010101,5069,3547,1522
48113010102,2679,1996,683
48113010500,3201,2343,858
48113010601,5540,3949,1591
48113010602,3135,2037,1098
48113010701,5543,3955,1588
48113010704,5242,3484,1758
48113010804,4655,3379,1276
48113010805,5578,3870,1708
48113010806,3512,2744,768
48113010807,4074,2921,1153
48113010808,3616,2651,965
48113010809,5630,4118,1512
48113010903,3368,2489,879
48113010904,3714,2622,1092
48113010905,2501,1788,713
48113010906,4528,3232,1296
48113011002,3099,2507,592
48113011003,4221,3459,762
48113011004,2473,1852,621
48113011101,4458,3493,965
48113011103,3948,2905,1043
48113011104,3844,2779,1065
48113011105,4726,3153,1573
48113011201,3990,2720,1270
48113011202,2890,2238,652
48113011300,5417,4156,1261
48113011401,5935,3818,2117
48113011500,4588,2988,1600
48113011601,4492,3058,1434
48113011603,3709,2379,1330
48113011604,3939,2593,1346
48113011701,6420,4436,1984
48113011702,5704,4021,1683
48113011801,5632,3824,1808
48113011802,4336,3001,1335
48113011901,4771,3344,1427
48113011902,5165,3627,1538
48113012000,11383,7770,3613
48113012101,3607,2367,1240
48113012102,3274,2310,964
48113012206,4830,3823,1007
48113012207,7254,5269,1985
48113012208,2530,1738,792
48113012209,2704,2063,641
48113012210,3930,3024,906
48113012211,4513,3255,1258
48113012212,3462,2635,827
48113012213,2404,2010,394
48113012301,4748,3461,1287
48113012302,8092,5423,2669
48113012400,5156,4171,985
48113012501,3674,2697,977
48113012502,4111,3009,1102
48113012601,5783,4255,1528
48113012603,2020,1491,529
48113012604,5626,4215,1411
48113012701,6462,4801,1661
48113012702,3049,2294,755
48113012801,2730,2186,544
48113012802,5009,3882,1127
48113012900,4828,3863,965
48113013005,4295,3259,1036
48113013007,3510,2628,882
48113013008,3738,2695,1043
48113013009,4825,3395,1430
48113013010,4691,3616,1075
48113013011,4274,3031,1243
48113013012,2602,1913,689
48113013013,4410,2850,1560
48113013101,2757,2198,559
48113013102,1928,1541,387
48113013104,1641,1472,169
48113013106,1340,1215,125
48113013107,4475,3944,531
48113013201,2754,2178,576
48113013202,5342,4838,504
48113013300,2064,1600,464
48113013400,2068,1550,518
48113013500,2562,1914,648
48113013605,5709,4136,1573
48113013606,5434,4206,1228
48113013607,3538,2531,1007
48113013608,2570,2151,419
48113013609,3993,2759,1234
48113013610,4797,3586,1211
48113013611,2887,2605,282
48113013615,5351,4004,1347
48113013617,2953,2281,672
48113013618,3271,2489,782
48113013619,5414,4124,1290
48113013620,6205,5762,443
48113013621,4423,3720,703
48113013622,2672,2438,234
48113013624,4106,3466,640
48113013625,2860,2263,597
48113013626,3003,2499,504
48113013627,1585,1339,246
48113013628,6306,5795,511
48113013629,2217,1756,461
48113013630,2154,1896,258
48113013631,2097,1538,559
48113013715,2338,1776,562
48113013716,5078,4064,1014
48113013717,2671,1851,820
48113013718,4579,3163,1416
48113013719,4257,3506,751
48113013720,5613,4276,1337
48113013721,5988,5056,932
48113013722,4640,3862,778
48113013725,3748,2975,773
48113013726,2854,2360,494
48113013727,3790,3273,517
48113013728,5064,3623,1441
48113013729,7353,5579,1774
48113013804,3404,2659,745
48113013805,4101,3559,542
48113013806,3628,3196,432
48113013807,2778,2283,495
48113013808,2856,2438,418
48113013901,3283,2467,816
48113013902,4278,3355,923
48113014001,4274,3541,733
48113014002,1985,1723,262
48113014119,4655,3531,1124
48113014120,5177,3794,1383
48113014121,5466,4373,1093
48113014123,6234,4476,1758
48113014124,4971,3824,1147
48113014126,6994,5056,1938
48113014128,4257,3018,1239
48113014130,5185,4169,1016
48113014132,2628,1926,702
48113014134,4156,3068,1088
48113014135,4809,3359,1450
48113014138,4621,3532,1089
48113014139,2949,2284,665
48113014140,2329,1854,475
48113014141,2144,1771,373
48113014142,2320,1763,557
48113014143,4682,3636,1046
48113014144,5471,4588,883
48113014145,1424,1128,296
48113014146,2257,1722,535
48113014147,2105,1621,484
48113014148,3367,2400,967
48113014149,3647,2757,890
48113014150,1676,1143,533
48113014151,4424,3048,1376
48113014152,3369,2697,672
48113014153,3982,2970,1012
48113014154,3525,2502,1023
48113014155,5437,3926,1511
48113014156,4158,2864,1294
48113014157,1914,1597,317
48113014158,3090,2328,762
48113014159,3014,1841,1173
48113014160,2760,2197,563
48113014161,3122,2389,733
48113014203,3441,2639,802
48113014204,2905,2384,521
48113014205,1925,1602,323
48113014207,2656,2482,174
48113014208,2706,2530,176
48113014209,4047,3792,255
48113014306,5978,4340,1638
48113014308,4275,2991,1284
48113014309,5000,3449,1551
48113014310,4965,3745,1220
48113014313,3582,2876,706
48113014314,3103,2518,585
48113014315,3166,2272,894
48113014316,3918,2995,923
48113014317,1647,1418,229
48113014318,2817,2241,576
48113014319,2664,1931,733
48113014320,2747,2006,741
48113014405,4038,2922,1116
48113014406,4686,3475,1211
48113014407,5461,3969,1492
48113014408,4373,3405,968
48113014409,2396,1803,593
48113014410,2719,1984,735
48113014501,3471,2599,872
48113014502,4511,3374,1137
48113014601,2483,1804,679
48113014602,4883,3328,1555
48113014603,1890,1389,501
48113014701,4669,3364,1305
48113014704,5742,4004,1738
48113014903,3998,2868,1130
48113015001,5186,3658,1528
48113015002,3054,2260,794
48113015101,4319,3267,1052
48113015102,2417,1715,702
48113015202,3525,2538,987
48113015205,3983,2791,1192
48113015206,4205,3116,1089
48113015207,4022,3160,862
48113015208,3747,2718,1029
48113015303,1973,1324,649
48113015304,3986,2815,1171
48113015305,4460,3263,1197
48113015306,5559,4134,1425
48113015403,3551,2584,967
48113015404,4446,3001,1445
48113015405,2322,1825,497
48113015406,3505,2884,621
48113015500,3604,2562,1042
48113015600,5087,3577,1510
48113015700,2499,1741,758
48113015900,3509,2444,1065
48113016001,4624,3199,1425
48113016002,2945,2040,905
48113016100,3867,2813,1054
48113016201,4564,3166,1398
48113016203,2189,1396,793
48113016204,4156,3043,1113
48113016301,6801,4927,1874
48113016302,2123,1484,639
48113016406,4919,3466,1453
48113016407,6796,4850,1946
48113016409,3848,3033,815
48113016410,4264,3213,1051
48113016412,4487,3401,1086
48113016414,2163,1600,563
48113016415,4858,3609,1249
48113016416,3116,2223,893
48113016417,6213,4588,1625
48113016418,4724,3529,1195
48113016419,5520,4023,1497
48113016420,3168,2326,842
48113016421,3824,2864,960
48113016511,4335,3180,1155
48113016513,5275,4238,1037
48113016516,5637,4141,1496
48113016517,4602,3359,1243
48113016518,5350,3754,1596
48113016519,2486,1883,603
48113016521,7794,6081,1713
48113016522,3700,2855,845
48113016524,3078,2490,588
48113016525,2452,1964,488
48113016526,3710,2715,995
48113016527,4326,3127,1199
48113016528,4893,3608,1285
48113016529,3374,2542,832
48113016530,4276,3255,1021
48113016531,3425,2556,869
48113016532,2493,1903,590
48113016533,3862,2672,1190
48113016534,3588,2359,1229
48113016535,3757,2855,902
48113016536,3193,2172,1021
48113016607,3643,2688,955
48113016610,4790,3743,1047
48113016615,4218,3039,1179
48113016616,6403,4530,1873
48113016617,4514,3760,754
48113016618,5290,4033,1257
48113016619,3731,2894,837
48113016620,5688,4397,1291
48113016621,7560,5238,2322
48113016622,3907,2791,1116
48113016623,8279,5940,2339
48113016624,3436,2585,851
48113016626,5019,3540,1479
48113016627,1657,1293,364
48113016628,5131,3848,1283
48113016629,3158,2328,830
48113016630,6288,4504,1784
48113016631,5087,3910,1177
48113016632,3244,2484,760
48113016633,6305,4713,1592
48113016634,3537,2543,994
48113016635,4022,2616,1406
48113016636,2927,2237,690
48113016637,3186,2347,839
48113016638,1983,1691,292
48113016704,4485,3210,1275
48113016706,2513,1799,714
48113016707,4521,3297,1224
48113016708,6654,4728,1926
48113016709,4532,3157,1375
48113016710,4667,3450,1217
48113016711,2421,1815,606
48113016802,5465,4004,1461
48113016803,6580,4746,1834
48113016805,2928,2162,766
48113016806,5636,4097,1539
48113016902,7363,5572,1791
48113016903,6851,4783,2068
48113017005,4958,3352,1606
48113017006,5698,4779,919
48113017007,4983,3323,1660
48113017008,8361,5735,2626
48113017009,5842,3586,2256
48113017010,6573,4277,2296
48113017101,5987,4073,1914
48113017102,6070,4089,1981
48113017201,6268,4273,1995
48113017203,4808,3428,1380
48113017204,4532,3076,1456
48113017307,4383,3251,1132
48113017308,4243,3132,1111
48113017309,3381,2321,1060
48113017310,3603,2568,1035
48113017311,3863,2778,1085
48113017312,4073,3001,1072
48113017313,3535,2498,1037
48113017314,8020,5637,2383
48113017315,7379,5014,2365
48113017400,5680,4151,1529
48113017500,3823,2939,884
48113017602,4361,3069,1292
48113017604,3425,2240,1185
48113017605,3941,2783,1158
48113017606,5211,3615,1596
48113017703,4996,3340,1656
48113017704,6376,4394,1982
48113017705,3097,2160,937
48113017706,5224,3951,1273
48113017805,6565,4751,1814
48113017806,5228,3657,1571
48113017808,5146,3981,1165
48113017811,4688,3563,1125
48113017812,2438,1831,607
48113017814,5527,4236,1291
48113017815,3285,2438,847
48113017816,4289,2957,1332
48113017817,3222,2317,905
48113017818,3661,2724,937
48113017819,2551,1952,599
48113017820,3215,2334,881
48113017900,5412,3731,1681
48113018001,7529,5407,2122
48113018002,3745,2617,1128
48113018105,5880,4273,1607
48113018110,5423,4474,949
48113018111,6879,4844,2035
48113018120,5142,3895,1247
48113018121,5764,4322,1442
48113018126,6894,5180,1714
48113018127,3264,2343,921
48113018128,5913,4253,1660
48113018129,4504,3631,873
48113018130,4532,3378,1154
48113018132,5343,4063,1280
48113018133,3916,3033,883
48113018134,5570,4250,1320
48113018135,5182,4073,1109
48113018137,4145,3113,1032
48113018138,4985,3736,1249
48113018140,5572,4341,1231
48113018141,4245,3263,982
48113018142,3916,3007,909
48113018143,6836,5080,1756
48113018144,4458,3238,1220
48113018145,4089,3306,783
48113018146,3564,2919,645
48113018147,3737,2944,793
48113018148,5372,3754,1618
48113018149,3970,2905,1065
48113018150,4248,3108,1140
48113018151,3960,3068,892
48113018152,6203,4901,1302
48113018153,6044,4411,1633
48113018154,5595,4144,1451
48113018155,5526,3950,1576
48113018156,4744,3522,1222
48113018157,3583,2688,895
48113018158,4186,3086,1100
48113018159,5199,3736,1463
48113018203,6636,4815,1821
48113018204,4504,3160,1344
48113018205,4355,3107,1248
48113018206,4700,3240,1460
48113018300,7632,5395,2237
48113018401,5222,3697,1525
48113018402,4417,3381,1036
48113018403,1047,781,266
48113018501,3985,2896,1089
48113018505,3876,2768,1108
48113018506,2771,2105,666
48113018507,3934,2954,980
48113018508,1429,1095,334
48113018600,3948,2949,999
48113018700,6720,4763,1957
48113018801,4576,3380,1196
48113018802,1566,1218,348
48113018900,6363,4744,1619
48113019013,5133,3343,1790
48113019016,2699,2052,647
48113019018,5157,3971,1186
48113019019,7113,5077,2036
48113019020,5611,4533,1078
48113019023,5028,4064,964
48113019024,4164,3298,866
48113019025,4912,3957,955
48113019026,5534,4537,997
48113019027,6375,4819,1556
48113019028,3708,2907,801
48113019029,6525,5140,1385
48113019031,6345,5060,1285
48113019032,4258,3048,1210
48113019033,4422,3209,1213
48113019034,4525,3422,1103
48113019035,5310,3894,1416
48113019036,2847,2332,515
48113019037,3531,2770,761
48113019039,6606,5039,1567
48113019040,6968,5222,1746
48113019041,2363,1918,445
48113019042,8230,6783,1447
48113019044,4066,3049,1017
48113019045,3153,2325,828
48113019046,3691,2755,936
48113019047,3543,2493,1050
48113019048,3299,2552,747
48113019049,4092,2946,1146
48113019050,2902,2380,522
48113019051,5423,4415,1008
48113019052,1102,1019,83
48113019053,1657,1523,134
48113019101,1438,1221,217
48113019102,5008,3832,1176
48113019202,4714,3496,1218
48113019203,3957,3028,929
48113019205,4588,3323,1265
48113019208,5932,4205,1727
48113019210,4338,3068,1270
48113019211,5077,4113,964
48113019212,3044,1996,1048
48113019213,3232,2428,804
48113019214,5284,3566,1718
48113019215,2880,2129,751
48113019216,3992,3241,751
48113019301,3098,1999,1099
48113019302,6342,5529,813
48113019400,4290,3097,1193
48113019501,7096,4654,2442
48113019502,4457,3111,1346
48113019600,2369,1745,624
48113019700,1966,1534,432
48113019800,4529,3391,1138
48113019900,3884,2774,1110
48113020000,5779,3958,1821
48113020100,2428,1816,612
48113020200,4416,3282,1134
48113020300,2784,2238,546
48113020401,2225,2157,68
48113020402,6079,5516,563
48113020500,5259,3332,1927
48113020600,2478,1969,509
48113020700,5178,4245,933
48113020800,6593,4752,1841
48113020900,2751,2217,534
48113021000,5547,3937,1610
48113021100,4087,2906,1181
48113021200,5716,4105,1611
48113980200,3858,3821,37
48115950401,4008,2940,1068
48115950402,3266,2748,518
48115950500,3460,2526,934
48115950600,1722,1236,486
48117950300,5849,4051,1798
48117950400,5518,3774,1744
48117950500,3700,2573,1127
48117950600,3516,2551,965
48119950100,3001,2405,596
48119950200,2229,1676,553
48121020109,8988,5657,3331
48121020110,5733,3845,1888
48121020111,4402,2814,1588
48121020112,3049,2143,906
48121020115,7156,5310,1846
48121020116,5760,4268,1492
48121020117,2285,1801,484
48121020118,4568,3456,1112
48121020119,4605,3137,1468
48121020120,5925,4189,1736
48121020121,7156,5039,2117
48121020122,4277,2738,1539
48121020123,6134,4278,1856
48121020124,3061,2099,962
48121020125,7979,5397,2582
48121020126,3779,2762,1017
48121020127,7500,5199,2301
48121020128,11727,7449,4278
48121020129,4232,3105,1127
48121020130,2265,1772,493
48121020131,8184,5719,2465
48121020132,5171,3225,1946
48121020133,7591,4880,2711
48121020134,5500,3583,1917
48121020135,6385,4499,1886
48121020136,3648,2672,976
48121020137,3935,2696,1239
48121020203,5936,4285,1651
48121020204,5554,4296,1258
48121020205,1784,1457,327
48121020206,3311,2509,802
48121020207,3685,2776,909
48121020208,3397,2576,821
48121020305,7960,6107,1853
48121020310,4808,4661,147
48121020311,3628,2897,731
48121020312,7610,5349,2261
48121020313,5963,4374,1589
48121020314,11860,8097,3763
48121020315,3424,2513,911
48121020316,3770,2789,981
48121020317,5098,3629,1469
48121020318,5862,4191,1671
48121020319,6920,4924,1996
48121020320,11167,7655,3512
48121020321,6438,4393,2045
48121020322,7662,5420,2242
48121020402,5379,4536,843
48121020403,4142,3535,607
48121020404,4822,3730,1092
48121020405,4681,3270,1411
48121020504,3959,2733,1226
48121020505,7637,5973,1664
48121020506,1964,1467,497
48121020507,3479,2736,743
48121020508,2408,1947,461
48121020601,5306,4747,559
48121020603,3469,2573,896
48121020604,4055,3221,834
48121020605,2680,2008,672
48121020700,3543,3244,299
48121020800,6022,5099,923
48121020900,3717,3352,365
48121021000,5633,5239,394
48121021100,3468,3261,207
48121021202,4060,3255,805
48121021203,3798,2741,1057
48121021204,3626,2908,718
48121021301,3966,3672,294
48121021304,6440,5209,1231
48121021305,3801,3055,746
48121021306,3116,2550,566
48121021307,4922,3709,1213
48121021410,4580,3624,956
48121021411,7284,5507,1777
48121021412,6183,4827,1356
48121021413,2841,2100,741
48121021414,4853,3442,1411
48121021415,9881,7072,2809
48121021416,4491,3092,1399
48121021417,2615,1989,626
48121021418,4187,3187,1000
48121021419,4699,3527,1172
48121021420,3234,2399,835
48121021421,3895,2986,909
48121021422,5070,3797,1273
48121021423,3606,2536,1070
48121021502,4726,3418,1308
48121021505,6135,4691,1444
48121021512,4747,3558,1189
48121021513,3739,2933,806
48121021514,4238,3243,995
48121021516,6585,5086,1499
48121021517,4461,3688,773
48121021518,2884,2322,562
48121021520,3527,2697,830
48121021521,4044,3159,885
48121021522,4364,2912,1452
48121021526,8280,5638,2642
48121021528,2635,1731,904
48121021529,4845,3325,1520
48121021530,3754,2869,885
48121021531,4887,3641,1246
48121021532,4105,3180,925
48121021533,6188,4506,1682
48121021534,6302,4719,1583
48121021535,3809,3790,19
48121021536,6529,4944,1585
48121021537,5374,4025,1349
48121021538,6745,4796,1949
48121021539,8624,5587,3037
48121021540,7330,4581,2749
48121021611,4424,3567,857
48121021612,3770,3001,769
48121021613,5579,4086,1493
48121021614,3650,2850,800
48121021615,4692,3547,1145
48121021616,4626,3615,1011
48121021618,4351,3311,1040
48121021619,3182,2230,952
48121021620,3859,3204,655
48121021621,3634,3012,622
48121021622,6092,4949,1143
48121021626,2434,1971,463
48121021630,5457,4188,1269
48121021631,5302,4083,1219
48121021632,3548,2968,580
48121021633,4261,3504,757
48121021634,5215,4274,941
48121021635,4550,3576,974
48121021637,4215,3288,927
48121021638,4048,3078,970
48121021639,3403,2717,686
48121021640,3132,2441,691
48121021641,3656,3102,554
48121021642,3468,2993,475
48121021643,4919,3587,1332
48121021644,2202,1591,611
48121021645,2083,1357,726
48121021646,6426,5024,1402
48121021647,4670,4266,404
48121021648,3104,2765,339
48121021649,3406,2617,789
48121021650,5354,4028,1326
48121021651,6584,5203,1381
48121021652,4283,3075,1208
48121021653,2824,2200,624
48121021654,3855,2807,1048
48121021655,2323,2064,259
48121021715,4722,3705,1017
48121021716,5550,4334,1216
48121021717,5438,4323,1115
48121021719,5240,3896,1344
48121021720,3187,2286,901
48121021721,3680,2716,964
48121021722,4150,3072,1078
48121021723,1476,1104,372
48121021724,4250,3135,1115
48121021725,3565,2647,918
48121021726,3107,2271,836
48121021727,5383,3852,1531
48121021728,3693,2832,861
48121021729,3012,2276,736
48121021730,3625,2758,867
48121021731,3462,2765,697
48121021732,2524,1936,588
48121021733,3244,2464,780
48121021734,3569,2808,761
48121021735,3346,2697,649
48121021736,2527,2031,496
48121021737,4908,3933,975
48121021738,3382,2793,589
48121021739,3596,2635,961
48121021740,5195,3922,1273
48121021741,1948,1494,454
48121021742,6441,4705,1736
48121021743,3689,2737,952
48121021744,3781,2561,1220
48121021745,5924,4172,1752
48121021746,4365,3354,1011
48121021748,4254,3233,1021
48121021749,3347,2450,897
48121021750,5127,3726,1401
48121021751,4734,3178,1556
48121021752,4851,3330,1521
48121021754,4029,2821,1208
48121021755,9181,6318,2863
48121021756,4222,3283,939
48121021757,3192,2385,807
48121021758,3580,2700,880
48121021759,2164,1794,370
48121021800,4218,3456,762
48121021900,5762,3865,1897
48123970100,3937,3013,924
48123970201,1749,1572,177
48123970202,3235,2451,784
48123970300,4482,3426,1056
48123970400,3870,2967,903
48123970500,2551,1989,562
48125950300,1770,1369,401
48127950201,4735,3430,1305
48127950202,2357,1721,636
48127950400,1523,1157,366
48129950200,1926,1496,430
48129950300,1332,1095,237
48131950100,4664,3559,1105
48131950200,2887,2116,771
48131950500,2280,1837,443
48133950100,2760,2214,546
48133950201,1064,851,213
48133950202,4723,3744,979
48133950301,3605,2792,813
48133950302,1590,1221,369
48133950400,1770,1441,329
48133950500,2213,1723,490
48135000100,3790,2757,1033
48135000300,1885,1433,452
48135000400,4394,3130,1264
48135000500,4473,3176,1297
48135000600,5518,3842,1676
48135000700,4653,3362,1291
48135000800,3837,2834,1003
48135001000,4465,3345,1120
48135001100,6877,4903,1974
48135001300,4867,3682,1185
48135001500,4548,3400,1148
48135001600,5869,4313,1556
48135001700,5825,4341,1484
48135001800,3666,2497,1169
48135001900,5164,3741,1423
48135002000,3337,2448,889
48135002200,4705,3294,1411
48135002300,3478,2800,678
48135002400,5117,3961,1156
48135002501,10841,7048,3793
48135002502,6442,4689,1753
48135002503,5216,4143,1073
48135002701,7484,5369,2115
48135002702,6561,4416,2145
48135002801,7027,4759,2268
48135002803,5516,3952,1564
48135002804,6752,4669,2083
48135002900,3397,2623,774
48135003001,1240,941,299
48135003002,4672,3275,1397
48135003003,4602,3456,1146
48135003004,5478,4219,1259
48135003100,3475,2642,833
48137950300,1422,1140,282
48139060103,4681,3492,1189
48139060104,3885,2842,1043
48139060105,4310,3178,1132
48139060106,3619,2614,1005
48139060206,7461,5349,2112
48139060207,7247,5409,1838
48139060209,5901,4338,1563
48139060211,4062,3027,1035
48139060212,7406,5219,2187
48139060215,3824,2914,910
48139060216,7922,5740,2182
48139060217,8698,6360,2338
48139060218,2768,2127,641
48139060219,4929,3733,1196
48139060220,3941,2690,1251
48139060221,7591,5412,2179
48139060300,4221,2990,1231
48139060400,5272,3898,1374
48139060500,3350,2418,932
48139060601,5171,3993,1178
48139060602,4603,3666,937
48139060702,5837,4236,1601
48139060704,4815,3580,1235
48139060801,10690,7800,2890
48139060802,8744,6256,2488
48139060803,1903,1347,556
48139060900,7884,5889,1995
48139061000,4538,3442,1096
48139061100,5550,4092,1458
48139061200,2173,1582,591
48139061300,3627,2606,1021
48139061401,2354,1813,541
48139061402,5747,4131,1616
48139061500,5682,4121,1561
48139061600,6928,4760,2168
48139061700,5121,3920,1201
48141000106,5829,4477,1352
48141000107,5256,3965,1291
48141000108,3405,2471,934
48141000109,3562,2796,766
48141000110,3441,2589,852
48141000111,2664,2134,530
48141000112,4222,3234,988
48141000113,3544,2696,848
48141000114,3693,2883,810
48141000204,5359,4010,1349
48141000205,4033,3074,959
48141000206,4565,3433,1132
48141000207,4791,3378,1413
48141000208,4315,3072,1243
48141000301,5743,4263,1480
48141000302,5388,4039,1349
48141000401,6261,4982,1279
48141000403,3233,2381,852
48141000404,3024,2226,798
48141000600,4065,3185,880
48141000800,5152,3972,1180
48141000901,4351,3467,884
48141000902,2549,2075,474
48141001001,2937,2362,575
48141001002,3391,2765,626
48141001107,6761,5279,1482
48141001109,4826,3933,893
48141001110,4998,3997,1001
48141001111,5120,4248,872
48141001112,4524,3556,968
48141001114,5179,4324,855
48141001115,3870,3067,803
48141001116,2714,2166,548
48141001117,5877,4705,1172
48141001118,2397,1985,412
48141001119,3863,3057,806
48141001202,4862,3808,1054
48141001204,5131,3857,1274
48141001301,3652,2867,785
48141001302,7087,5547,1540
48141001400,2664,2354,310
48141001501,4929,4043,886
48141001502,2627,2270,357
48141001600,4088,3534,554
48141001700,1165,1076,89
48141001800,1156,876,280
48141001900,2387,1776,611
48141002000,2312,1685,627
48141002100,2084,1700,384
48141002201,2984,2438,546
48141002202,3832,3059,773
48141002300,4154,3342,812
48141002400,3052,2414,638
48141002500,5676,4661,1015
48141002600,2838,2280,558
48141002800,4387,3086,1301
48141002900,1406,1071,335
48141003000,3547,2622,925
48141003100,3114,2363,751
48141003200,2371,1856,515
48141003300,5338,4381,957
48141003402,5689,4634,1055
48141003403,5484,4392,1092
48141003404,6263,5085,1178
48141003501,2658,2122,536
48141003502,4153,3061,1092
48141003601,3878,2977,901
48141003602,2825,2063,762
48141003701,4088,3174,914
48141003702,4132,3084,1048
48141003801,5095,4013,1082
48141003803,3009,2338,671
48141003804,3393,2532,861
48141003901,3338,2619,719
48141003902,2285,1816,469
48141003904,3193,2379,814
48141003905,3221,2269,952
48141004004,5536,4362,1174
48141004005,5785,4429,1356
48141004006,2680,1878,802
48141004007,3166,2485,681
48141004008,4469,3273,1196
48141004103,6692,5025,1667
48141004104,6147,4901,1246
48141004105,3305,2541,764
48141004106,4936,3816,1120
48141004107,1391,1091,300
48141004201,5583,4239,1344
48141004202,5235,4149,1086
48141004303,5726,4542,1184
48141004307,5378,4306,1072
48141004309,5274,4053,1221
48141004310,4952,3824,1128
48141004311,4490,3543,947
48141004312,4918,3908,1010
48141004313,3173,2511,662
48141004314,4841,3844,997
48141004316,5432,4263,1169
48141004317,3955,3158,797
48141004318,3569,2923,646
48141004319,5114,4098,1016
48141004320,2905,2240,665
48141010101,7514,5716,1798
48141010102,3005,2635,370
48141010103,4435,2607,1828
48141010203,2858,2001,857
48141010210,8205,5645,2560
48141010211,2864,2289,575
48141010212,7594,5361,2233
48141010213,8446,6074,2372
48141010214,6400,4907,1493
48141010217,4921,3679,1242
48141010218,4227,3002,1225
48141010220,6941,4903,2038
48141010222,2026,1562,464
48141010223,5010,3645,1365
48141010224,5755,3730,2025
48141010225,4983,3829,1154
48141010226,4479,3247,1232
48141010227,3899,2855,1044
48141010228,5416,3792,1624
48141010229,7243,5366,1877
48141010230,2299,1760,539
48141010231,4053,3230,823
48141010232,3842,2821,1021
48141010303,3970,2976,994
48141010307,5952,4512,1440
48141010311,6237,4850,1387
48141010312,3775,3000,775
48141010316,3835,2958,877
48141010317,4042,3150,892
48141010322,5544,4086,1458
48141010323,4255,3297,958
48141010326,4537,3675,862
48141010327,3474,2726,748
48141010328,4183,3288,895
48141010329,5419,3742,1677
48141010333,4850,3335,1515
48141010334,3958,2744,1214
48141010335,4080,2851,1229
48141010336,6219,4588,1631
48141010337,6502,4992,1510
48141010338,7538,5634,1904
48141010344,3123,2254,869
48141010346,5431,3980,1451
48141010347,4135,3008,1127
48141010348,4574,3389,1185
48141010349,3438,2626,812
48141010350,4412,3275,1137
48141010351,3222,2300,922
48141010352,5819,4120,1699
48141010353,5166,3558,1608
48141010354,6383,4253,2130
48141010355,5156,3582,1574
48141010356,3776,2667,1109
48141010357,7994,5205,2789
48141010358,10351,7674,2677
48141010359,2577,1926,651
48141010360,3802,2884,918
48141010361,3177,2190,987
48141010362,7823,5278,2545
48141010363,5315,3398,1917
48141010364,2707,2041,666
48141010365,4465,3274,1191
48141010366,8263,5967,2296
48141010367,10634,6809,3825
48141010368,13644,8638,5006
48141010369,14413,9102,5311
48141010370,20548,13355,7193
48141010371,6126,3828,2298
48141010372,3266,2186,1080
48141010401,6750,4948,1802
48141010404,5191,3902,1289
48141010406,3919,2859,1060
48141010408,3824,2929,895
48141010409,5721,4068,1653
48141010410,4335,3054,1281
48141010411,3269,2308,961
48141010412,4817,3288,1529
48141010413,1882,1376,506
48141010501,5814,3945,1869
48141010502,2645,1899,746
48141010504,1619,1172,447
48141010505,3258,2414,844
48141010506,3732,2564,1168
48141010601,825,602,223
48141010602,4425,2633,1792
48143950100,3694,2893,801
48143950201,3888,2901,987
48143950203,4348,3359,989
48143950204,2707,2154,553
48143950301,2329,1761,568
48143950302,3531,2583,948
48143950401,4605,4178,427
48143950402,4157,3384,773
48143950501,3557,2668,889
48143950502,4135,3462,673
48143950600,3666,2942,724
48143950700,1928,1552,376
48145000200,2968,2245,723
48145000300,3551,2566,985
48145000400,1772,1510,262
48145000500,2048,1573,475
48145000700,2559,2013,546
48145000800,4070,3539,531
48147950100,2988,2221,767
48147950300,3142,2450,692
48147950401,4988,4399,589
48147950402,6240,4884,1356
48147950500,2574,2036,538
48147950600,2515,1980,535
48147950701,4649,3530,1119
48147950702,4119,3051,1068
48147950800,4447,3576,871
48149970100,2007,1702,305
48149970200,2478,1997,481
48149970301,1062,843,219
48149970302,4581,3402,1179
48149970400,3665,2945,720
48149970500,3930,3129,801
48149970601,903,740,163
48149970602,3904,3052,852
48149970700,1905,1586,319
48151950300,1721,1313,408
48151950400,1951,1549,402
48153950500,2106,1549,557
48153950600,3296,2380,916
48155950100,1095,899,196
48157670101,6587,4682,1905
48157670102,3552,2528,1024
48157670201,1662,1282,380
48157670202,6295,4684,1611
48157670300,3825,2920,905
48157670400,4986,3685,1301
48157670500,4940,3777,1163
48157670602,1949,1435,514
48157670603,4865,3762,1103
48157670604,4223,3250,973
48157670700,8401,6590,1811
48157670801,3589,2400,1189
48157670802,4856,3520,1336
48157670803,3960,2859,1101
48157670804,3992,2858,1134
48157670902,9000,6186,2814
48157670903,8097,6378,1719
48157670904,5451,4451,1000
48157671001,5736,4699,1037
48157671002,6682,5204,1478
48157671101,2565,1946,619
48157671102,6253,4617,1636
48157671200,6299,4721,1578
48157671300,3706,2721,985
48157671401,2210,1573,637
48157671402,6813,5126,1687
48157671501,7923,6244,1679
48157671502,1836,1487,349
48157671601,6262,5069,1193
48157671602,3386,2676,710
48157671700,4858,4141,717
48157671800,3565,2766,799
48157671900,4094,3193,901
48157672002,6589,5282,1307
48157672003,1812,1445,367
48157672004,6272,4887,1385
48157672100,4436,3866,570
48157672201,1944,1583,361
48157672202,2746,2234,512
48157672303,3524,2676,848
48157672304,4260,3220,1040
48157672305,5175,3940,1235
48157672306,3635,2866,769
48157672401,2424,1989,435
48157672402,6401,4822,1579
48157672500,7370,5737,1633
48157672602,6468,4942,1526
48157672603,2596,1946,650
48157672604,7478,5566,1912
48157672701,5708,4245,1463
48157672702,6850,5199,1651
48157672703,8241,6097,2144
48157672801,4752,3608,1144
48157672802,2361,1765,596
48157672901,17341,11901,5440
48157672902,8709,6079,2630
48157672903,16195,10967,5228
48157672904,8766,5971,2795
48157672905,7897,5718,2179
48157672906,6416,4502,1914
48157672907,8609,6148,2461
48157673004,2631,2034,597
48157673005,4855,3507,1348
48157673006,5749,4160,1589
48157673007,2948,2052,896
48157673008,3951,2831,1120
48157673009,6233,4249,1984
48157673010,4059,2871,1188
48157673103,3769,2798,971
48157673104,7624,5254,2370
48157673105,4493,2971,1522
48157673106,5868,4437,1431
48157673107,7505,5328,2177
48157673108,18333,11645,6688
48157673109,10762,6784,3978
48157673110,6767,4208,2559
48157673111,11557,7064,4493
48157673112,9225,6116,3109
48157673113,7846,5259,2587
48157673201,11027,7235,3792
48157673202,24651,16143,8508
48157673300,8025,6112,1913
48157673401,8979,6536,2443
48157673402,8037,5571,2466
48157673403,8359,5762,2597
48157673404,10708,7664,3044
48157673501,8831,6269,2562
48157673502,4374,3421,953
48157673600,6873,5347,1526
48157673700,2203,2190,13
48157673801,3023,2276,747
48157673802,5534,4056,1478
48157673902,11431,7985,3446
48157673903,3094,2344,750
48157673904,5106,3949,1157
48157674001,2884,2189,695
48157674002,4717,3720,997
48157674100,6732,5189,1543
48157674200,5202,4092,1110
48157674301,3362,2417,945
48157674302,7174,5515,1659
48157674401,7316,5515,1801
48157674402,5750,3878,1872
48157674403,4528,3167,1361
48157674404,7343,4968,2375
48157674503,4971,3347,1624
48157674504,8887,5812,3075
48157674505,7144,4709,2435
48157674506,6878,4772,2106
48157674507,11654,8106,3548
48157674508,4049,3060,989
48157674601,3688,2846,842
48157674602,7878,5591,2287
48157674603,5817,4310,1507
48157674604,4975,3649,1326
48157674701,4316,3302,1014
48157674702,12732,10568,2164
48157674800,5397,3921,1476
48157674900,5229,3759,1470
48157675000,3200,2260,940
48157675101,7449,5481,1968
48157675102,4098,3089,1009
48157675200,5484,4097,1387
48157675300,6339,4600,1739
48157675401,7790,5530,2260
48157675402,1983,1402,581
48157675501,7013,4871,2142
48157675502,15080,10719,4361
48157675503,5692,3932,1760
48157675600,7262,5311,1951
48157675701,3994,2952,1042
48157675702,3438,2550,888
48157675800,3511,2738,773
48159950101,3207,2567,640
48159950102,2171,1687,484
48159950200,2443,1793,650
48159950300,2538,1976,562
48161000101,3147,2475,672
48161000102,2333,1738,595
48161000200,1301,995,306
48161000300,1069,813,256
48161000400,2263,1733,530
48161000600,4789,4033,756
48161000700,2995,2227,768
48161000900,1538,1278,260
48163950101,3131,2354,777
48163950102,3199,2357,842
48163950201,2629,2347,282
48163950202,3694,2600,1094
48163950301,3789,2802,987
48163950302,1943,1365,578
48165950100,3358,2388,970
48165950201,6121,3613,2508
48165950202,6586,4205,2381
48165950300,5533,3929,1604
48167720100,6183,4681,1502
48167720200,4821,3594,1227
48167720301,2455,1932,523
48167720302,7211,5405,1806
48167720400,9833,6886,2947
48167720501,4239,3153,1086
48167720504,2311,1524,787
48167720505,4731,3212,1519
48167720506,5316,3854,1462
48167720507,5142,3408,1734
48167720508,2721,2057,664
48167720509,2692,2038,654
48167720510,3121,2390,731
48167720511,3456,2366,1090
48167720512,3243,2227,1016
48167720601,3651,2675,976
48167720602,3628,2604,1024
48167720603,4952,3557,1395
48167720604,3592,2578,1014
48167720605,1408,1113,295
48167720701,2775,2085,690
48167720702,4730,3540,1190
48167720703,4340,3405,935
48167720800,4064,3073,991
48167720900,4973,3606,1367
48167721000,2124,1678,446
48167721101,2317,1648,669
48167721102,6119,4246,1873
48167721103,2878,2129,749
48167721203,2695,2418,277
48167721204,3317,2452,865
48167721205,4573,3424,1149
48167721206,4776,3372,1404
48167721207,4493,3299,1194
48167721208,1129,828,301
48167721209,2392,1796,596
48167721210,5390,3563,1827
48167721211,3145,2207,938
48167721301,3957,2959,998
48167721302,1409,1159,250
48167721401,2450,2025,425
48167721402,742,562,180
48167721403,5226,4033,1193
48167721501,3432,2906,526
48167721502,2904,2467,437
48167721503,1608,1388,220
48167721600,1725,1356,369
48167721701,3090,2303,787
48167721702,2100,1466,634
48167721703,3858,2908,950
48167721800,5607,4415,1192
48167721901,5706,4192,1514
48167721902,5840,4481,1359
48167722001,5966,4672,1294
48167722002,3487,2701,786
48167722100,6671,5025,1646
48167722200,3016,2245,771
48167722300,6942,4947,1995
48167722600,2206,1724,482
48167722700,5221,3885,1336
48167722800,2593,1970,623
48167722900,2928,2252,676
48167723000,3540,2784,756
48167723100,3531,2847,684
48167723200,5282,3967,1315
48167723300,9672,7169,2503
48167723401,1594,1256,338
48167723402,2064,1617,447
48167723403,3539,2708,831
48167723501,2283,1803,480
48167723503,2389,1834,555
48167723504,2551,2008,543
48167723505,2789,2160,629
48167723600,4723,3692,1031
48167723700,2420,1729,691
48167723800,4467,4009,458
48167723900,2770,2446,324
48167724000,3006,2891,115
48167724101,1345,1224,121
48167724200,3139,2669,470
48167724300,3305,2806,499
48167724400,3301,2821,480
48167724500,1270,1102,168
48167724600,2096,1412,684
48167724700,2096,1617,479
48167724800,1474,1247,227
48167724900,1603,1329,274
48167725000,2025,1675,350
48167725100,1830,1465,365
48167725200,2108,1552,556
48167725300,2357,1845,512
48167725400,4028,3177,851
48167725500,1192,986,206
48167725600,4191,3530,661
48167725700,2577,2088,489
48167725800,4914,3655,1259
48167725900,2447,2176,271
48167726000,1534,1322,212
48167726101,1854,1705,149
48167726102,1082,984,98
48167726200,2674,2011,663
48169950101,1147,823,324
48169950102,2901,2232,669
48169980000,1768,1734,34
48171950100,4282,3576,706
48171950200,4578,3863,715
48171950301,2288,1861,427
48171950302,4605,3788,817
48171950401,3019,2486,533
48171950402,3877,3001,876
48171950500,4076,3346,730
48173950100,1116,844,272
48175960100,4054,3162,892
48175960200,2958,2338,620
48177000100,3012,2300,712
48177000200,5152,3941,1211
48177000300,3399,2473,926
48177000400,2037,1479,558
48177000500,3745,2721,1024
48177000600,2308,1775,533
48179950100,4299,3677,622
48179950300,4357,3279,1078
48179950400,4864,3642,1222
48179950500,2400,1676,724
48179950600,2015,1437,578
48179950700,1686,1248,438
48179950800,1606,1143,463
48181000101,5207,3932,1275
48181000102,3323,2568,755
48181000200,2235,1707,528
48181000302,5211,4058,1153
48181000304,3673,3076,597
48181000305,1762,1520,242
48181000306,2945,2501,444
48181000400,2806,2206,600
48181000501,3497,2682,815
48181000502,1430,1086,344
48181000600,3675,2919,756
48181000700,4174,3148,1026
48181000800,6038,4700,1338
48181000901,4759,3763,996
48181000903,3414,2620,794
48181000904,4583,3777,806
48181001101,5102,4017,1085
48181001103,4689,3487,1202
48181001104,2789,2217,572
48181001200,6292,4757,1535
48181001300,4206,3274,932
48181001400,5532,4125,1407
48181001500,6809,4882,1927
48181001700,5864,4455,1409
48181001801,7108,5323,1785
48181001802,4991,3884,1107
48181001803,7408,5432,1976
48181001901,7316,5327,1989
48181001902,5287,3963,1324
48181002000,3418,2517,901
48183000201,3502,2810,692
48183000202,3602,3072,530
48183000300,5698,4572,1126
48183000401,3807,2995,812
48183000402,3343,2805,538
48183000501,5206,4240,966
48183000502,4725,3672,1053
48183000601,4633,3737,896
48183000602,3820,2796,1024
48183000700,5427,3993,1434
48183000800,6720,4662,2058
48183000900,3123,2320,803
48183001000,2546,1820,726
48183001100,3563,2782,781
48183001200,2604,1806,798
48183001300,4142,2934,1208
48183001400,3672,2617,1055
48183001500,4813,3795,1018
48183010100,6396,4851,1545
48183010201,4069,3072,997
48183010202,3619,2691,928
48183010301,5350,3777,1573
48183010302,5388,3886,1502
48183010401,3531,2566,965
48183010402,5325,3918,1407
48183010501,2492,2024,468
48183010502,2675,2086,589
48183010600,5827,4447,1380
48183010700,4569,3223,1346
48185180101,5246,3894,1352
48185180102,5235,4033,1202
48185180201,3983,2990,993
48185180202,2974,2354,620
48185180302,3339,2589,750
48185180303,3120,2480,640
48185180304,2703,2079,624
48185180400,2668,2626,42
48187210100,4351,3204,1147
48187210200,4236,3041,1195
48187210300,5629,4326,1303
48187210400,4482,3668,814
48187210505,4823,3531,1292
48187210506,3131,2471,660
48187210508,3081,2349,732
48187210509,5696,3979,1717
48187210510,3603,2727,876
48187210511,2742,2100,642
48187210512,3646,2610,1036
48187210513,1583,1248,335
48187210603,2257,1743,514
48187210606,3303,2680,623
48187210608,7322,5253,2069
48187210609,3148,2305,843
48187210610,4902,3470,1432
48187210611,5241,3714,1527
48187210612,7832,5511,2321
48187210613,5245,3635,1610
48187210614,2810,1980,830
48187210705,3063,2454,609
48187210706,5145,3921,1224
48187210707,6675,4917,1758
48187210709,4360,3285,1075
48187210710,3901,3024,877
48187210711,3288,2431,857
48187210712,4722,3571,1151
48187210713,9253,6224,3029
48187210715,2885,2183,702
48187210716,3344,2497,847
48187210717,2656,2009,647
48187210718,7499,5084,2415
48187210803,4842,3746,1096
48187210804,4481,3479,1002
48187210805,2631,2169,462
48187210806,2548,2035,513
48187210902,5809,4578,1231
48187210903,1672,1327,345
48187210904,1760,1332,428
48187210905,3109,2411,698
48189950100,4364,3106,1258
48189950200,3813,2636,1177
48189950300,6755,5066,1689
48189950400,4190,3008,1182
48189950500,2810,2051,759
48189950600,3956,3382,574
48189950700,2729,2045,684
48189950800,1230,925,305
48189950900,2675,1924,751
48191950500,2825,2199,626
48193950100,2611,2047,564
48193950200,2365,1923,442
48193950300,3246,2521,725
48195950100,1644,1194,450
48195950300,3641,2582,1059
48197950100,3549,2740,809
48199030100,3098,2397,701
48199030200,5734,4284,1450
48199030301,4067,3210,857
48199030302,7810,5723,2087
48199030400,2241,1720,521
48199030501,4268,3268,1000
48199030503,3728,2749,979
48199030504,5082,3859,1223
48199030600,3527,2673,854
48199030700,4087,3137,950
48199030800,4688,3567,1121
48199030900,3986,3014,972
48199031000,3915,3031,884
48201100001,6543,6171,372
48201210400,4167,3110,1057
48201210500,5370,4039,1331
48201210600,5165,4199,966
48201210700,2293,1752,541
48201210800,2623,1999,624
48201210900,1616,1217,399
48201211000,1973,1514,459
48201211101,3047,2266,781
48201211102,2477,1781,696
48201211200,2988,2298,690
48201211301,2680,1854,826
48201211302,2594,1990,604
48201211400,4257,3151,1106
48201211501,3164,2320,844
48201211502,2799,2113,686
48201211600,2845,2210,635
48201211700,3732,2759,973
48201211900,4717,3478,1239
48201212300,5027,4005,1022
48201212400,2947,2223,724
48201212500,3792,2952,840
48201220100,2052,1494,558
48201220200,2625,2076,549
48201220300,3972,3012,960
48201220400,4667,3346,1321
48201220500,4470,3486,984
48201220600,3733,2495,1238
48201220701,3241,2200,1041
48201220702,3165,2262,903
48201220800,3198,2114,1084
48201220900,1907,1427,480
48201221000,4288,3018,1270
48201221100,3718,2685,1033
48201221200,6124,4371,1753
48201221301,4486,3248,1238
48201221302,3684,2675,1009
48201221400,5902,4266,1636
48201221501,4941,3479,1462
48201221502,2859,1866,993
48201221601,3313,2305,1008
48201221602,5886,4244,1642
48201221701,4086,2883,1203
48201221702,3574,2338,1236
48201221800,4371,2931,1440
48201221900,4684,3214,1470
48201222000,2290,1678,612
48201222100,5487,3881,1606
48201222200,3812,2699,1113
48201222300,4846,3260,1586
48201222401,3777,2577,1200
48201222402,5758,4030,1728
48201222501,3620,2381,1239
48201222502,4395,3072,1323
48201222504,3345,2145,1200
48201222505,2986,2134,852
48201222601,2322,1595,727
48201222602,2694,1998,696
48201222701,2360,1509,851
48201222702,3532,2330,1202
48201222800,3320,2311,1009
48201222900,8030,5726,2304
48201223001,3885,2690,1195
48201223002,4004,2698,1306
48201223100,2233,1580,653
48201230100,1824,1191,633
48201230200,5380,3930,1450
48201230300,2298,1701,597
48201230400,3824,2758,1066
48201230500,4099,2953,1146
48201230600,2690,2024,666
48201230700,2963,2126,837
48201230800,2662,2037,625
48201230900,4947,3467,1480
48201231000,4727,3492,1235
48201231100,4920,3379,1541
48201231200,6800,4640,2160
48201231300,4796,3492,1304
48201231400,3347,2555,792
48201231500,2863,2154,709
48201231600,2915,2218,697
48201231700,4509,2944,1565
48201231800,3066,2156,910
48201231900,6633,4932,1701
48201232000,4371,3073,1298
48201232100,3803,2585,1218
48201232201,5754,3971,1783
48201232202,5698,3745,1953
48201232203,5924,4292,1632
48201232303,6451,4098,2353
48201232304,7774,4945,2829
48201232305,10957,7101,3856
48201232306,3644,2592,1052
48201232402,3820,2731,1089
48201232403,4575,3289,1286
48201232404,3652,2540,1112
48201232405,5832,4359,1473
48201232500,3157,2415,742
48201232600,2892,2195,697
48201232701,7066,4805,2261
48201232703,2740,1852,888
48201232704,2009,1536,473
48201232801,2621,2000,621
48201232802,2715,1989,726
48201232901,3992,3020,972
48201232902,4380,3110,1270
48201233001,4163,2919,1244
48201233002,4040,3078,962
48201233003,2470,1818,652
48201233101,4640,3159,1481
48201233103,5475,3652,1823
48201233104,3110,2077,1033
48201233105,3734,2445,1289
48201233200,6461,4548,1913
48201233300,4468,3175,1293
48201233400,2566,1921,645
48201233501,3702,2726,976
48201233502,3346,2455,891
48201233600,2424,1784,640
48201233701,5171,3689,1482
48201233702,2932,1999,933
48201233703,2655,1878,777
48201240101,1991,1288,703
48201240102,1835,1340,495
48201240400,7984,5866,2118
48201240503,1922,1290,632
48201240504,3321,2349,972
48201240505,1483,1004,479
48201240506,5074,3408,1666
48201240600,2458,1599,859
48201240703,5144,3697,1447
48201240704,5092,3587,1505
48201240705,6099,4011,2088
48201240706,9971,6590,3381
48201240707,6501,4337,2164
48201240802,7540,5057,2483
48201240803,2806,2083,723
48201240804,3287,2342,945
48201240903,6490,4481,2009
48201240904,9274,6897,2377
48201240905,3875,2782,1093
48201240906,8223,5708,2515
48201241001,4729,3365,1364
48201241002,4105,3067,1038
48201241101,5037,3701,1336
48201241103,4376,3156,1220
48201241104,9294,6528,2766
48201241105,4813,3374,1439
48201241201,3369,2438,931
48201241202,5445,3941,1504
48201241301,5476,4119,1357
48201241302,6895,5273,1622
48201241400,9821,7449,2372
48201241501,4732,3583,1149
48201241502,2349,1510,839
48201241503,2720,2082,638
48201250101,4361,3296,1065
48201250102,5569,3703,1866
48201250201,8046,5438,2608
48201250202,2205,1550,655
48201250303,3360,2450,910
48201250304,9244,6964,2280
48201250305,6059,4478,1581
48201250306,4666,3174,1492
48201250403,5125,3938,1187
48201250404,5540,4120,1420
48201250405,7326,5297,2029
48201250406,4779,3386,1393
48201250407,10435,6720,3715
48201250408,9128,6212,2916
48201250500,5771,4196,1575
48201250601,3898,3003,895
48201250602,4792,3386,1406
48201250701,6613,4746,1867
48201250702,4879,3646,1233
48201250801,3981,3172,809
48201250802,4453,3314,1139
48201250901,3548,2872,676
48201250902,6027,4434,1593
48201251000,3093,2482,611
48201251100,7365,5658,1707
48201251200,5987,4501,1486
48201251300,7298,5435,1863
48201251401,3011,2116,895
48201251402,5914,4352,1562
48201251501,6469,4450,2019
48201251503,2255,1634,621
48201251504,5289,3915,1374
48201251505,3870,2927,943
48201251600,7271,5468,1803
48201251701,4892,3560,1332
48201251702,4300,3128,1172
48201251800,2096,1601,495
48201251902,7828,5568,2260
48201251903,4505,3459,1046
48201251904,6790,4856,1934
48201252001,7086,5135,1951
48201252002,5426,3835,1591
48201252003,11081,7640,3441
48201252100,3246,2174,1072
48201252201,4838,3393,1445
48201252202,7192,4873,2319
48201252303,5132,3536,1596
48201252304,3563,2506,1057
48201252305,7800,5506,2294
48201252306,8943,5832,3111
48201252400,7763,5588,2175
48201252500,5051,3384,1667
48201252601,4895,3292,1603
48201252602,3721,2585,1136
48201252700,5007,3603,1404
48201252800,8024,5769,2255
48201252901,3263,2514,749
48201252902,7173,5147,2026
48201253000,4637,3382,1255
48201253101,6624,4721,1903
48201253102,7051,4671,2380
48201253201,6342,4795,1547
48201253202,5341,3784,1557
48201253300,3836,2917,919
48201253501,6552,4961,1591
48201253502,3799,2524,1275
48201253601,4187,3355,832
48201253602,4735,3268,1467
48201253700,5580,4186,1394
48201253800,8862,6169,2693
48201253900,4634,3379,1255
48201254000,3935,2889,1046
48201254100,5466,3916,1550
48201254200,2922,2097,825
48201254300,5340,3895,1445
48201254400,3116,2229,887
48201254600,3691,2713,978
48201254700,2428,1860,568
48201254800,2705,2091,614
48201310101,3655,3281,374
48201310102,2455,1902,553
48201310200,2361,2113,248
48201310300,5026,4242,784
48201310400,3316,2690,626
48201310500,3755,2995,760
48201310600,4961,3982,979
48201310700,3699,2839,860
48201310800,2663,2009,654
48201310900,5334,4046,1288
48201311001,3040,2305,735
48201311002,3299,2453,846
48201311100,5238,3957,1281
48201311200,4588,3505,1083
48201311300,4912,3658,1254
48201311400,1546,1186,360
48201311501,2966,2216,750
48201311502,3723,2724,999
48201311600,3628,2510,1118
48201311701,3506,2521,985
48201311702,1890,1293,597
48201311800,4325,3240,1085
48201311900,2145,1646,499
48201312000,5759,5568,191
48201312200,2351,1910,441
48201312300,2410,1962,448
48201312400,1981,1555,426
48201312501,2484,2231,253
48201312502,2384,2197,187
48201312601,2797,2567,230
48201312602,2453,2208,245
48201312603,3082,2757,325
48201312700,1859,1565,294
48201312800,5476,4764,712
48201312901,1505,1217,288
48201312902,1801,1540,261
48201313000,2462,2098,364
48201313101,2297,2115,182
48201313102,2011,1788,223
48201313201,1610,1392,218
48201313202,2790,2305,485
48201313300,3156,2644,512
48201313400,3603,2840,763
48201313500,2649,1977,672
48201313600,4871,3556,1315
48201313700,2256,1780,476
48201313801,2035,1377,658
48201313802,2797,1927,870
48201313901,2211,2023,188
48201313902,2592,2306,286
48201314001,3104,2924,180
48201314003,2591,2319,272
48201314004,1668,1511,157
48201314005,2468,2227,241
48201314301,2363,1892,471
48201314302,2440,1992,448
48201314401,1545,1373,172
48201314402,1717,1477,240
48201320100,2408,1826,582
48201320201,2461,1683,778
48201320202,3648,2685,963
48201320500,4300,3191,1109
48201320601,2474,1772,702
48201320602,4460,3299,1161
48201320700,4550,3295,1255
48201320800,5023,3601,1422
48201320901,3758,2619,1139
48201320902,3722,2688,1034
48201321001,2776,1943,833
48201321002,5450,4028,1422
48201321101,4008,3049,959
48201321102,4098,3022,1076
48201321200,4512,2857,1655
48201321301,3364,2265,1099
48201321302,1892,1330,562
48201321401,4336,3132,1204
48201321402,4077,2898,1179
48201321500,2717,1832,885
48201321600,6792,4833,1959
48201321700,3108,2314,794
48201321800,3927,2911,1016
48201321900,5657,4031,1626
48201322000,3771,2477,1294
48201322100,4142,2971,1171
48201322200,1831,1241,590
48201322600,5237,3879,1358
48201322701,2807,2054,753
48201322702,4336,3037,1299
48201322800,6246,4461,1785
48201322900,4072,2870,1202
48201323000,5821,3987,1834
48201323100,3492,2329,1163
48201323200,5595,4052,1543
48201323300,3397,2393,1004
48201323400,7275,5066,2209
48201323500,5349,3616,1733
48201323601,4068,3120,948
48201323602,4963,3740,1223
48201323701,4420,3555,865
48201323702,3252,2440,812
48201323801,4068,2942,1126
48201323802,5005,3544,1461
48201323900,3710,2739,971
48201324000,5817,4476,1341
48201324101,5279,3788,1491
48201324200,1279,933,346
48201330101,5091,3750,1341
48201330102,2703,1941,762
48201330200,4290,3075,1215
48201330301,7941,5770,2171
48201330302,5713,4254,1459
48201330303,4515,3389,1126
48201330400,4863,3486,1377
48201330500,4745,3498,1247
48201330600,7139,5160,1979
48201330700,8797,5974,2823
48201330801,6136,4146,1990
48201330802,9471,6790,2681
48201330901,9527,6981,2546
48201330902,3823,2446,1377
48201331100,4610,3412,1198
48201331200,4441,3114,1327
48201331300,5032,3855,1177
48201331400,2538,1666,872
48201331501,3908,3034,874
48201331502,5359,3940,1419
48201331602,3604,2397,1207
48201331603,4199,3284,915
48201331604,2542,1946,596
48201331700,4055,2842,1213
48201331800,3868,2765,1103
48201331900,3354,2559,795
48201332000,6034,4160,1874
48201332100,2954,2107,847
48201332200,4921,3640,1281
48201332300,2999,2290,709
48201332400,4060,3181,879
48201332500,3190,2458,732
48201332600,6577,4915,1662
48201332700,2473,1850,623
48201332800,3962,2901,1061
48201332900,4885,3540,1345
48201333000,3290,2438,852
48201333100,3793,2883,910
48201333201,4818,3480,1338
48201333203,2163,1650,513
48201333204,1280,948,332
48201333205,1515,1115,400
48201333301,5693,3710,1983
48201333302,3661,2610,1051
48201333501,3443,2429,1014
48201333502,2621,1829,792
48201333600,3215,2427,788
48201333700,3442,2515,927
48201333801,4188,2892,1296
48201333802,5797,4339,1458
48201333903,3689,2564,1125
48201333904,5058,3787,1271
48201333905,4159,2918,1241
48201333906,5147,3718,1429
48201334001,3707,2587,1120
48201334002,2240,1756,484
48201334003,6349,4869,1480
48201334101,7291,6013,1278
48201334102,7351,5559,1792
48201340101,1879,1393,486
48201340102,5395,3781,1614
48201340202,7911,6086,1825
48201340203,4434,3615,819
48201340301,3906,3203,703
48201340302,6761,5246,1515
48201340400,1306,1080,226
48201340501,3904,3155,749
48201340502,2878,2020,858
48201340600,2563,2008,555
48201340701,4055,3153,902
48201340702,2961,2295,666
48201340800,5580,4300,1280
48201340900,4537,3488,1049
48201341001,3957,3221,736
48201341002,3695,3002,693
48201341101,1480,1092,388
48201341102,2641,2201,440
48201341201,5326,4037,1289
48201341203,2355,1888,467
48201341204,3843,3206,637
48201341302,3467,2692,775
48201341303,3304,2836,468
48201341304,2036,1756,280
48201341400,5664,4543,1121
48201341501,6736,5181,1555
48201341502,4393,3567,826
48201341600,6711,5248,1463
48201341700,2723,2168,555
48201341800,2489,1890,599
48201342001,6812,5349,1463
48201342002,4436,3513,923
48201342100,4292,3238,1054
48201342200,3918,2974,944
48201342300,7213,5008,2205
48201342400,4007,2844,1163
48201342500,6240,4886,1354
48201342700,5145,3830,1315
48201342801,4867,3575,1292
48201342802,3988,2997,991
48201342900,7084,5406,1678
48201343000,7460,5585,1875
48201343100,4556,3433,1123
48201343200,5089,3845,1244
48201343301,4400,3326,1074
48201343302,4876,3788,1088
48201343602,3341,2605,736
48201343700,3860,3018,842
48201350101,5269,3783,1486
48201350102,4830,3953,877
48201350103,7487,5503,1984
48201350104,4850,3638,1212
48201350201,3740,2637,1103
48201350202,4684,3631,1053
48201350300,6002,4676,1326
48201350400,6235,4505,1730
48201350500,7117,5233,1884
48201350601,4372,3460,912
48201350603,4631,3430,1201
48201350604,3941,2975,966
48201350700,2326,1766,560
48201350801,5098,3779,1319
48201350803,3181,2500,681
48201350804,5648,4328,1320
48201410101,2159,1806,353
48201410102,4007,3518,489
48201410201,2176,2060,116
48201410202,3361,3062,299
48201410300,3722,3482,240
48201410401,3985,3490,495
48201410402,2623,2301,322
48201410501,1746,1535,211
48201410502,3070,2786,284
48201410601,3444,3331,113
48201410602,2508,2325,183
48201410703,2179,2022,157
48201410704,1895,1780,115
48201410705,916,855,61
48201410706,1738,1648,90
48201410801,2578,2270,308
48201410802,1631,1404,227
48201410900,3535,3103,432
48201411001,1986,1860,126
48201411002,2186,1978,208
48201411003,1614,1436,178
48201411100,3420,2699,721
48201411200,1759,1396,363
48201411301,2119,1983,136
48201411302,3217,2984,233
48201411400,2774,2118,656
48201411503,3478,3075,403
48201411504,2329,2157,172
48201411505,2826,2453,373
48201411506,2273,2138,135
48201411507,2093,1887,206
48201411600,2933,2473,460
48201411700,3793,3387,406
48201411801,3257,2599,658
48201411802,2758,2402,356
48201411901,2079,1696,383
48201411902,2135,1982,153
48201412000,3744,3132,612
48201412201,2882,2294,588
48201412202,3093,2380,713
48201412300,6837,4951,1886
48201412400,4503,3139,1364
48201412500,1835,1411,424
48201412600,3885,2661,1224
48201412700,3370,2567,803
48201412800,4905,3362,1543
48201412901,1577,1332,245
48201412902,3126,2659,467
48201413000,3507,2560,947
48201413100,3088,2138,950
48201413203,1547,1354,193
48201413204,1077,921,156
48201413205,1458,1293,165
48201413206,2813,2427,386
48201413301,4489,3807,682
48201413302,3209,2499,710
48201420100,2773,2199,574
48201420200,2430,1917,513
48201420300,3557,2863,694
48201420400,3487,2795,692
48201420500,3845,2683,1162
48201420600,2279,1680,599
48201420700,3039,2133,906
48201420800,2274,1690,584
48201420900,6386,4633,1753
48201421000,2567,1939,628
48201421101,3257,2614,643
48201421103,1473,1114,359
48201421104,4376,2833,1543
48201421203,1805,1381,424
48201421204,2428,1698,730
48201421205,2315,1533,782
48201421206,2054,1348,706
48201421301,3576,2580,996
48201421302,4423,2856,1567
48201421401,3517,2337,1180
48201421402,3284,2239,1045
48201421403,4597,3116,1481
48201421501,3528,2539,989
48201421502,2838,2131,707
48201421601,3112,1977,1135
48201421602,3409,2322,1087
48201421700,4594,3504,1090
48201421801,3072,2267,805
48201421802,2467,1951,516
48201421900,2899,2119,780
48201422000,2597,2012,585
48201422100,5115,4005,1110
48201422200,6024,4122,1902
48201422302,2289,1789,500
48201422303,3550,2531,1019
48201422304,3810,2576,1234
48201422403,2783,2031,752
48201422404,2966,1932,1034
48201422405,1589,1305,284
48201422406,2473,1740,733
48201422501,3381,2360,1021
48201422502,3458,2350,1108
48201422601,4607,3258,1349
48201422602,2338,1877,461
48201422701,5107,3733,1374
48201422702,3257,2574,683
48201422800,5138,3847,1291
48201422900,4874,3496,1378
48201423001,3019,1892,1127
48201423002,3072,2255,817
48201423100,2775,1861,914
48201423201,3252,2503,749
48201423203,2567,1973,594
48201423204,4062,2771,1291
48201423301,4393,3408,985
48201423303,1809,1456,353
48201423304,3605,2754,851
48201423401,5329,3933,1396
48201423402,3944,3140,804
48201423500,1995,1628,367
48201423600,6943,5265,1678
48201430101,2990,2604,386
48201430102,2847,2362,485
48201430200,1518,1206,312
48201430300,4385,3203,1182
48201430400,3118,2430,688
48201430500,2380,1744,636
48201430600,3832,2793,1039
48201430700,4191,3264,927
48201430800,6091,4611,1480
48201430900,6406,4952,1454
48201431001,2616,2125,491
48201431002,2929,2383,546
48201431101,4023,3609,414
48201431102,3912,3259,653
48201431203,2117,1682,435
48201431204,3185,2559,626
48201431205,3207,2539,668
48201431206,1985,1745,240
48201431302,4662,3569,1093
48201431303,2019,1686,333
48201431304,3195,2746,449
48201431401,2270,1985,285
48201431403,1504,1279,225
48201431404,2166,1924,242
48201431503,1591,1396,195
48201431504,2396,1891,505
48201431505,1603,1450,153
48201431506,2822,2575,247
48201431600,3493,2971,522
48201431701,2473,2295,178
48201431702,2847,2424,423
48201431801,3531,2988,543
48201431803,2597,2336,261
48201431804,2690,2460,230
48201431901,2390,2198,192
48201431902,2963,2730,233
48201432003,2066,1724,342
48201432004,2273,1771,502
48201432005,2740,2182,558
48201432006,2025,1626,399
48201432101,2907,2337,570
48201432102,3704,2907,797
48201432200,4232,3483,749
48201432301,2858,2301,557
48201432302,2241,1682,559
48201432303,2221,1797,424
48201432401,3632,2927,705
48201432402,2482,1955,527
48201432501,3801,2770,1031
48201432502,1765,1335,430
48201432600,1867,1408,459
48201432703,2057,1717,340
48201432704,1724,1263,461
48201432705,4271,3029,1242
48201432706,1962,1429,533
48201432803,3174,2222,952
48201432804,1955,1552,403
48201432805,2017,1377,640
48201432806,4345,3297,1048
48201432901,3161,2266,895
48201432903,2196,1566,630
48201432904,3797,2850,947
48201433003,5580,4063,1517
48201433004,3390,2522,868
48201433005,2409,1641,768
48201433006,2401,1823,578
48201433007,1507,1103,404
48201433100,3398,2228,1170
48201433201,4801,3771,1030
48201433202,4367,3217,1150
48201433300,5351,4231,1120
48201433400,4276,3247,1029
48201433503,1783,1142,641
48201433504,3739,2417,1322
48201433505,2898,1887,1011
48201433506,2145,1446,699
48201433507,3145,2287,858
48201433601,2837,2007,830
48201433602,3707,2567,1140
48201440101,2269,1618,651
48201440102,4556,3662,894
48201450100,1908,1354,554
48201450200,5749,3846,1903
48201450301,2944,2039,905
48201450302,5318,3924,1394
48201450401,2180,1752,428
48201450402,2299,1845,454
48201450500,3386,2719,667
48201450600,5294,3991,1303
48201450700,6765,4676,2089
48201450801,2069,1651,418
48201450803,4657,3268,1389
48201450804,3023,2185,838
48201450900,2885,2340,545
48201451003,3115,2222,893
48201451004,2305,1814,491
48201451005,1897,1473,424
48201451006,2478,2013,465
48201451100,4383,3580,803
48201451200,2686,2196,490
48201451301,4296,3356,940
48201451302,2877,2323,554
48201451401,3707,3003,704
48201451404,4269,3408,861
48201451405,2369,1861,508
48201451406,2986,2436,550
48201451407,1672,1336,336
48201451501,3046,2500,546
48201451502,2683,2287,396
48201451603,3672,2781,891
48201451604,4292,3466,826
48201451605,4317,3376,941
48201451606,5883,4414,1469
48201451700,4263,3179,1084
48201451800,5319,4147,1172
48201451902,2517,2087,430
48201451903,4153,3042,1111
48201451904,3966,3106,860
48201452001,4678,3537,1141
48201452002,3875,3069,806
48201452101,6357,5346,1011
48201452102,1896,1532,364
48201452103,2165,1602,563
48201452202,3451,2755,696
48201452203,3100,2424,676
48201452204,2617,2114,503
48201452300,2226,1785,441
48201452401,3976,3081,895
48201452402,4048,3000,1048
48201452501,2485,1716,769
48201452502,4912,3627,1285
48201452601,4427,2857,1570
48201452602,3367,2768,599
48201452701,4557,3509,1048
48201452702,3911,3102,809
48201452703,3897,2899,998
48201452801,5751,4377,1374
48201452802,5928,4256,1672
48201452900,4274,3125,1149
48201453001,2455,1778,677
48201453002,5141,3898,1243
48201453100,4304,3096,1208
48201453201,3546,2459,1087
48201453202,4228,3010,1218
48201453300,3485,2274,1211
48201453401,3042,2321,721
48201453403,4107,2912,1195
48201453404,4379,3290,1089
48201453405,3962,2810,1152
48201453501,6357,4742,1615
48201453502,3926,2792,1134
48201453601,2161,1602,559
48201453603,3291,2482,809
48201453604,4147,3182,965
48201453701,4531,3390,1141
48201453702,4221,3076,1145
48201453800,3668,2726,942
48201453901,5961,4507,1454
48201453902,4140,3212,928
48201454000,5261,4023,1238
48201454100,3667,2626,1041
48201454200,3977,3027,950
48201454302,6792,5351,1441
48201454303,3471,2655,816
48201454304,4830,3385,1445
48201454305,4288,3173,1115
48201454400,1046,907,139
48201454502,2672,1878,794
48201454503,2575,1979,596
48201454504,5913,4344,1569
48201454505,2606,1895,711
48201454600,5937,4446,1491
48201454700,6910,5257,1653
48201454801,3539,2809,730
48201454802,4535,3454,1081
48201454901,3105,2262,843
48201454902,8752,6296,2456
48201455000,2756,2018,738
48201455102,3235,2433,802
48201455103,3857,2922,935
48201455104,3108,2382,726
48201455200,4431,3415,1016
48201455300,12979,9808,3171
48201510100,2849,2530,319
48201510201,2972,2739,233
48201510202,4494,4059,435
48201510301,2855,2391,464
48201510302,2868,2137,731
48201510400,4173,3282,891
48201510500,4675,3975,700
48201510601,3158,2920,238
48201510602,4380,3950,430
48201510701,2347,2176,171
48201510702,1956,1699,257
48201510801,4404,3868,536
48201510802,2207,1929,278
48201510803,2444,2259,185
48201510901,5293,4545,748
48201510902,3867,3345,522
48201511001,2962,2423,539
48201511003,2535,2158,377
48201511004,1764,1479,285
48201511100,4100,3494,606
48201511201,2856,2375,481
48201511202,3575,3088,487
48201511301,4208,3520,688
48201511302,4012,3348,664
48201511400,2986,2522,464
48201511501,3158,2664,494
48201511502,4852,3982,870
48201511600,3759,3092,667
48201520100,2600,2106,494
48201520200,3495,2619,876
48201520301,1976,1577,399
48201520302,2391,1828,563
48201520400,3402,2469,933
48201520501,3641,2613,1028
48201520502,4643,3177,1466
48201520601,2328,1641,687
48201520603,2463,1679,784
48201520604,3068,2344,724
48201520700,4429,3075,1354
48201521000,2289,1562,727
48201521100,2263,1551,712
48201521201,2371,1668,703
48201521202,4003,3164,839
48201521300,6033,4565,1468
48201521401,3497,2175,1322
48201521402,3612,2534,1078
48201521501,2619,1903,716
48201521502,2917,2354,563
48201521600,3531,2593,938
48201521701,3620,2598,1022
48201521702,3765,2693,1072
48201521800,5258,4229,1029
48201521900,6596,5222,1374
48201522001,2002,1759,243
48201522002,2322,1669,653
48201522101,3549,2649,900
48201522102,4186,2892,1294
48201522201,4016,2826,1190
48201522202,3855,2736,1119
48201522301,3792,2861,931
48201522302,3641,2815,826
48201522401,5813,4453,1360
48201522402,3781,2675,1106
48201522500,5045,3640,1405
48201530101,3938,2885,1053
48201530102,1690,1237,453
48201530200,3766,2987,779
48201530300,2680,2145,535
48201530400,2781,2064,717
48201530501,1941,1460,481
48201530502,2490,1885,605
48201530600,3351,2670,681
48201530701,1557,1139,418
48201530702,4422,3074,1348
48201530800,4133,3206,927
48201530900,4466,3442,1024
48201531000,4296,3241,1055
48201531100,3377,2338,1039
48201531200,3381,2647,734
48201531300,4817,3799,1018
48201531400,2017,1710,307
48201531500,3050,2519,531
48201531600,3007,2369,638
48201531700,3516,2445,1071
48201531800,2709,2002,707
48201531900,5152,3789,1363
48201532003,3054,2242,812
48201532004,5195,3740,1455
48201532101,3623,2731,892
48201532102,3104,1982,1122
48201532200,3827,2476,1351
48201532301,2988,2250,738
48201532302,3476,2631,845
48201532400,6963,5206,1757
48201532502,5299,3808,1491
48201532503,5206,3896,1310
48201532504,4716,3485,1231
48201532600,6483,4815,1668
48201532700,5087,3813,1274
48201532800,1893,1414,479
48201532900,5297,3955,1342
48201533000,2715,1854,861
48201533100,6919,4835,2084
48201533200,4148,3021,1127
48201533301,2763,1973,790
48201533302,3514,2615,899
48201533401,5268,3888,1380
48201533402,6233,4199,2034
48201533500,4358,3240,1118
48201533600,5480,3858,1622
48201533701,5885,3984,1901
48201533702,3351,2432,919
48201533802,7281,5095,2186
48201533803,6639,4565,2074
48201533804,4703,3386,1317
48201533902,5159,3536,1623
48201533903,4586,3355,1231
48201533904,4543,3348,1195
48201534001,3493,2515,978
48201534002,5653,4094,1559
48201534003,2710,1920,790
48201534101,2909,2139,770
48201534102,4960,3591,1369
48201534201,3035,2178,857
48201534203,2067,1471,596
48201534204,5302,4040,1262
48201534205,4591,3697,894
48201540101,6790,5213,1577
48201540102,5296,3919,1377
48201540200,2438,1953,485
48201540502,5417,4014,1403
48201540503,2594,1783,811
48201540504,3432,2486,946
48201540601,4626,3490,1136
48201540602,7197,5243,1954
48201540700,7315,5578,1737
48201540800,7669,5831,1838
48201540901,2810,2312,498
48201540903,2813,2186,627
48201540904,5060,4030,1030
48201541004,6236,4665,1571
48201541005,4888,3664,1224
48201541006,5899,4279,1620
48201541007,7529,5446,2083
48201541008,3871,2791,1080
48201541009,5467,3903,1564
48201541100,6719,5236,1483
48201541203,2607,2138,469
48201541204,5676,4224,1452
48201541205,3168,2376,792
48201541206,4603,3478,1125
48201541207,4470,3456,1014
48201541301,6610,4840,1770
48201541302,6877,5007,1870
48201541401,4347,3315,1032
48201541402,3401,2521,880
48201541403,2834,2025,809
48201541404,4168,3010,1158
48201541500,5616,4110,1506
48201541603,7741,5613,2128
48201541604,9554,7319,2235
48201541701,5802,4140,1662
48201541702,2458,1911,547
48201541703,3633,2869,764
48201541801,3656,2807,849
48201541802,4277,3329,948
48201541901,2705,2025,680
48201541902,4884,3684,1200
48201542001,4661,3479,1182
48201542002,3102,2300,802
48201542003,4315,3075,1240
48201542004,3164,2424,740
48201542103,10308,6917,3391
48201542104,7584,5321,2263
48201542105,10506,7129,3377
48201542106,8799,6309,2490
48201542107,3938,2835,1103
48201542108,3568,2472,1096
48201542201,7199,4998,2201
48201542202,9767,6582,3185
48201542203,10747,7520,3227
48201542302,7400,5383,2017
48201542303,3278,2499,779
48201542304,5695,4074,1621
48201542305,6245,4394,1851
48201542401,4682,3392,1290
48201542402,6535,4863,1672
48201542500,3904,3217,687
48201542600,6081,4546,1535
48201542700,3953,3134,819
48201542800,8010,5885,2125
48201542901,10080,7275,2805
48201542902,27220,18516,8704
48201543004,14783,9602,5181
48201543005,8628,6001,2627
48201543006,16766,11836,4930
48201543007,20530,14052,6478
48201543008,6225,4333,1892
48201543009,4224,2831,1393
48201543010,4992,3401,1591
48201543011,5175,3469,1706
48201543100,2979,2056,923
48201543201,5709,4473,1236
48201543202,3585,2929,656
48201550101,2926,1843,1083
48201550102,2592,1734,858
48201550201,1775,1194,581
48201550202,2161,1421,740
48201550303,4137,2837,1300
48201550304,2192,1483,709
48201550305,3512,2645,867
48201550306,4780,3240,1540
48201550307,2444,1769,675
48201550308,3511,2366,1145
48201550403,3869,2618,1251
48201550404,6266,4782,1484
48201550405,6564,4501,2063
48201550406,3689,2542,1147
48201550407,4945,3419,1526
48201550500,6104,4328,1776
48201550601,6673,4952,1721
48201550602,2986,2222,764
48201550603,5708,4077,1631
48201550700,3864,2867,997
48201550800,3523,2422,1101
48201550901,5215,3826,1389
48201550902,4211,3135,1076
48201551000,3275,2303,972
48201551101,4492,3378,1114
48201551102,6590,4798,1792
48201551201,4538,3340,1198
48201551202,3082,2318,764
48201551300,3957,3010,947
48201551400,5163,3961,1202
48201551501,4129,3072,1057
48201551502,4573,3270,1303
48201551601,3094,2309,785
48201551602,5225,3894,1331
48201551702,3724,2988,736
48201551703,7832,6060,1772
48201551704,3870,3104,766
48201551705,5562,4339,1223
48201551800,4285,3534,751
48201551901,2065,1646,419
48201551902,4033,3083,950
48201552002,1591,1269,322
48201552003,4379,3508,871
48201552004,4260,3364,896
48201552101,4285,3229,1056
48201552102,5999,4709,1290
48201552103,3260,2467,793
48201552200,8098,5932,2166
48201552301,4360,3320,1040
48201552303,3151,2352,799
48201552304,1960,1542,418
48201552401,4314,3228,1086
48201552402,2562,2037,525
48201552501,3904,2899,1005
48201552502,6907,5160,1747
48201552602,7960,6252,1708
48201552603,3633,2613,1020
48201552604,2361,1754,607
48201552701,3506,2829,677
48201552702,5071,3994,1077
48201552801,5049,4266,783
48201552802,4343,3413,930
48201552901,5041,3950,1091
48201552902,4038,3223,815
48201553001,6399,5027,1372
48201553002,4570,3618,952
48201553101,3479,2658,821
48201553102,3667,2727,940
48201553201,2873,2204,669
48201553202,4460,3260,1200
48201553300,5415,3950,1465
48201553401,4556,3485,1071
48201553403,8289,6249,2040
48201553404,3188,2478,710
48201553405,5610,4288,1322
48201553500,7453,5587,1866
48201553601,4673,3566,1107
48201553602,2884,2108,776
48201553700,4384,3334,1050
48201553801,2956,2189,767
48201553803,4621,3395,1226
48201553804,6314,4573,1741
48201553901,5709,4347,1362
48201554001,3555,2748,807
48201554002,4356,3449,907
48201554103,5886,4474,1412
48201554104,3576,2711,865
48201554201,5409,4204,1205
48201554202,3668,2886,782
48201554301,7275,5724,1551
48201554302,4768,3495,1273
48201554404,5037,3711,1326
48201554405,8176,5782,2394
48201554406,5838,3896,1942
48201554407,6712,5002,1710
48201554408,9004,6569,2435
48201554409,6559,4589,1970
48201554410,3600,2652,948
48201554501,7183,5043,2140
48201554502,6266,4695,1571
48201554600,4649,3650,999
48201554701,2918,2229,689
48201554702,4857,3630,1227
48201554803,6935,4959,1976
48201554804,4903,3421,1482
48201554805,8302,5528,2774
48201554806,2208,1513,695
48201554807,7270,5160,2110
48201554808,2940,2066,874
48201554809,10405,7074,3331
48201554902,10035,7306,2729
48201554904,3818,2658,1160
48201554905,6847,4979,1868
48201554906,4026,2911,1115
48201554907,4533,3145,1388
48201554908,7508,5159,2349
48201555001,2442,1797,645
48201555002,5234,3882,1352
48201555101,5029,3676,1353
48201555102,5860,4539,1321
48201555200,10466,7630,2836
48201555301,4749,3497,1252
48201555303,13821,9448,4373
48201555304,8682,6249,2433
48201555305,12491,8282,4209
48201555401,3032,2318,714
48201555403,4424,3428,996
48201555404,4101,3321,780
48201555501,5497,4170,1327
48201555503,15093,10353,4740
48201555504,7443,5059,2384
48201555505,11289,7742,3547
48201555600,6732,4978,1754
48201555701,11147,7795,3352
48201555703,6793,4984,1809
48201555704,7868,5035,2833
48201556000,12481,8755,3726
48201556100,3767,2812,955
48201980200,8296,8189,107
48201980300,2849,2831,18
48201980400,3751,3746,5
48201980700,2299,2178,121
48203020103,4523,3539,984
48203020104,3543,2876,667
48203020105,1460,1244,216
48203020106,3854,2998,856
48203020201,3552,2679,873
48203020202,3758,2892,866
48203020301,4403,3379,1024
48203020302,3245,2345,900
48203020401,4417,3420,997
48203020402,4793,3697,1096
48203020501,3003,2146,857
48203020502,4818,3674,1144
48203020603,7247,5049,2198
48203020604,3927,3018,909
48203020605,6323,4592,1731
48203020606,5973,4317,1656
48205950200,5382,4222,1160
48207950300,3681,2963,718
48207950400,1735,1369,366
48209010100,2809,2561,248
48209010200,6908,6760,148
48209010302,4956,3829,1127
48209010305,5983,5363,620
48209010306,4273,3346,927
48209010307,2337,2066,271
48209010308,1960,1757,203
48209010309,6041,4999,1042
48209010401,3914,3232,682
48209010402,7672,5966,1706
48209010500,4343,3374,969
48209010601,3584,2962,622
48209010602,5271,4440,831
48209010603,4055,3385,670
48209010702,3354,2858,496
48209010703,5707,5051,656
48209010704,2348,1922,426
48209010806,4652,3449,1203
48209010807,3264,2525,739
48209010809,7814,5873,1941
48209010810,3011,2364,647
48209010811,2096,1728,368
48209010812,5494,4588,906
48209010813,2399,1847,552
48209010814,2898,2383,515
48209010815,1794,1418,376
48209010816,9464,6259,3205
48209010817,4964,3819,1145
48209010818,2079,1633,446
48209010905,10047,7487,2560
48209010909,9678,7108,2570
48209010911,3307,2615,692
48209010912,8414,6216,2198
48209010913,7199,5457,1742
48209010914,3115,2462,653
48209010915,8166,5434,2732
48209010916,8012,5597,2415
48209010917,5689,4279,1410
48209010918,5653,4026,1627
48209010919,6688,4941,1747
48209010920,2507,1796,711
48209010921,6106,4022,2084
48209010922,12746,8863,3883
48209010923,8125,5918,2207
48209010924,4434,3310,1124
48209010925,5737,4235,1502
48211950300,3382,2396,986
48213950101,3754,3000,754
48213950102,3811,3054,757
48213950201,2274,1739,535
48213950202,3441,2709,732
48213950301,3208,2478,730
48213950302,2314,1825,489
48213950303,2418,2005,413
48213950400,4215,3251,964
48213950500,2893,2186,707
48213950601,3505,2827,678
48213950603,2389,1932,457
48213950604,3350,2472,878
48213950700,4487,3522,965
48213950801,2391,2016,375
48213950802,2397,2020,377
48213950902,2058,1665,393
48213950903,2354,1999,355
48213950904,2962,2442,520
48213950905,2566,2060,506
48213951000,1917,1449,468
48213951101,1554,1179,375
48213951102,2639,2149,490
48213951201,3538,2676,862
48213951202,2821,1951,870
48213951300,5993,4795,1198
48213951401,2421,1955,466
48213951402,2421,1911,510
48213951403,2059,1663,396
48215020103,2704,1728,976
48215020104,1608,1095,513
48215020105,1704,1232,472
48215020106,1539,1303,236
48215020107,4346,2922,1424
48215020108,2946,2152,794
48215020205,5108,3745,1363
48215020206,4541,3187,1354
48215020207,3106,2217,889
48215020208,4081,2930,1151
48215020209,2959,2056,903
48215020210,4577,3284,1293
48215020211,4383,2845,1538
48215020303,4707,3330,1377
48215020304,2887,2153,734
48215020305,3730,2808,922
48215020306,3883,3007,876
48215020307,5887,4354,1533
48215020403,4712,3467,1245
48215020405,3080,2337,743
48215020406,6752,4659,2093
48215020407,2400,1823,577
48215020408,2592,1935,657
48215020409,1560,1427,133
48215020505,2350,1772,578
48215020506,2408,1739,669
48215020507,2698,2043,655
48215020508,2771,2029,742
48215020509,3119,2029,1090
48215020510,3022,2208,814
48215020511,3666,2609,1057
48215020512,2247,1727,520
48215020513,2378,1812,566
48215020600,2393,1775,618
48215020724,4352,3273,1079
48215020725,3814,2944,870
48215020727,4503,3007,1496
48215020728,2529,1869,660
48215020729,2393,1825,568
48215020730,2486,1758,728
48215020731,2807,1917,890
48215020732,3945,2889,1056
48215020733,2746,2078,668
48215020734,3245,2342,903
48215020735,2539,1898,641
48215020736,2364,1713,651
48215020804,3695,2804,891
48215020805,3072,2351,721
48215020806,3703,2844,859
48215020807,2387,1867,520
48215020808,2544,1930,614
48215020905,3544,2892,652
48215020906,2579,2067,512
48215020907,3178,2438,740
48215020908,2408,1840,568
48215020909,2261,1837,424
48215020910,2766,2227,539
48215021001,1811,1218,593
48215021002,1959,1530,429
48215021003,1899,1497,402
48215021100,2971,2381,590
48215021201,3055,2454,601
48215021203,4284,3152,1132
48215021204,2846,2345,501
48215021306,4186,2832,1354
48215021307,6219,4109,2110
48215021308,2786,2043,743
48215021309,3463,2297,1166
48215021310,3215,2424,791
48215021311,4816,3263,1553
48215021312,5254,3425,1829
48215021313,3431,2122,1309
48215021314,3924,2662,1262
48215021315,3766,2471,1295
48215021401,5282,3714,1568
48215021405,3277,2105,1172
48215021406,2412,1880,532
48215021407,2778,2136,642
48215021408,5958,4079,1879
48215021409,2787,2112,675
48215021500,3355,2456,899
48215021600,3852,2783,1069
48215021703,4752,3298,1454
48215021704,6584,4727,1857
48215021705,6235,4363,1872
48215021706,3680,2340,1340
48215021707,2459,1758,701
48215021803,5328,3614,1714
48215021804,3881,2789,1092
48215021807,3687,2630,1057
48215021808,5133,3705,1428
48215021809,4331,3111,1220
48215021810,4361,2939,1422
48215021903,4596,3237,1359
48215021904,4408,3422,986
48215021905,4702,3198,1504
48215021906,5598,3777,1821
48215022005,4193,3124,1069
48215022006,6431,4386,2045
48215022007,2030,1371,659
48215022008,3461,2451,1010
48215022009,3944,2730,1214
48215022010,5500,3619,1881
48215022011,3585,2418,1167
48215022105,3438,2388,1050
48215022107,4311,3053,1258
48215022108,1312,1006,306
48215022109,3567,2451,1116
48215022110,3268,2045,1223
48215022111,7243,4168,3075
48215022112,3441,2141,1300
48215022113,3557,2431,1126
48215022203,4918,3371,1547
48215022204,6431,4168,2263
48215022205,4258,3117,1141
48215022206,2565,1816,749
48215022301,6111,4510,1601
48215022302,5541,3989,1552
48215022401,4895,3508,1387
48215022402,6999,4887,2112
48215022502,5643,3890,1753
48215022503,3626,2426,1200
48215022504,3144,2146,998
48215022600,2037,1534,503
48215022703,1942,1622,320
48215022704,3066,2497,569
48215022705,2913,2143,770
48215022706,2947,2151,796
48215022801,4371,2950,1421
48215022802,4062,2824,1238
48215022900,4826,3454,1372
48215023000,5811,4048,1763
48215023103,7751,4805,2946
48215023104,4573,3076,1497
48215023105,4598,3206,1392
48215023106,2954,1895,1059
48215023516,4657,3070,1587
48215023517,4345,3095,1250
48215023518,8064,5709,2355
48215023519,2693,1780,913
48215023520,3757,2404,1353
48215023521,5506,3823,1683
48215023522,4025,2960,1065
48215023523,7605,4415,3190
48215023524,6858,4362,2496
48215023525,4390,2693,1697
48215023526,4333,2877,1456
48215023527,6425,3764,2661
48215023528,5636,3714,1922
48215023529,9994,5960,4034
48215023530,9528,7227,2301
48215023531,2503,1862,641
48215023532,2184,1655,529
48215023533,3354,2338,1016
48215023534,5274,3449,1825
48215023535,3321,2446,875
48215023536,3229,2395,834
48215023601,3041,2259,782
48215023602,6391,4461,1930
48215023700,4554,3196,1358
48215023803,10046,6438,3608
48215023804,4188,2918,1270
48215023805,3114,2440,674
48215023806,6736,4598,2138
48215023903,4575,3313,1262
48215023905,6196,4664,1532
48215023906,9627,6997,2630
48215023907,3911,2962,949
48215023908,6833,5058,1775
48215024001,2940,2100,840
48215024002,5933,4687,1246
48215024003,3867,2649,1218
48215024004,6151,4317,1834
48215024107,4374,2980,1394
48215024108,6652,4343,2309
48215024109,8009,5162,2847
48215024115,6523,4478,2045
48215024116,4053,2800,1253
48215024117,2774,2028,746
48215024118,4786,3381,1405
48215024119,5440,3613,1827
48215024120,3877,2287,1590
48215024121,4470,2606,1864
48215024122,4642,2623,2019
48215024123,3742,2306,1436
48215024124,3680,2447,1233
48215024125,3267,2137,1130
48215024126,4982,3201,1781
48215024127,5079,3206,1873
48215024128,8033,5473,2560
48215024129,2705,2019,686
48215024130,1808,1221,587
48215024131,970,616,354
48215024132,2765,2075,690
48215024204,4460,3247,1213
48215024206,4533,3233,1300
48215024207,2893,2322,571
48215024208,3933,2925,1008
48215024209,3767,2654,1113
48215024210,4791,3386,1405
48215024211,7105,4055,3050
48215024212,6000,3722,2278
48215024301,1602,1236,366
48215024302,2381,1555,826
48215024403,5049,3466,1583
48215024404,4148,2895,1253
48215024405,4328,2955,1373
48215024406,4986,3441,1545
48215024501,4220,2691,1529
48215024502,3647,2544,1103
48215024600,7235,5279,1956
48217960100,4236,3118,1118
48217960200,4674,3784,890
48217960400,2080,1717,363
48217960501,3898,2985,913
48217960502,2571,2032,539
48217960600,1203,923,280
48217960700,2201,1734,467
48217960800,3641,2663,978
48217960900,1932,1296,636
48217961000,1866,1300,566
48217961100,3629,2935,694
48217961400,3943,2999,944
48219950100,1209,906,303
48219950200,4036,3088,948
48219950300,4225,3110,1115
48219950400,4133,2964,1169
48219950500,4780,3544,1236
48219950600,1595,1233,362
48219950700,1559,1092,467
48221160100,4813,3920,893
48221160204,3432,2693,739
48221160206,5093,4377,716
48221160210,6036,5395,641
48221160211,4172,3363,809
48221160212,3644,2780,864
48221160213,3783,3132,651
48221160214,4259,3346,913
48221160215,3145,2295,850
48221160216,3442,2770,672
48221160217,4748,3385,1363
48221160218,4642,3647,995
48221160302,4349,3291,1058
48221160303,6040,4815,1225
48223950100,3075,2309,766
48223950200,4493,3514,979
48223950301,2778,2095,683
48223950302,4011,2972,1039
48223950401,3899,2893,1006
48223950402,3820,2922,898
48223950500,3066,2368,698
48223950600,3829,2912,917
48223950700,4810,3573,1237
48223950800,3006,2313,693
48225950101,2318,1843,475
48225950102,2370,1936,434
48225950200,1315,1083,232
48225950300,2884,2225,659
48225950400,3006,2128,878
48225950500,3943,3236,707
48225950600,1343,1089,254
48225950700,4887,4346,541
48227950100,2350,1823,527
48227950200,2130,1565,565
48227950300,1683,1252,431
48227950400,3276,2531,745
48227950500,3058,2257,801
48227950600,4190,3046,1144
48227950700,3550,2510,1040
48227950801,4125,3029,1096
48227950802,6242,5708,534
48227950900,4256,3141,1115
48229950300,3202,2667,535
48231960100,3130,2591,539
48231960200,2480,1844,636
48231960300,4602,3531,1071
48231960400,5104,3800,1304
48231960500,3981,3030,951
48231960600,4229,3729,500
48231960700,6091,4722,1369
48231960800,3785,2616,1169
48231960900,5296,3846,1450
48231961000,4291,3146,1145
48231961101,5132,3947,1185
48231961102,3391,2675,716
48231961200,5475,4303,1172
48231961300,7047,5383,1664
48231961401,7127,4933,2194
48231961402,5323,3793,1530
48231961501,3180,2584,596
48231961502,6242,4621,1621
48231961503,4398,3438,960
48231961600,6841,5292,1549
48231961700,2811,2319,492
48233950200,2458,1860,598
48233950501,3094,2426,668
48233950502,1305,1068,237
48233950600,3578,2651,927
48233950700,1743,1222,521
48233950800,727,564,163
48233950900,4221,3096,1125
48233951000,3491,2543,948
48235950100,1513,1184,329
48237950100,2766,2415,351
48237950300,3099,2185,914
48237950500,2607,2049,558
48239950100,5529,4243,1286
48239950200,4254,3129,1125
48239950300,5205,3968,1237
48241950101,2696,2257,439
48241950102,2571,2054,517
48241950200,3188,2483,705
48241950300,3187,2298,889
48241950400,4548,3631,917
48241950500,4418,3395,1023
48241950600,2182,1578,604
48241950701,3838,2952,886
48241950702,3856,2970,886
48241950800,2496,1921,575
48243950100,1996,1711,285
48245000101,5408,4155,1253
48245000102,2322,1707,615
48245000103,3021,1965,1056
48245000200,5025,3811,1214
48245000304,6343,4751,1592
48245000306,3768,2921,847
48245000307,4422,3577,845
48245000309,2778,2253,525
48245000310,5919,4664,1255
48245000311,3429,2672,757
48245000312,4277,3304,973
48245000313,3529,2894,635
48245000314,2910,2315,595
48245000400,4819,3679,1140
48245000500,2171,1641,530
48245000600,5571,3928,1643
48245000700,2690,2001,689
48245000900,1549,1072,477
48245001100,2696,2060,636
48245001200,2221,1656,565
48245001301,5472,4178,1294
48245001302,3331,2435,896
48245001303,3353,2714,639
48245001700,1543,1211,332
48245001900,2590,1871,719
48245002000,2176,1619,557
48245002100,2983,2204,779
48245002200,2955,2062,893
48245002300,3435,2539,896
48245002400,2642,1885,757
48245002500,3591,2501,1090
48245002600,4276,3194,1082
48245005100,835,673,162
48245005400,1363,1026,337
48245005500,2594,1920,674
48245005600,3159,2229,930
48245005900,1188,806,382
48245006100,1055,829,226
48245006300,1300,1003,297
48245006400,1843,1369,474
48245006500,3638,2715,923
48245006600,4303,2917,1386
48245006700,2726,1931,795
48245006800,1949,1440,509
48245006900,4174,3163,1011
48245007002,4855,3515,1340
48245007003,3675,2702,973
48245007004,3256,2483,773
48245007100,3891,2931,960
48245010100,2942,2017,925
48245010200,2087,1437,650
48245010300,3188,2252,936
48245010400,3247,2485,762
48245010500,4382,3259,1123
48245010600,6243,4538,1705
48245010700,3407,2611,796
48245010800,5227,3911,1316
48245010901,3695,2879,816
48245010902,4853,3770,1083
48245011001,5429,4127,1302
48245011002,3756,2918,838
48245011101,4898,3754,1144
48245011102,2621,2061,560
48245011204,5323,4060,1263
48245011205,2396,1859,537
48245011303,2855,2245,610
48245011304,3779,2953,826
48245011401,3808,2904,904
48245011402,4369,3371,998
48245011500,2487,1859,628
48245011600,2100,1611,489
48245011700,1793,1499,294
48245011800,1624,1240,384
48245980200,6169,6154,15
48245980300,4824,4812,12
48247950200,2092,1543,549
48247950400,2746,1973,773
48249950101,3719,2722,997
48249950102,4464,3311,1153
48249950201,3917,2930,987
48249950202,3693,2770,923
48249950301,2811,1952,859
48249950302,2061,1547,514
48249950303,1946,1487,459
48249950400,3469,2635,834
48249950500,5670,4009,1661
48249950600,3759,2811,948
48249950700,3382,2456,926
48251130100,5661,4148,1513
48251130205,3701,2870,831
48251130210,5949,4559,1390
48251130211,7138,5291,1847
48251130212,5888,4183,1705
48251130213,5456,3826,1630
48251130214,6306,4544,1762
48251130215,7212,5316,1896
48251130216,4535,3123,1412
48251130217,3243,2412,831
48251130218,3261,2469,792
48251130219,2722,2088,634
48251130220,5759,4171,1588
48251130221,3420,2444,976
48251130222,3342,2546,796
48251130302,5595,4265,1330
48251130303,4540,3271,1269
48251130304,5487,4347,1140
48251130405,6564,5115,1449
48251130406,6095,4873,1222
48251130411,4766,3429,1337
48251130412,5690,3948,1742
48251130413,4007,3263,744
48251130414,2438,1928,510
48251130415,4646,3618,1028
48251130416,3988,2899,1089
48251130417,5221,3759,1462
48251130418,3004,2042,962
48251130419,3307,2417,890
48251130501,3614,2670,944
48251130502,4267,3226,1041
48251130602,2860,2175,685
48251130603,4235,3250,985
48251130604,3353,2601,752
48251130700,4615,3243,1372
48251130800,4614,3604,1010
48251130900,3122,2105,1017
48251131000,4915,3843,1072
48251131100,5391,4084,1307
48253020101,1499,1242,257
48253020102,4822,4806,16
48253020200,2708,2054,654
48253020300,2123,1613,510
48253020400,3250,2457,793
48253020500,5261,4015,1246
48255970100,1909,1483,426
48255970200,4832,3824,1008
48255970301,2971,2810,161
48255970302,3678,2773,905
48255970400,1320,965,355
48257050204,9513,6227,3286
48257050207,8412,5456,2956
48257050208,4034,2937,1097
48257050209,10849,7284,3565
48257050210,2246,1697,549
48257050211,9427,6012,3415
48257050212,5166,3800,1366
48257050213,6733,4768,1965
48257050214,2839,2012,827
48257050215,7163,4778,2385
48257050300,4259,3151,1108
48257050401,3267,2371,896
48257050402,4496,3329,1167
48257050500,5524,4007,1517
48257050601,3895,2936,959
48257050602,4629,3667,962
48257050701,5571,4250,1321
48257050703,3116,2249,867
48257050704,6300,4631,1669
48257050801,4421,3031,1390
48257050802,7372,5467,1905
48257051000,1565,1160,405
48257051100,5138,3658,1480
48257051201,3817,2962,855
48257051202,5890,4442,1448
48257051301,6469,4962,1507
48257051302,3199,2402,797
48259970101,1862,1557,305
48259970102,4754,3860,894
48259970301,5970,4631,1339
48259970302,4809,3916,893
48259970403,5407,4366,1041
48259970404,4358,3192,1166
48259970405,2494,1896,598
48259970406,8666,6142,2524
48259970500,5959,4619,1340
48261950100,350,267,83
48263950100,753,608,145
48265960101,2564,2133,431
48265960102,3337,2864,473
48265960200,3757,3118,639
48265960301,3582,3033,549
48265960303,4017,3134,883
48265960304,4202,3596,606
48265960401,1870,1439,431
48265960403,3735,3100,635
48265960404,2326,2001,325
48265960500,5413,4279,1134
48265960601,5557,4497,1060
48265960602,2516,2021,495
48265960700,5413,4688,725
48265960800,4309,3367,942
48267950100,2132,1889,243
48267950200,2154,1668,486
48269950100,265,189,76
48271950100,3129,2574,555
48273020101,3130,2463,667
48273020102,2714,2022,692
48273020200,4688,3477,1211
48273020301,2826,2174,652
48273020302,4330,3745,585
48273020401,3470,2578,892
48273020402,2628,1957,671
48273020501,3579,2683,896
48273020502,3675,2692,983
48275950100,1614,1231,383
48275950200,1739,1295,444
48277000101,4639,3709,930
48277000102,5082,3847,1235
48277000200,3563,2754,809
48277000301,3117,2414,703
48277000302,3290,2513,777
48277000401,3397,2689,708
48277000402,6784,5222,1562
48277000500,3648,2777,871
48277000600,1990,1411,579
48277000700,2994,2261,733
48277000800,3307,2555,752
48277000900,4728,3697,1031
48277001000,3549,2551,998
48279950100,2552,1828,724
48279950200,1518,1073,445
48279950300,2179,1595,584
48279950500,3078,2262,816
48279950600,3718,2753,965
48281950100,2656,2147,509
48281950302,3652,2835,817
48281950303,3783,3016,767
48281950304,3470,2666,804
48281950400,3911,2968,943
48281950500,4155,3224,931
48283950301,2959,2149,810
48283950302,3705,3119,586
48285000100,3808,2988,820
48285000200,3665,2834,831
48285000300,2509,1981,528
48285000400,3801,2906,895
48285000500,3553,2783,770
48285000600,3001,2189,812
48287000100,5344,4006,1338
48287000200,2931,2359,572
48287000300,3144,2479,665
48287000400,6059,4329,1730
48289950101,3383,2418,965
48289950102,2558,2054,504
48289950201,1646,1262,384
48289950202,3522,2873,649
48289950301,1617,1355,262
48289950302,2993,2444,549
48291700100,4451,3160,1291
48291700200,2963,2395,568
48291700301,4297,3050,1247
48291700302,13573,8368,5205
48291700303,3068,2241,827
48291700400,7201,5327,1874
48291700500,2654,2073,581
48291700600,2630,2015,615
48291700700,2539,1887,652
48291700801,3924,2931,993
48291700802,6194,4612,1582
48291700900,6236,5657,579
48291701000,7682,5370,2312
48291701100,7814,5852,1962
48291701200,6248,4725,1523
48291701300,3242,2449,793
48291701400,6912,5192,1720
48293970100,1955,1461,494
48293970200,4137,3219,918
48293970300,2227,1658,569
48293970400,1695,1250,445
48293970500,1936,1382,554
48293970600,5546,4287,1259
48293970700,1719,1422,297
48293970800,2931,2415,516
48295950200,1979,1454,525
48295950300,1080,850,230
48297950100,4539,3810,729
48297950200,1812,1386,426
48297950300,2593,2071,522
48297950400,2391,2029,362
48299970100,2822,2483,339
48299970200,3592,2846,746
48299970300,1915,1734,181
48299970401,1813,1718,95
48299970402,2291,2110,181
48299970501,2826,2342,484
48299970502,4202,3285,917
48299970600,1782,1595,187
48303000100,2594,1950,644
48303000201,2055,1601,454
48303000202,1641,1210,431
48303000301,3482,2999,483
48303000303,3402,2732,670
48303000304,4211,3112,1099
48303000402,4729,3568,1161
48303000403,3742,2845,897
48303000406,2045,1499,546
48303000407,2595,1921,674
48303000408,2823,2109,714
48303000409,6452,4683,1769
48303000410,2503,2002,501
48303000411,4179,3519,660
48303000501,1546,1476,70
48303000502,103,94,9
48303000503,6374,6127,247
48303000603,3697,3393,304
48303000605,882,789,93
48303000607,1976,1717,259
48303000700,2243,2005,238
48303000901,873,641,232
48303000902,3678,2526,1152
48303001000,3146,2406,740
48303001200,2153,1603,550
48303001300,2839,2105,734
48303001401,2211,1781,430
48303001402,2350,1816,534
48303001501,2109,1715,394
48303001502,2098,1720,378
48303001601,2535,2010,525
48303001602,2809,2255,554
48303001708,2758,2210,548
48303001709,4468,3316,1152
48303001710,3116,2479,637
48303001711,2529,1995,534
48303001712,2917,2401,516
48303001713,2972,2400,572
48303001714,5921,4863,1058
48303001715,1730,1322,408
48303001716,4098,3081,1017
48303001717,2666,2095,571
48303001804,3927,3200,727
48303001805,2066,1474,592
48303001806,3264,2396,868
48303001807,2645,2037,608
48303001808,2551,2013,538
48303001904,1481,1192,289
48303001905,2194,1612,582
48303001906,2479,1851,628
48303001907,2929,2216,713
48303001908,2870,2184,686
48303002001,2041,1613,428
48303002002,2844,2125,719
48303002102,2704,2136,568
48303002103,2622,2067,555
48303002104,2978,2208,770
48303002203,3056,2284,772
48303002205,1796,1305,491
48303002206,3680,2614,1066
48303002207,2864,2056,808
48303002208,1740,1243,497
48303002301,2177,1585,592
48303002302,2036,1454,582
48303002401,3159,2242,917
48303002402,3055,2199,856
48303002500,2406,1766,640
48303010101,1542,1146,396
48303010102,2387,1689,698
48303010201,2090,1603,487
48303010202,1293,920,373
48303010203,1322,1000,322
48303010204,2331,1716,615
48303010301,4137,2941,1196
48303010302,2996,2135,861
48303010402,2457,1816,641
48303010404,3165,2392,773
48303010409,1542,1224,318
48303010410,2389,1939,450
48303010411,1397,1074,323
48303010412,1401,1040,361
48303010413,3229,2170,1059
48303010414,2630,1844,786
48303010415,4108,3120,988
48303010416,1353,1026,327
48303010417,4318,3464,854
48303010418,1855,1353,502
48303010419,6784,4960,1824
48303010420,1081,742,339
48303010421,5472,3915,1557
48303010422,2659,1898,761
48303010423,1444,1104,340
48303010502,3202,2658,544
48303010504,3828,3094,734
48303010505,4325,3301,1024
48303010506,4048,3108,940
48303010509,6653,5008,1645
48303010510,2865,2235,630
48303010511,7138,5010,2128
48303010512,9155,6109,3046
48303010513,2309,1922,387
48303010514,3348,2452,896
48303010601,3837,2841,996
48303010602,1976,1417,559
48303010700,3759,2993,766
48305950400,2178,1525,653
48305950500,2360,1689,671
48305950600,1058,794,264
48307950300,4924,3760,1164
48307950400,1545,1213,332
48307950500,1161,1012,149
48309000100,1638,1372,266
48309000200,4640,4200,440
48309000300,4040,4006,34
48309000401,1759,1305,454
48309000402,4905,4188,717
48309000598,4886,3445,1441
48309000700,2945,2232,713
48309000800,2854,2041,813
48309000900,4961,3512,1449
48309001000,2703,1916,787
48309001100,5807,4091,1716
48309001200,3565,2355,1210
48309001300,2269,1564,705
48309001401,2832,2174,658
48309001402,4556,2958,1598
48309001500,2272,1821,451
48309001600,6307,4597,1710
48309001700,6087,4348,1739
48309001800,2619,2266,353
48309001900,4685,3672,1013
48309002000,4313,3237,1076
48309002100,5275,3763,1512
48309002302,5518,4315,1203
48309002498,5393,4032,1361
48309002501,5089,3852,1237
48309002503,5587,4450,1137
48309002504,4151,3032,1119
48309002600,5910,4640,1270
48309002700,4070,2850,1220
48309002800,3963,3262,701
48309002900,4471,3430,1041
48309003000,3906,3228,678
48309003200,5182,3812,1370
48309003300,1928,1671,257
48309003401,1411,1119,292
48309003402,5262,4007,1255
48309003500,4348,3326,1022
48309003601,2939,2111,828
48309003602,2751,2075,676
48309003701,3270,2507,763
48309003703,6248,4600,1648
48309003708,9924,7363,2561
48309003709,6449,4989,1460
48309003710,4882,3699,1183
48309003711,7247,5876,1371
48309003712,3136,2408,728
48309003801,7332,5460,1872
48309003802,5923,4561,1362
48309003901,3511,2452,1059
48309003902,6943,5056,1887
48309004000,5483,4205,1278
48309004102,5900,4427,1473
48309004104,4342,3128,1214
48309004105,6351,4401,1950
48309004201,3588,2787,801
48309004202,4177,3207,970
48309004300,8059,5979,2080
48311950100,600,487,113
48313000100,3447,3205,242
48313000200,2238,1794,444
48313000300,2750,2138,612
48313000400,5020,3564,1456
48315950100,2097,1703,394
48315950200,2808,2287,521
48315950300,2768,2349,419
48315950400,2052,1677,375
48317950100,1521,1063,458
48317950200,3716,2633,1083
48319950100,2169,1675,494
48319950200,1784,1527,257
48321730100,2513,1873,640
48321730202,1586,1194,392
48321730203,2678,2010,668
48321730204,4257,3113,1144
48321730301,3744,2808,936
48321730302,4957,3545,1412
48321730303,847,641,206
48321730400,2948,2109,839
48321730502,1274,1095,179
48321730503,1773,1561,212
48321730600,5501,4037,1464
48321730700,4177,3161,1016
48323950204,4774,3305,1469
48323950206,4909,3225,1684
48323950207,4614,3052,1562
48323950208,3959,2729,1230
48323950209,4642,3210,1432
48323950301,4404,3072,1332
48323950302,3378,2500,878
48323950400,3422,2608,814
48323950500,5747,4173,1574
48323950601,2305,1737,568
48323950602,4760,3511,1249
48323950701,5574,4097,1477
48323950702,5399,3710,1689
48325000101,7003,5352,1651
48325000103,8031,5976,2055
48325000104,2885,2274,611
48325000200,1686,1383,303
48325000301,2464,1979,485
48325000302,5998,4887,1111
48325000401,5857,4354,1503
48325000402,4799,3642,1157
48325000500,4790,3704,1086
48325000801,2755,2071,684
48325000802,4480,3349,1131
48327950300,1962,1602,360
48329000100,6056,4455,1601
48329000200,4693,3724,969
48329000302,5258,3973,1285
48329000303,4426,3154,1272
48329000304,3850,3029,821
48329000305,5000,3708,1292
48329000401,3428,2474,954
48329000402,4953,3668,1285
48329000500,4514,3409,1105
48329000600,4032,2994,1038
48329001100,4783,3455,1328
48329001200,6001,4311,1690
48329001300,6690,4822,1868
48329001400,5537,3829,1708
48329001500,5723,3944,1779
48329001700,4528,3183,1345
48329010105,2470,1824,646
48329010106,5268,4070,1198
48329010107,4830,3781,1049
48329010108,3497,2742,755
48329010115,2794,2086,708
48329010116,4998,3630,1368
48329010117,3178,2305,873
48329010118,3268,2213,1055
48329010119,4284,3059,1225
48329010120,6176,4326,1850
48329010121,5332,3929,1403
48329010122,1629,1139,490
48329010123,12127,8214,3913
48329010124,2914,2042,872
48329010125,4669,3655,1014
48329010126,8928,6114,2814
48329010127,2531,1846,685
48329010128,3866,2676,1190
48329010129,4491,2943,1548
48329010200,3261,2408,853
48331950100,2258,1794,464
48331950300,4099,3251,848
48331950401,3284,2433,851
48331950402,3595,2828,767
48331950500,2780,2176,604
48331950700,5718,4238,1480
48331950800,3020,2350,670
48333950100,1752,1412,340
48333950200,2704,2157,547
48335950200,7041,5684,1357
48335950400,1949,1531,418
48337950100,2309,1868,441
48337950200,1799,1429,370
48337950300,2801,2115,686
48337950401,2148,1772,376
48337950402,3415,2719,696
48337950501,3241,2409,832
48337950502,2254,1643,611
48337950600,1998,1597,401
48339690101,4716,3705,1011
48339690102,6955,5064,1891
48339690203,4551,3365,1186
48339690204,4963,3622,1341
48339690205,3336,2543,793
48339690206,3214,2477,737
48339690207,5498,4088,1410
48339690300,5790,4183,1607
48339690403,2999,2234,765
48339690404,5264,3667,1597
48339690405,5056,3664,1392
48339690406,4406,3289,1117
48339690407,4682,3409,1273
48339690408,4705,3466,1239
48339690501,5089,4001,1088
48339690502,3748,2727,1021
48339690503,7517,5470,2047
48339690603,4469,3153,1316
48339690604,8692,6132,2560
48339690605,4344,3212,1132
48339690606,6212,4292,1920
48339690607,5022,3608,1414
48339690608,4806,3506,1300
48339690609,5015,3852,1163
48339690610,8009,6075,1934
48339690701,6467,5469,998
48339690702,4545,3798,747
48339690800,4175,3160,1015
48339690900,4287,3136,1151
48339691000,4035,3095,940
48339691100,4179,3112,1067
48339691201,3148,2514,634
48339691202,3920,3050,870
48339691301,4395,3305,1090
48339691302,5584,4412,1172
48339691401,2361,1813,548
48339691402,4236,3501,735
48339691403,3911,2985,926
48339691500,4654,3625,1029
48339691601,3776,3116,660
48339691602,5402,4039,1363
48339691700,2926,2673,253
48339691801,5616,4215,1401
48339691802,3312,2665,647
48339691900,6377,4631,1746
48339692003,4648,3362,1286
48339692004,4851,3547,1304
48339692005,4801,3262,1539
48339692006,7302,5035,2267
48339692007,6315,4424,1891
48339692008,12488,8209,4279
48339692009,13287,8670,4617
48339692010,7481,4953,2528
48339692101,7688,5265,2423
48339692102,4212,2947,1265
48339692103,5481,4084,1397
48339692201,4816,3379,1437
48339692202,4782,3552,1230
48339692301,3973,2898,1075
48339692302,5080,3589,1491
48339692303,4990,4036,954
48339692304,8344,6307,2037
48339692401,4036,2956,1080
48339692402,10290,7879,2411
48339692501,6921,4826,2095
48339692502,4166,2970,1196
48339692601,4572,3247,1325
48339692603,3604,2556,1048
48339692604,9601,6280,3321
48339692605,5023,3515,1508
48339692701,2957,2240,717
48339692702,4851,3580,1271
48339692802,9739,6681,3058
48339692803,5562,3995,1567
48339692804,4145,3130,1015
48339692900,5235,3788,1447
48339693001,6338,4301,2037
48339693002,7133,4853,2280
48339693102,6348,4503,1845
48339693103,3607,2487,1120
48339693104,2304,1647,657
48339693201,4009,2976,1033
48339693202,4918,3854,1064
48339693301,2832,2125,707
48339693302,1758,1301,457
48339693303,3499,2825,674
48339693304,1770,1443,327
48339693401,2474,1702,772
48339693402,1502,971,531
48339693501,1668,1361,307
48339693502,1761,1340,421
48339693503,2409,1831,578
48339693600,3878,3180,698
48339693701,2636,2029,607
48339693702,6066,4569,1497
48339693703,5471,4362,1109
48339693800,4557,3181,1376
48339693901,4169,3256,913
48339693902,4063,2760,1303
48339693903,3868,2563,1305
48339693904,1767,1758,9
48339694001,5974,4473,1501
48339694002,6899,4996,1903
48339694103,2928,2231,697
48339694104,3251,2385,866
48339694105,5205,3598,1607
48339694106,5214,3638,1576
48339694107,3465,2662,803
48339694203,2407,1660,747
48339694204,4617,3624,993
48339694205,1355,1130,225
48339694206,3943,3104,839
48339694207,1291,1044,247
48339694208,4199,3283,916
48339694209,2166,1702,464
48339694210,2173,1833,340
48339694303,3957,2969,988
48339694304,4507,4006,501
48339694305,3891,3031,860
48339694306,5137,4024,1113
48339694307,2125,1820,305
48339694308,2818,2219,599
48339694309,3423,2931,492
48339694401,3388,2562,826
48339694402,3960,3089,871
48339694403,3051,2249,802
48339694501,2004,1541,463
48339694502,4750,3305,1445
48339694503,11356,8148,3208
48339694601,2569,1933,636
48339694602,1599,1193,406
48339694603,4171,3136,1035
48339694700,4240,3347,893
48341950100,1858,1302,556
48341950201,3084,2111,973
48341950202,4125,2903,1222
48341950301,3303,2258,1045
48341950302,4347,3065,1282
48341950400,4641,3305,1336
48343950100,4390,3434,956
48343950200,5043,4020,1023
48343950300,2540,1846,694
48345950100,1063,841,222
48347950100,2553,1930,623
48347950200,5123,3913,1210
48347950303,3714,2676,1038
48347950304,3918,2994,924
48347950305,3742,2511,1231
48347950306,3753,2665,1088
48347950401,4696,3641,1055
48347950402,3522,2676,846
48347950501,2426,2019,407
48347950502,4657,3817,840
48347950600,5662,5330,332
48347950700,4215,3197,1018
48347950800,3685,2592,1093
48347950900,2486,1691,795
48347951001,2040,1826,214
48347951002,3690,2804,886
48347951100,4771,3721,1050
48349970100,4771,3331,1440
48349970200,6468,4753,1715
48349970301,3876,2886,990
48349970302,5005,3889,1116
48349970400,4671,3548,1123
48349970500,4388,3200,1188
48349970600,3506,2775,731
48349970701,6376,4936,1440
48349970800,1777,1381,396
48349970901,4294,3165,1129
48349970902,3931,2610,1321
48349971000,3561,2774,787
48351950100,1806,1495,311
48351950201,2543,1947,596
48351950202,2506,1965,541
48351950300,2495,1968,527
48351950400,2867,2297,570
48353950100,1880,1536,344
48353950200,4088,3034,1054
48353950300,2100,1480,620
48353950400,4067,3036,1031
48353950500,2603,1942,661
48355000500,463,351,112
48355000601,4094,3073,1021
48355000602,2010,1543,467
48355000700,4653,3382,1271
48355000800,3525,2589,936
48355000900,3848,2877,971
48355001000,2751,2120,631
48355001100,2317,1717,600
48355001201,1504,1343,161
48355001202,2297,1870,427
48355001300,3628,2737,891
48355001400,4452,3625,827
48355001500,4580,3065,1515
48355001601,4308,3200,1108
48355001602,3578,2758,820
48355001702,2214,1530,684
48355001703,3312,2541,771
48355001704,2733,2002,731
48355001801,5478,4097,1381
48355001802,2197,1641,556
48355001903,3195,2452,743
48355001904,4051,3088,963
48355001905,2889,1995,894
48355001906,5480,4048,1432
48355002001,3788,2896,892
48355002002,3691,2865,826
48355002101,3658,2879,779
48355002102,3184,2574,610
48355002200,5547,4223,1324
48355002301,4083,3106,977
48355002303,4327,3263,1064
48355002304,4492,3546,946
48355002400,6019,4649,1370
48355002500,4448,3567,881
48355002601,2544,2154,390
48355002602,1844,1429,415
48355002603,2946,2344,602
48355002703,4881,3723,1158
48355002705,5179,4165,1014
48355002706,1660,1652,8
48355002707,1778,1493,285
48355002708,5082,4336,746
48355002900,773,579,194
48355003002,4665,3590,1075
48355003003,1940,1531,409
48355003004,2904,2267,637
48355003101,5638,4344,1294
48355003102,6052,4382,1670
48355003202,8872,6676,2196
48355003204,4293,3338,955
48355003205,1362,1101,261
48355003206,4302,3461,841
48355003303,1240,992,248
48355003304,5399,4338,1061
48355003305,4458,3117,1341
48355003306,4691,3794,897
48355003401,4143,3255,888
48355003402,5783,4508,1275
48355003500,2179,1611,568
48355003601,6523,4752,1771
48355003602,6094,4607,1487
48355003603,5859,4130,1729
48355003700,3220,2469,751
48355005103,1610,1386,224
48355005104,1103,989,114
48355005404,5618,4235,1383
48355005406,4585,3251,1334
48355005407,3371,2553,818
48355005408,4392,3495,897
48355005409,3965,3084,881
48355005410,3723,2838,885
48355005411,3828,3082,746
48355005412,5126,3822,1304
48355005413,2892,2226,666
48355005414,4333,3092,1241
48355005415,6695,4817,1878
48355005416,3933,2969,964
48355005417,7502,5219,2283
48355005603,2839,2178,661
48355005604,2997,2251,746
48355005605,4631,3318,1313
48355005606,953,716,237
48355005801,7270,5333,1937
48355005803,4210,3115,1095
48355005804,2874,2140,734
48355005900,4091,3280,811
48355006000,2679,1950,729
48355006100,3217,2395,822
48355006201,3110,2413,697
48355006202,1981,1703,278
48355006203,1732,1363,369
48355006204,2715,2310,405
48355006205,1148,1024,124
48355006300,2654,1955,699
48355006400,2303,2204,99
48357950100,1701,1253,448
48357950300,3515,2454,1061
48357950400,4799,3284,1515
48359950100,1758,1229,529
48361020200,4019,3044,975
48361020300,2559,1968,591
48361020500,3184,2428,756
48361020700,4850,3685,1165
48361020800,1894,1512,382
48361020900,3584,2811,773
48361021000,2215,1764,451
48361021100,1794,1398,396
48361021200,4822,3711,1111
48361021300,6081,4542,1539
48361021400,3898,3050,848
48361021501,1989,1480,509
48361021503,3404,2644,760
48361021504,3606,2761,845
48361021600,3845,2964,881
48361021700,2109,1618,491
48361021800,2504,1874,630
48361021901,2406,1841,565
48361021902,3886,2970,916
48361022000,3544,2714,830
48361022200,4101,2953,1148
48361022301,4541,3497,1044
48361022302,3852,2750,1102
48361022400,6121,4497,1624
48363000100,2740,2274,466
48363000200,1974,1623,351
48363000300,3894,3214,680
48363000401,2396,1870,526
48363000402,3819,3021,798
48363000500,1624,1277,347
48363000600,3464,2593,871
48363000700,3213,2352,861
48363000800,2928,2117,811
48363000900,2357,1697,660
48365950100,4212,3257,955
48365950200,2916,2136,780
48365950300,4151,3115,1036
48365950401,2596,2008,588
48365950402,4017,3072,945
48365950500,2413,1918,495
48365950600,2186,1670,516
48367140101,4503,3186,1317
48367140102,4623,3628,995
48367140201,3193,2495,698
48367140202,4622,3882,740
48367140300,6254,4751,1503
48367140403,7954,6019,1935
48367140408,5820,4411,1409
48367140409,4233,3097,1136
48367140410,4093,3059,1034
48367140411,5451,4216,1235
48367140412,4185,3185,1000
48367140413,3380,2574,806
48367140414,3498,2767,731
48367140415,4063,3192,871
48367140416,4595,3544,1051
48367140502,5344,4248,1096
48367140503,5058,3778,1280
48367140504,3994,3067,927
48367140601,9040,6818,2222
48367140603,10166,7365,2801
48367140604,3965,3056,909
48367140707,4100,2778,1322
48367140708,4580,3457,1123
48367140709,6416,4426,1990
48367140710,4328,2948,1380
48367140711,7048,5466,1582
48367140712,2527,1943,584
48367140713,5565,3826,1739
48367140714,5624,4252,1372
48369950200,4941,3463,1478
48369950300,4928,3566,1362
48371950100,2093,1527,566
48371950300,3352,2432,920
48371950400,4323,3181,1142
48371950500,4821,3851,970
48371980000,604,589,15
48373210103,1645,1280,365
48373210104,2622,2057,565
48373210105,4525,3418,1107
48373210106,6049,5330,719
48373210203,6611,5841,770
48373210204,4059,3160,899
48373210205,2513,2200,313
48373210206,3742,3170,572
48373210301,4056,3208,848
48373210302,4818,3773,1045
48373210401,2743,2098,645
48373210402,1758,1395,363
48373210500,4982,3734,1248
48375010100,1815,1464,351
48375010200,2168,1591,577
48375010300,1036,810,226
48375010400,3307,2594,713
48375010600,2067,1382,685
48375010700,3343,2337,1006
48375011000,2190,1629,561
48375011500,3926,3044,882
48375011600,4327,3152,1175
48375011700,4567,3768,799
48375011800,3871,2994,877
48375011900,2944,2210,734
48375012000,1425,1093,332
48375012200,3441,2404,1037
48375012600,2952,1967,985
48375012800,3907,2751,1156
48375013000,1532,1125,407
48375013200,1726,1487,239
48375013300,6094,4785,1309
48375013400,3230,2546,684
48375013900,3906,2516,1390
48375014100,2852,1885,967
48375014300,6427,4877,1550
48375014401,7773,7083,690
48375014500,5574,3892,1682
48375014701,2294,1918,376
48375014702,1933,1519,414
48375014800,1975,1452,523
48375014900,5806,3954,1852
48375015000,7234,4786,2448
48375015100,3219,2430,789
48375015200,2826,2164,662
48375015300,4462,3208,1254
48375015400,2372,1778,594
48377950100,2289,1870,419
48377950200,3842,2802,1040
48379950101,4712,3787,925
48379950102,2605,2027,578
48379950200,4847,3832,1015
48381020100,2158,1655,503
48381020200,2529,1802,727
48381020300,2092,1586,506
48381020400,1952,1452,500
48381020500,3623,2679,944
48381020600,3850,2837,1013
48381020800,6360,4653,1707
48381020900,2833,1994,839
48381021000,2337,1769,568
48381021101,4040,3118,922
48381021102,1994,1701,293
48381021200,5267,3888,1379
48381021300,5089,3903,1186
48381021500,4867,3807,1060
48381021602,5123,3956,1167
48381021603,1939,1556,383
48381021604,4503,3623,880
48381021605,1955,1597,358
48381021606,5214,4061,1153
48381021609,5264,4194,1070
48381021610,3335,2505,830
48381021611,7718,5893,1825
48381021702,4716,3767,949
48381021705,3137,2305,832
48381021706,3656,2814,842
48381021707,5089,3808,1281
48381021708,5350,3716,1634
48381021802,5797,4978,819
48381021803,2576,2027,549
48381021804,3540,2693,847
48381021900,6051,4571,1480
48381022001,8672,6137,2535
48381022002,8127,5708,2419
48383950100,3385,2402,983
48385950100,2758,2282,476
48387950100,2174,1812,362
48387950501,2189,1707,482
48387950502,2178,1821,357
48387950600,2648,2049,599
48387950700,2398,1890,508
48389950200,2655,2017,638
48389950300,1996,1443,553
48389950400,4820,3479,1341
48389950600,5277,4680,597
48391950200,3483,2640,843
48391950400,3258,2604,654
48393950100,827,626,201
48395960100,1910,1476,434
48395960200,1232,985,247
48395960300,4592,3563,1029
48395960400,3265,2513,752
48395960501,3199,2337,862
48395960502,2559,1848,711
48397040101,7516,5460,2056
48397040103,4483,3278,1205
48397040104,3882,2973,909
48397040201,1832,1371,461
48397040202,5788,4024,1764
48397040203,1670,1157,513
48397040301,5438,4267,1171
48397040303,3844,3180,664
48397040304,2380,1874,506
48397040305,3370,2739,631
48397040403,2681,1993,688
48397040404,2835,1979,856
48397040405,2810,1922,888
48397040406,4055,2591,1464
48397040407,2912,1878,1034
48397040408,3054,2067,987
48397040409,4871,3498,1373
48397040410,4135,2799,1336
48397040411,2091,1462,629
48397040412,1265,903,362
48397040503,6943,4915,2028
48397040507,4755,3642,1113
48397040508,3245,2295,950
48397040509,2468,1700,768
48397040510,4453,3669,784
48397040511,3000,2248,752
48397040512,4888,3445,1443
48397040513,4435,3203,1232
48397040514,2720,1993,727
48399950100,1320,1056,264
48399950200,2095,1578,517
48399950500,1893,1441,452
48399950600,4592,3561,1031
48401950101,2711,1963,748
48401950102,2824,2314,510
48401950200,2916,2201,715
48401950300,6272,4749,1523
48401950400,4985,3878,1107
48401950501,5198,3938,1260
48401950502,4510,3894,616
48401950600,2326,1790,536
48401950700,5301,4442,859
48401950800,4176,3145,1031
48401950900,3295,2488,807
48401951000,2306,1680,626
48401951100,2866,2271,595
48401951200,2528,1965,563
48403950100,2243,1876,367
48403950200,3000,2259,741
48403950300,4651,3928,723
48405950100,2956,2333,623
48405950200,2530,1955,575
48405950300,2432,1998,434
48407200103,2430,1860,570
48407200104,3974,2879,1095
48407200105,3887,2955,932
48407200106,4087,2952,1135
48407200107,2695,2155,540
48407200201,3543,2900,643
48407200202,1446,1224,222
48407200301,2982,2554,428
48407200302,2358,1968,390
48409010201,3439,2784,655
48409010202,4867,3754,1113
48409010301,5167,3752,1415
48409010302,4788,3582,1206
48409010500,1920,1393,527
48409010601,7033,5122,1911
48409010602,4095,3023,1072
48409010603,3704,2809,895
48409010604,2871,2210,661
48409010700,4679,3362,1317
48409010800,4152,3114,1038
48409010900,5228,3972,1256
48409011000,6634,4909,1725
48409011100,2530,1871,659
48409011200,3169,2508,661
48409011300,4479,3212,1267
48411950100,2560,1885,675
48411950200,3170,2721,449
48413950300,2451,1867,584
48415950100,4385,3425,960
48415950200,1334,1003,331
48415950300,6094,4465,1629
48415950600,5119,3756,1363
48417950300,3105,2362,743
48419950100,4819,3607,1212
48419950200,3392,2587,805
48419950300,4522,3359,1163
48419950401,3274,2447,827
48419950402,2511,1787,724
48419950500,2694,2043,651
48419950600,2810,2241,569
48421950200,2782,1974,808
48423000100,6074,4102,1972
48423000201,4063,2957,1106
48423000202,2003,1397,606
48423000300,6066,4163,1903
48423000400,2335,1633,702
48423000500,2980,2502,478
48423000600,1848,1345,503
48423000700,4346,3187,1159
48423000800,5655,4373,1282
48423000900,4892,3995,897
48423001000,5308,4057,1251
48423001101,3884,3066,818
48423001102,2644,1978,666
48423001200,3606,2825,781
48423001300,2377,1875,502
48423001404,7268,5264,2004
48423001405,3753,2857,896
48423001406,5880,4809,1071
48423001407,5697,4117,1580
48423001408,2523,1849,674
48423001501,2141,1683,458
48423001502,3734,2930,804
48423001602,5286,4176,1110
48423001605,3051,2146,905
48423001606,4351,3131,1220
48423001607,4401,3373,1028
48423001608,2708,1952,756
48423001701,5062,3514,1548
48423001702,4440,3118,1322
48423001803,4854,4091,763
48423001804,4188,3171,1017
48423001805,2586,1976,610
48423001806,5375,3987,1388
48423001807,3898,3289,609
48423001906,6201,4725,1476
48423001909,3291,2790,501
48423001910,2417,2067,350
48423001911,3371,2912,459
48423001912,3005,2540,465
48423001913,3704,2951,753
48423001914,5001,3623,1378
48423001915,7266,5172,2094
48423001916,6258,4709,1549
48423001917,2401,1973,428
48423002003,3899,3168,731
48423002004,2689,2186,503
48423002006,3773,2966,807
48423002009,7832,5578,2254
48423002010,6327,4736,1591
48423002011,3195,2306,889
48423002012,3616,2915,701
48423002013,2939,2225,714
48423002101,4198,3109,1089
48423002102,5870,4745,1125
48423002200,6949,5174,1775
48425000101,4124,3091,1033
48425000102,3344,2587,757
48425000200,1737,1290,447
48427950101,1040,834,206
48427950104,5382,3533,1849
48427950105,4058,2727,1331
48427950106,3451,2451,1000
48427950107,4682,3154,1528
48427950108,4027,2658,1369
48427950202,2620,1859,761
48427950203,4347,3076,1271
48427950204,5765,3944,1821
48427950402,5916,4090,1826
48427950403,1999,1408,591
48427950404,3873,2830,1043
48427950500,4086,2953,1133
48427950601,4111,2766,1345
48427950602,3160,2359,801
48427950701,3912,2964,948
48427950702,3491,2504,987
48429950200,3792,2753,1039
48429950300,2042,1538,504
48429950500,3267,2836,431
48431950100,1372,1015,357
48433950300,1245,1003,242
48435950300,3372,2555,817
48437950200,1816,1513,303
48437950300,4037,2921,1116
48437950400,1118,835,283
48439100101,6019,4337,1682
48439100102,4618,3597,1021
48439100201,4922,3324,1598
48439100202,5428,3809,1619
48439100300,5705,3874,1831
48439100401,2064,1487,577
48439100402,4920,3533,1387
48439100503,2541,1700,841
48439100504,4781,3452,1329
48439100505,5070,3381,1689
48439100506,5599,3779,1820
48439100601,2703,2224,479
48439100602,4754,4044,710
48439100700,5077,3826,1251
48439100800,5523,4080,1443
48439100900,1854,1423,431
48439101201,2021,1506,515
48439101202,4975,3587,1388
48439101301,5498,4075,1423
48439101302,3074,2278,796
48439101401,5307,3955,1352
48439101402,3874,2730,1144
48439101403,5146,3509,1637
48439101500,4549,3351,1198
48439101700,2347,1894,453
48439102000,4824,4614,210
48439102101,2328,1985,343
48439102102,2931,2349,582
48439102201,3487,2829,658
48439102202,2812,2433,379
48439102301,3388,2572,816
48439102302,5741,4182,1559
48439102401,4409,3540,869
48439102402,4668,3559,1109
48439102500,4287,3078,1209
48439102601,3886,3209,677
48439102602,3508,2849,659
48439102700,3279,2802,477
48439103500,5838,4137,1701
48439103601,2536,1629,907
48439103602,2373,1790,583
48439103701,4308,2937,1371
48439103702,2911,2009,902
48439103800,4101,2601,1500
48439104100,3326,2641,685
48439104202,3231,2685,546
48439104203,4129,4057,72
48439104204,2388,1932,456
48439104301,3148,2851,297
48439104302,3024,2494,530
48439104400,5241,3921,1320
48439104502,2873,2031,842
48439104503,2667,1902,765
48439104504,3159,2297,862
48439104505,4868,3392,1476
48439104601,3814,2699,1115
48439104602,5043,3446,1597
48439104603,3980,2642,1338
48439104604,3468,2277,1191
48439104605,4887,3589,1298
48439104701,4544,3075,1469
48439104702,3281,2275,1006
48439104802,5262,3624,1638
48439104803,6112,4268,1844
48439104804,2776,1873,903
48439104900,3252,2248,1004
48439105007,6209,5152,1057
48439105008,8379,6071,2308
48439105009,7205,4912,2293
48439105201,6753,4600,2153
48439105203,2410,1905,505
48439105204,3430,2552,878
48439105206,2288,1772,516
48439105207,3199,2188,1011
48439105403,6281,4882,1399
48439105404,4257,3109,1148
48439105405,5964,5000,964
48439105407,2552,2323,229
48439105408,2659,2255,404
48439105502,5849,4457,1392
48439105503,6249,4881,1368
48439105505,4911,3797,1114
48439105511,5976,4423,1553
48439105512,4547,3588,959
48439105513,3008,2461,547
48439105514,2734,2340,394
48439105515,5981,4434,1547
48439105516,2486,1988,498
48439105517,3470,2708,762
48439105518,3379,2851,528
48439105519,4440,3714,726
48439105520,2514,2083,431
48439105600,5344,3954,1390
48439105701,4026,2957,1069
48439105703,3814,2921,893
48439105705,5295,3822,1473
48439105706,3799,2685,1114
48439105800,4538,3095,1443
48439105901,4087,2694,1393
48439105902,7360,5086,2274
48439106002,3949,2783,1166
48439106004,8354,5348,3006
48439106005,3854,2743,1111
48439106006,4815,3471,1344
48439106101,1946,1386,560
48439106102,5415,3702,1713
48439106201,3894,2842,1052
48439106202,4869,3434,1435
48439106300,3448,2395,1053
48439106400,3913,2685,1228
48439106502,3140,2418,722
48439106503,5483,4124,1359
48439106507,1943,1641,302
48439106509,5704,4196,1508
48439106512,4759,3694,1065
48439106513,2994,2246,748
48439106514,6076,4752,1324
48439106515,4370,3274,1096
48439106518,5524,4736,788
48439106519,2046,1520,526
48439106520,3717,2701,1016
48439106521,4853,3702,1151
48439106522,4195,3005,1190
48439106523,4691,3493,1198
48439106524,4584,3427,1157
48439106525,2077,1502,575
48439106526,7121,5177,1944
48439106600,3291,2307,984
48439106700,2166,1646,520
48439110102,4659,3443,1216
48439110103,4269,3144,1125
48439110104,3859,3103,756
48439110202,4108,2996,1112
48439110204,7560,5655,1905
48439110205,5490,4354,1136
48439110206,3513,2495,1018
48439110301,3828,2767,1061
48439110302,5308,3647,1661
48439110401,4711,3644,1067
48439110402,5454,3912,1542
48439110500,7646,5751,1895
48439110600,2585,2056,529
48439110703,5894,4467,1427
48439110704,4653,3556,1097
48439110705,3966,3048,918
48439110706,3761,2726,1035
48439110805,6959,5155,1804
48439110806,5684,4209,1475
48439110807,7063,5164,1899
48439110808,4752,3408,1344
48439110809,2521,1959,562
48439110901,5326,4212,1114
48439110903,1793,1535,258
48439110905,4380,3489,891
48439110906,4429,3501,928
48439110907,3687,2817,870
48439111003,3788,2923,865
48439111010,4246,3349,897
48439111015,3047,2260,787
48439111018,2245,1816,429
48439111019,5466,3864,1602
48439111020,4764,3283,1481
48439111021,4174,3052,1122
48439111022,6628,4637,1991
48439111023,7168,4718,2450
48439111024,4265,3211,1054
48439111025,3571,2532,1039
48439111026,5680,3817,1863
48439111027,4482,3176,1306
48439111028,7923,5600,2323
48439111029,7673,5409,2264
48439111030,4313,3120,1193
48439111031,2906,2096,810
48439111032,7330,5468,1862
48439111033,5135,3800,1335
48439111102,6799,4924,1875
48439111103,4238,2989,1249
48439111104,3011,2202,809
48439111202,6154,4342,1812
48439111203,7033,4953,2080
48439111204,5727,4443,1284
48439111304,7225,5401,1824
48439111306,6298,4644,1654
48439111307,3540,2555,985
48439111308,1717,1368,349
48439111309,4360,3093,1267
48439111311,7553,5578,1975
48439111312,3452,2810,642
48439111314,7064,4788,2276
48439111315,4575,3079,1496
48439111316,7163,4987,2176
48439111317,5000,3835,1165
48439111318,5282,3937,1345
48439111319,8585,6138,2447
48439111320,6068,3990,2078
48439111402,6045,4637,1408
48439111405,2725,2096,629
48439111406,4466,3280,1186
48439111407,3894,3006,888
48439111408,4936,3589,1347
48439111409,5573,4322,1251
48439111410,3957,3119,838
48439111411,5789,4304,1485
48439111505,4226,3205,1021
48439111506,6500,5032,1468
48439111513,4157,3135,1022
48439111514,6890,5066,1824
48439111516,6595,4965,1630
48439111522,7933,5687,2246
48439111525,6425,4666,1759
48439111526,4454,3392,1062
48439111529,4000,3239,761
48439111530,6188,5073,1115
48439111531,4585,3633,952
48439111532,7258,5609,1649
48439111533,5066,4004,1062
48439111534,6441,4959,1482
48439111536,3392,2481,911
48439111538,6329,4837,1492
48439111540,6403,4804,1599
48439111541,4153,2993,1160
48439111542,6330,4655,1675
48439111543,7433,4842,2591
48439111544,7438,5477,1961
48439111545,2528,2079,449
48439111546,6375,5032,1343
48439111551,7440,5306,2134
48439111552,3614,2925,689
48439111553,4280,3371,909
48439111554,4971,3674,1297
48439111555,4960,3616,1344
48439111556,5797,4196,1601
48439111557,3054,2214,840
48439111558,5889,4181,1708
48439111559,2616,1847,769
48439111560,5694,4116,1578
48439111561,4909,3624,1285
48439111562,5194,3712,1482
48439111563,5127,3643,1484
48439111564,5533,4125,1408
48439111565,6070,4131,1939
48439111566,6264,4337,1927
48439111567,5831,4080,1751
48439111568,7295,5211,2084
48439111569,4327,3189,1138
48439111570,4720,3099,1621
48439111571,4736,3562,1174
48439111572,3478,2599,879
48439113003,2204,1752,452
48439113004,2385,1945,440
48439113005,2387,1789,598
48439113006,1818,1221,597
48439113007,3243,2249,994
48439113102,4787,3955,832
48439113104,3993,3302,691
48439113107,2356,1973,383
48439113108,4582,3694,888
48439113109,4193,3334,859
48439113110,5153,4265,888
48439113112,2127,1798,329
48439113115,3948,3001,947
48439113116,4400,3426,974
48439113117,2441,1950,491
48439113118,3006,2217,789
48439113119,4348,3619,729
48439113120,4423,3468,955
48439113121,1774,1412,362
48439113122,3144,2557,587
48439113206,5609,4229,1380
48439113207,4194,3244,950
48439113210,7622,5934,1688
48439113212,4343,3525,818
48439113213,3786,3014,772
48439113214,5756,4397,1359
48439113215,4742,3628,1114
48439113216,6000,4762,1238
48439113217,4516,3451,1065
48439113218,3327,2670,657
48439113221,6021,4790,1231
48439113222,3098,2280,818
48439113223,3413,2674,739
48439113301,4317,3420,897
48439113302,4297,3314,983
48439113403,2676,2117,559
48439113404,6182,4642,1540
48439113407,5684,4004,1680
48439113408,5862,4400,1462
48439113409,2519,2005,514
48439113410,4515,3460,1055
48439113509,4784,3452,1332
48439113510,6617,5203,1414
48439113511,4091,3075,1016
48439113512,6249,4934,1315
48439113513,6508,5004,1504
48439113514,5183,3824,1359
48439113516,4280,3322,958
48439113517,4264,3422,842
48439113519,6824,5298,1526
48439113520,5339,4290,1049
48439113521,3981,3185,796
48439113522,2073,1719,354
48439113607,4688,3466,1222
48439113611,4600,3712,888
48439113612,4520,3725,795
48439113613,4246,3439,807
48439113618,6244,4947,1297
48439113619,5939,4374,1565
48439113622,8244,6519,1725
48439113623,3520,2934,586
48439113624,4211,3300,911
48439113625,3461,2819,642
48439113626,3823,3081,742
48439113628,4994,3955,1039
48439113629,4284,3623,661
48439113630,3769,3001,768
48439113632,5037,3972,1065
48439113633,4291,3206,1085
48439113634,5084,3976,1108
48439113635,3976,2927,1049
48439113636,2505,2021,484
48439113637,4355,3550,805
48439113638,1823,1477,346
48439113639,7247,5576,1671
48439113640,6108,4577,1531
48439113707,4811,3774,1037
48439113709,5527,4219,1308
48439113710,3688,2815,873
48439113711,4228,3351,877
48439113712,5003,4139,864
48439113713,1877,1271,606
48439113714,3651,2800,851
48439113715,4967,4395,572
48439113716,3334,2868,466
48439113803,5489,4208,1281
48439113808,6404,4881,1523
48439113809,4731,3553,1178
48439113810,4808,3552,1256
48439113811,3871,2959,912
48439113812,5517,3966,1551
48439113813,5111,3878,1233
48439113814,4509,3461,1048
48439113815,6181,4500,1681
48439113816,5515,4209,1306
48439113906,7587,5339,2248
48439113908,5930,4112,1818
48439113912,6662,5078,1584
48439113916,4617,3468,1149
48439113917,7570,5433,2137
48439113918,5115,3838,1277
48439113919,7407,5461,1946
48439113920,5474,3934,1540
48439113923,4254,3288,966
48439113924,5527,4030,1497
48439113925,3987,3018,969
48439113930,11980,8403,3577
48439113931,12771,8852,3919
48439113932,8209,5704,2505
48439113933,2722,2396,326
48439113934,7215,5011,2204
48439113935,3920,2728,1192
48439113936,6682,4522,2160
48439113938,2280,1635,645
48439113939,4202,2799,1403
48439113940,7765,5145,2620
48439113941,6046,4378,1668
48439113942,6038,4109,1929
48439113943,5611,3832,1779
48439113944,5191,3454,1737
48439113945,3743,2523,1220
48439113946,5565,3969,1596
48439113947,3963,2642,1321
48439113948,5402,3695,1707
48439113949,3121,2046,1075
48439113950,7052,5052,2000
48439113951,3291,2738,553
48439113952,5462,4071,1391
48439113953,7238,5094,2144
48439113954,3963,3003,960
48439113955,3512,2483,1029
48439113956,5121,3597,1524
48439113957,4853,3321,1532
48439113958,2479,1819,660
48439114003,9398,6779,2619
48439114006,6775,5101,1674
48439114009,7464,5156,2308
48439114010,6860,4644,2216
48439114011,7156,5028,2128
48439114012,9715,6456,3259
48439114013,7178,4843,2335
48439114014,6576,4882,1694
48439114015,2521,1838,683
48439114105,4099,3114,985
48439114106,6768,4667,2101
48439114107,4428,3396,1032
48439114108,5028,4028,1000
48439114109,13840,9437,4403
48439114110,8809,6003,2806
48439114111,2680,1919,761
48439114112,5902,4031,1871
48439114113,4878,3081,1797
48439114203,6674,5200,1474
48439114204,7228,5461,1767
48439114205,3634,2887,747
48439114206,4362,3466,896
48439114207,7302,5417,1885
48439121605,2958,2395,563
48439121606,3381,2647,734
48439121608,5120,4020,1100
48439121609,6092,4804,1288
48439121610,2533,1971,562
48439121611,4589,3463,1126
48439121612,3514,2807,707
48439121613,4332,3269,1063
48439121614,2863,1910,953
48439121615,3859,3020,839
48439121702,2221,1920,301
48439121703,5150,3666,1484
48439121704,3165,2237,928
48439121904,4724,3251,1473
48439121905,5403,3927,1476
48439121906,4283,2862,1421
48439121907,4071,2677,1394
48439121908,1321,853,468
48439122001,4132,2879,1253
48439122002,4479,3095,1384
48439122100,7072,4930,2142
48439122200,2095,1538,557
48439122300,5642,5279,363
48439122401,2387,1962,425
48439122402,5731,5256,475
48439122500,4176,3288,888
48439122600,4071,3159,912
48439122701,2558,1948,610
48439122702,2772,2241,531
48439122801,3404,2415,989
48439122802,4585,3345,1240
48439122901,3979,2719,1260
48439122902,3583,2454,1129
48439123001,3415,2836,579
48439123002,3109,2454,655
48439123100,3886,2972,914
48439123200,3121,2682,439
48439123301,2511,2394,117
48439123302,6345,6107,238
48439123500,3598,2472,1126
48439123600,3558,2946,612
48439123700,3623,3048,575
48441010100,6461,5688,773
48441010200,2755,2239,516
48441010300,2097,1485,612
48441010400,2002,1516,486
48441010500,3335,2370,965
48441010600,3990,2887,1103
48441010700,3564,2522,1042
48441010800,1581,1178,403
48441010900,6057,4746,1311
48441011000,1116,873,243
48441011200,2645,1959,686
48441011300,4093,3004,1089
48441011400,4665,3474,1191
48441011500,2884,2256,628
48441011600,2563,1985,578
48441011700,2193,1675,518
48441011900,2060,1525,535
48441012000,2069,1709,360
48441012100,341,298,43
48441012200,2783,2246,537
48441012300,4416,3297,1119
48441012400,2610,1977,633
48441012500,3401,2637,764
48441012600,3281,2535,746
48441012701,4696,3780,916
48441012702,3759,2991,768
48441012801,3435,2888,547
48441012802,4026,3255,771
48441012900,2380,1367,1013
48441013000,603,521,82
48441013100,6031,4404,1627
48441013200,1962,1528,434
48441013300,3430,2651,779
48441013401,3851,2845,1006
48441013402,9849,7100,2749
48441013404,11223,7969,3254
48441013501,2389,1861,528
48441013502,7032,5073,1959
48441013601,2999,2199,800
48441013602,2581,2052,529
48443950100,760,616,144
48445950100,2404,1649,755
48445950300,2076,1667,409
48445950400,7351,5266,2085
48447950300,1440,1128,312
48449950100,2106,1592,514
48449950200,2507,1901,606
48449950301,3938,2881,1057
48449950302,4066,2959,1107
48449950400,5463,4030,1433
48449950500,2779,1902,877
48449950600,4070,2903,1167
48449950700,1429,978,451
48449950800,4889,3509,1380
48451000100,2508,1953,555
48451000200,4506,3314,1192
48451000300,6514,4530,1984
48451000400,5738,4371,1367
48451000700,4213,3163,1050
48451000801,4703,3464,1239
48451000802,4742,3303,1439
48451000900,2498,2086,412
48451001000,5160,4058,1102
48451001101,5978,4485,1493
48451001102,4735,3535,1200
48451001200,7557,5593,1964
48451001301,6451,5190,1261
48451001303,4475,3427,1048
48451001304,3222,2663,559
48451001401,3832,3046,786
48451001402,1781,1379,402
48451001500,1776,1665,111
48451001600,5653,4138,1515
48451001702,3594,2734,860
48451001706,3776,2991,785
48451001707,7210,5693,1517
48451001708,7023,5528,1495
48451001709,5224,3948,1276
48451001710,4561,3585,976
48451001800,2564,1909,655
48453000101,4469,3620,849
48453000102,2597,2083,514
48453000203,2537,2391,146
48453000204,3167,2695,472
48453000205,4186,3793,393
48453000206,3201,2659,542
48453000302,5245,4716,529
48453000304,3068,2749,319
48453000305,3773,3427,346
48453000307,1841,1517,324
48453000308,2698,2122,576
48453000309,5602,4528,1074
48453000401,4477,4131,346
48453000402,3625,3284,341
48453000500,4490,4202,288
48453000601,8580,8466,114
48453000605,4645,4276,369
48453000606,5012,4654,358
48453000607,4268,3987,281
48453000608,5286,4443,843
48453000700,1411,1330,81
48453000801,1730,1440,290
48453000802,3330,2480,850
48453000803,3158,2800,358
48453000804,2419,1919,500
48453000901,2719,2466,253
48453000902,7803,7018,785
48453001000,3445,3088,357
48453001101,2258,2200,58
48453001102,4013,3838,175
48453001103,3339,3244,95
48453001200,6173,5699,474
48453001304,4087,3408,679
48453001307,3743,3253,490
48453001308,2927,2706,221
48453001309,2707,2417,290
48453001310,3489,3310,179
48453001311,1656,1584,72
48453001312,4575,3680,895
48453001401,2876,2664,212
48453001402,2552,2248,304
48453001403,1391,1243,148
48453001501,5457,4149,1308
48453001503,4802,4306,496
48453001504,6374,5244,1130
48453001505,4843,4003,840
48453001602,3084,2629,455
48453001603,4789,3464,1325
48453001604,4147,3139,1008
48453001605,3889,3268,621
48453001606,228,218,10
48453001910,4914,3613,1301
48453001911,2948,2679,269
48453001912,4385,3226,1159
48453001913,5009,3570,1439
48453001914,6805,5521,1284
48453001915,3404,3013,391
48453001916,3366,2325,1041
48453001917,5005,3516,1489
48453001918,2609,2016,593
48453001919,3767,2623,1144
48453001920,6872,5289,1583
48453001921,3696,3098,598
48453001922,2324,1911,413
48453001923,3274,2789,485
48453002002,2975,2582,393
48453002003,4005,3491,514
48453002004,3041,2896,145
48453002006,2890,2348,542
48453002007,2271,2072,199
48453002104,2707,2243,464
48453002105,4614,3773,841
48453002106,2952,2325,627
48453002107,3681,3030,651
48453002108,3836,3082,754
48453002109,3834,3317,517
48453002110,4278,3283,995
48453002111,4987,3765,1222
48453002112,5236,4163,1073
48453002113,3484,2839,645
48453002201,2114,1598,516
48453002211,3592,2595,997
48453002213,5253,3565,1688
48453002214,3624,2838,786
48453002215,4182,2763,1419
48453002216,10133,7376,2757
48453002217,5967,4133,1834
48453002218,5160,3571,1589
48453002219,6614,4675,1939
48453002220,3795,2452,1343
48453002221,2709,1684,1025
48453002222,4214,2928,1286
48453002304,4166,4037,129
48453002307,5325,4731,594
48453002310,3090,2094,996
48453002313,4192,3397,795
48453002314,5999,5199,800
48453002315,3027,2599,428
48453002316,4737,3884,853
48453002319,2330,2316,14
48453002320,3940,2853,1087
48453002321,4725,3490,1235
48453002322,2011,1650,361
48453002323,4470,3818,652
48453002324,1671,1449,222
48453002325,4352,3204,1148
48453002326,1307,1109,198
48453002327,4321,3766,555
48453002403,2706,2306,400
48453002407,9856,8287,1569
48453002409,3327,2849,478
48453002410,3542,2917,625
48453002411,5730,4060,1670
48453002412,5109,3726,1383
48453002413,4193,2778,1415
48453002419,4839,3698,1141
48453002422,6118,5123,995
48453002423,6457,5403,1054
48453002424,3500,2887,613
48453002430,2267,1634,633
48453002432,4097,3194,903
48453002434,2110,1502,608
48453002436,3054,2202,852
48453002437,4432,3796,636
48453002438,7319,6123,1196
48453002439,3265,2457,808
48453002440,6905,5044,1861
48453002441,5407,3907,1500
48453002442,3426,2471,955
48453002443,4088,3677,411
48453002444,4226,3555,671
48453002445,8161,6231,1930
48453002446,1453,1310,143
48453002447,3393,2588,805
48453002448,7222,5518,1704
48453002449,6501,4413,2088
48453002450,3538,2477,1061
48453002451,7587,6370,1217
48453002452,2180,1479,701
48453002453,6085,4228,1857
48453002500,5540,4607,933
48453030000,4933,3850,1083
48453030100,3607,2982,625
48453030200,4754,3861,893
48453030300,4238,3661,577
48453030400,4560,3823,737
48453030500,6521,5258,1263
48453030600,5879,4804,1075
48453030700,3979,3132,847
48453030800,3893,3494,399
48453030900,7195,5997,1198
48453031000,4981,4149,832
48453031100,4241,3190,1051
48453031200,6661,5170,1491
48453031300,4527,3621,906
48453031400,4783,3965,818
48453031500,7498,5627,1871
48453031600,2365,1904,461
48453031700,4509,3785,724
48453031800,5255,4106,1149
48453031900,6160,4816,1344
48453032000,6301,5104,1197
48453032100,5434,4793,641
48453032200,2251,1733,518
48453032300,3908,3428,480
48453032400,1558,1465,93
48453032500,4759,3965,794
48453032600,5829,4287,1542
48453032700,4159,3216,943
48453032800,2206,1864,342
48453032900,7748,6021,1727
48453033000,7074,5802,1272
48453033100,4710,3839,871
48453033200,5068,3862,1206
48453033300,9564,6649,2915
48453033400,2720,2233,487
48453033500,5460,4362,1098
48453033600,4819,3948,871
48453033700,2495,1848,647
48453033800,5004,3691,1313
48453033900,5638,4064,1574
48453034000,7381,5093,2288
48453034100,5615,4715,900
48453034200,6365,5128,1237
48453034300,4893,3539,1354
48453034400,3378,2583,795
48453034500,2346,1632,714
48453034600,4889,3982,907
48453034700,5683,4347,1336
48453034800,5129,3668,1461
48453034900,7596,5094,2502
48453035000,7266,5051,2215
48453035100,4242,2927,1315
48453035200,3999,3186,813
48453035300,2022,1718,304
48453035400,5518,3899,1619
48453035500,4437,2886,1551
48453035600,2033,1635,398
48453035700,4785,3330,1455
48453035800,4420,3503,917
48453035900,3176,2405,771
48453036000,1994,1434,560
48453036100,4899,3414,1485
48453036200,2683,1982,701
48453036300,1613,1263,350
48453036400,2299,1969,330
48453036500,7797,5194,2603
48453036600,8848,6470,2378
48453036700,7934,5202,2732
48453036800,4462,3079,1383
48453036900,4442,3663,779
48453037000,6281,4782,1499
48453037100,2629,1962,667
48453037200,6211,4504,1707
48453037300,3234,2596,638
48453037400,4591,3786,805
48453037500,1602,1338,264
48453037600,3535,2980,555
48453040000,6361,4991,1370
48453040100,4302,3298,1004
48453040200,3013,2308,705
48453040300,7645,5255,2390
48453040400,3962,3478,484
48453040500,5312,4072,1240
48453040600,3929,2841,1088
48453040700,7248,5259,1989
48453040800,5056,3878,1178
48453040900,6562,4832,1730
48453041000,7089,5053,2036
48453041100,1762,1462,300
48453041200,2811,2319,492
48453041300,4285,3337,948
48453041400,2538,2225,313
48453041500,2659,2106,553
48453041600,7549,5880,1669
48453041700,2158,1811,347
48453041800,3675,2982,693
48453041900,3237,2640,597
48453042000,2436,1964,472
48453042100,5088,4150,938
48453042200,4008,3423,585
48453042300,3364,2667,697
48453042400,11722,8921,2801
48453042500,7341,5179,2162
48453042600,4134,3173,961
48453042700,4347,3374,973
48453042800,6343,4916,1427
48453042900,3218,2577,641
48453043000,3774,3257,517
48453043100,3005,2320,685
48453043200,2923,2135,788
48453043300,3708,2677,1031
48453043400,3657,2951,706
48453043500,7281,5826,1455
48453043600,3854,3215,639
48453043700,2332,1707,625
48453043800,3272,2618,654
48453043900,8592,6698,1894
48453044000,3167,2630,537
48453044100,3933,3032,901
48453044200,5344,4451,893
48453044300,7018,5063,1955
48453044400,6540,4783,1757
48453044500,3172,2603,569
48453044600,5112,3786,1326
48453044700,2026,1556,470
48453044800,4788,3349,1439
48453044900,8901,6254,2647
48453045000,2554,2028,526
48453045100,2812,2247,565
48453045200,4226,3472,754
48453045300,4120,3769,351
48453045400,6785,6473,312
48453045500,2967,2314,653
48453045600,5619,4318,1301
48453045700,3687,2740,947
48453045800,2708,1910,798
48453045900,11718,8162,3556
48453046000,4899,3455,1444
48453046100,6972,5252,1720
48453046200,7446,5687,1759
48453046300,2175,1738,437
48453046400,3537,2722,815
48453046500,3407,2799,608
48453046600,5415,3801,1614
48453046700,3750,2694,1056
48453046800,11615,7755,3860
48453046900,9175,6179,2996
48453047000,1571,1197,374
48455950100,2422,1919,503
48455950200,3627,2987,640
48455950300,1695,1367,328
48455950400,3935,3287,648
48455950500,1923,1422,501
48457950100,2709,2114,595
48457950201,3260,2957,303
48457950202,3757,3071,686
48457950300,2329,1765,564
48457950400,4672,3659,1013
48457950500,3071,2409,662
48459950101,4219,3169,1050
48459950102,4643,3349,1294
48459950200,3750,2907,843
48459950301,4620,3433,1187
48459950302,4310,3270,1040
48459950400,4382,3280,1102
48459950501,3006,2316,690
48459950502,2613,2045,568
48459950600,4151,3120,1031
48459950700,5198,3965,1233
48461950100,1089,808,281
48461950200,2219,1630,589
48463950100,2614,2095,519
48463950201,2440,1881,559
48463950202,4679,3545,1134
48463950300,6283,4644,1639
48463950400,3351,2519,832
48463950500,5197,3796,1401
48465950202,4713,3423,1290
48465950203,4839,3457,1382
48465950301,4623,3296,1327
48465950302,3718,2726,992
48465950400,3351,2445,906
48465950501,2392,1910,482
48465950502,5050,3910,1140
48465950601,3648,2543,1105
48465950602,3596,2664,932
48465950701,2512,1849,663
48465950702,3624,2612,1012
48465950801,3587,2582,1005
48465950802,1933,1554,379
48467950100,5193,4078,1115
48467950200,3444,2511,933
48467950300,5112,3935,1177
48467950400,5980,4664,1316
48467950500,4945,3606,1339
48467950601,4245,3360,885
48467950602,4376,3388,988
48467950700,4749,3572,1177
48467950801,4639,3463,1176
48467950802,1536,1217,319
48467950901,5065,4053,1012
48467950902,3144,2466,678
48467951001,2602,2113,489
48467951002,4511,3544,967
48469000100,1767,1437,330
48469000201,2992,2132,860
48469000202,5797,4212,1585
48469000301,1865,1333,532
48469000302,2196,1571,625
48469000400,1662,1327,335
48469000501,4006,2899,1107
48469000502,3587,2613,974
48469000601,2656,2020,636
48469000602,3975,3112,863
48469000700,3449,2652,797
48469000800,2154,1597,557
48469001300,2289,1813,476
48469001401,4229,3248,981
48469001402,4377,3478,899
48469001501,3634,2785,849
48469001503,2401,1891,510
48469001504,8664,6589,2075
48469001601,6410,4554,1856
48469001604,6496,4788,1708
48469001605,3387,2619,768
48469001607,4193,3291,902
48469001608,5237,4038,1199
48469001700,3896,2804,1092
48471790101,7170,6747,423
48471790102,4039,3033,1006
48471790103,5642,4438,1204
48471790200,7162,5734,1428
48471790301,3661,2944,717
48471790302,7092,5895,1197
48471790401,7277,6561,716
48471790402,4918,4407,511
48471790500,7609,6632,977
48471790600,5209,4239,970
48471790700,8658,7229,1429
48471790800,7963,6984,979
48473680100,9840,6802,3038
48473680201,5454,4069,1385
48473680202,5690,4105,1585
48473680301,3596,2699,897
48473680302,2911,2253,658
48473680303,4632,3455,1177
48473680501,4879,3656,1223
48473680502,4337,3302,1035
48473680601,2639,1919,720
48473680602,6975,5193,1782
48473980000,5841,5746,95
48475950100,4201,3079,1122
48475950200,4233,3064,1169
48475950300,3210,2343,867
48477170100,3573,2703,870
48477170201,3612,2689,923
48477170202,3053,2415,638
48477170300,6428,4995,1433
48477170400,6990,5682,1308
48477170501,3290,2666,624
48477170502,3666,2935,731
48477170601,3175,2573,602
48477170602,2018,1603,415
48479000101,4072,2926,1146
48479000105,2339,1633,706
48479000106,3471,2449,1022
48479000107,2758,1820,938
48479000108,3499,2281,1218
48479000109,2215,1535,680
48479000200,3810,2619,1191
48479000300,1927,1363,564
48479000601,2528,1770,758
48479000602,2135,1451,684
48479000700,2517,1770,747
48479000800,2394,1669,725
48479000901,4468,3286,1182
48479000903,2124,1422,702
48479000904,3074,2145,929
48479001001,4300,3136,1164
48479001003,2931,2150,781
48479001004,1818,1287,531
48479001101,3584,2478,1106
48479001103,1549,1056,493
48479001104,3052,2250,802
48479001105,2507,1760,747
48479001201,2504,1876,628
48479001202,2614,1762,852
48479001300,3290,2283,1007
48479001401,3309,2366,943
48479001402,3004,2080,924
48479001501,2644,1902,742
48479001502,4391,3241,1150
48479001601,4102,3232,870
48479001602,7810,5484,2326
48479001706,4851,3543,1308
48479001709,6227,4770,1457
48479001710,1258,888,370
48479001711,8052,5206,2846
48479001714,5148,3875,1273
48479001715,8028,5437,2591
48479001716,5128,3868,1260
48479001717,2915,2061,854
48479001718,2313,1804,509
48479001719,3369,2546,823
48479001720,5640,4194,1446
48479001721,2022,1640,382
48479001722,8276,6152,2124
48479001723,4034,2936,1098
48479001724,3122,2383,739
48479001725,5877,4155,1722
48479001726,4990,3691,1299
48479001727,7699,4877,2822
48479001806,8527,5102,3425
48479001809,10372,6271,4101
48479001810,6731,4344,2387
48479001811,4160,3102,1058
48479001813,780,566,214
48479001815,1211,834,377
48479001816,4396,3006,1390
48479001818,2578,1791,787
48479001819,5263,3512,1751
48479001820,4772,3483,1289
48479001821,3412,2331,1081
48479001822,3136,2149,987
48479001823,4692,3030,1662
48479001824,4669,3038,1631
48479001825,4354,2806,1548
48479001826,3962,2455,1507
48479001827,656,627,29
48479001828,4500,2965,1535
48479001900,3242,2529,713
48481740100,5678,4427,1251
48481740200,1550,1187,363
48481740300,1315,951,364
48481740400,5932,4630,1302
48481740500,3457,2712,745
48481740600,3767,2823,944
48481740700,1824,1265,559
48481740800,3861,2756,1105
48481740901,3254,2471,783
48481740902,4315,3271,1044
48481741000,4308,3038,1270
48481741100,2309,1783,526
48483950100,2709,2065,644
48483950300,2281,1708,573
48485010100,1573,1359,214
48485010200,1067,832,235
48485010400,2164,1491,673
48485010600,2302,1772,530
48485010700,2493,1842,651
48485010800,2378,1768,610
48485010900,1622,1266,356
48485011000,2306,1798,508
48485011100,1419,1019,400
48485011200,2145,1597,548
48485011300,1205,941,264
48485011400,2321,1632,689
48485011500,2380,1751,629
48485011600,4148,3018,1130
48485011700,2447,1975,472
48485011800,1990,1576,414
48485011901,2457,2020,437
48485011902,1428,1137,291
48485012001,3073,2576,497
48485012002,3305,3006,299
48485012100,3139,2348,791
48485012201,2639,2106,533
48485012202,4458,3401,1057
48485012301,5763,4241,1522
48485012302,2457,1750,707
48485012401,2696,2002,694
48485012402,5019,3846,1173
48485012600,3987,3192,795
48485012700,2347,1817,530
48485012800,4493,3513,980
48485012900,2511,2023,488
48485013000,2240,1645,595
48485013100,8129,6938,1191
48485013201,3230,2514,716
48485013202,2982,2314,668
48485013300,1278,779,499
48485013401,5071,4761,310
48485013502,5262,3934,1328
48485013503,2867,2168,699
48485013504,2393,1813,580
48485013600,5906,4398,1508
48485013700,2301,1791,510
48485013800,3959,3022,937
48487950300,2122,1742,380
48487950500,2522,2018,504
48487950600,5875,4413,1462
48487950700,2368,1748,620
48489950300,4787,3385,1402
48489950400,7526,6163,1363
48489950500,3089,2271,818
48489950600,2363,1806,557
48489950700,2399,1859,540
48491020106,3924,3106,818
48491020108,3908,3255,653
48491020109,4835,3716,1119
48491020111,3179,2634,545
48491020113,2679,2044,635
48491020114,5422,4036,1386
48491020115,5577,4244,1333
48491020116,3637,3627,10
48491020117,2213,2151,62
48491020118,4383,4252,131
48491020119,2499,2322,177
48491020120,4994,3441,1553
48491020121,2706,2321,385
48491020122,2556,2103,453
48491020123,3051,2528,523
48491020124,5929,4290,1639
48491020201,1849,1409,440
48491020203,3404,3234,170
48491020205,4535,3563,972
48491020206,2530,1892,638
48491020207,5608,3998,1610
48491020208,3058,2222,836
48491020310,5351,3777,1574
48491020311,10330,7900,2430
48491020319,7209,5045,2164
48491020321,2610,1955,655
48491020323,2714,1887,827
48491020325,2359,1686,673
48491020326,6699,4713,1986
48491020327,3957,2862,1095
48491020329,8540,5888,2652
48491020330,5187,3784,1403
48491020331,6358,4483,1875
48491020332,4181,2944,1237
48491020333,4908,3711,1197
48491020334,6344,5196,1148
48491020335,3901,2987,914
48491020336,4905,3812,1093
48491020337,4924,3497,1427
48491020338,5147,3673,1474
48491020339,2950,2143,807
48491020340,3106,2330,776
48491020341,2936,2155,781
48491020342,2953,2052,901
48491020343,2140,1599,541
48491020344,4426,3218,1208
48491020345,9433,6027,3406
48491020346,1360,1038,322
48491020347,3522,2412,1110
48491020348,3309,2476,833
48491020349,3357,2609,748
48491020350,6664,4561,2103
48491020351,5370,3935,1435
48491020352,2363,1888,475
48491020353,3201,2566,635
48491020354,3987,2922,1065
48491020355,3570,2587,983
48491020356,3446,2950,496
48491020403,2555,2022,533
48491020404,3437,2699,738
48491020405,6681,5150,1531
48491020406,7012,5893,1119
48491020408,5460,4389,1071
48491020409,6859,5613,1246
48491020410,5849,4736,1113
48491020411,6115,4753,1362
48491020503,6258,4704,1554
48491020505,2632,1959,673
48491020507,3703,2636,1067
48491020508,5655,4265,1390
48491020509,7017,4832,2185
48491020511,3255,2459,796
48491020512,3907,3224,683
48491020513,2928,2410,518
48491020514,4522,3160,1362
48491020515,4639,3410,1229
48491020516,6548,4231,2317
48491020517,5943,4308,1635
48491020602,5115,3762,1353
48491020604,9645,6410,3235
48491020606,4284,2780,1504
48491020607,6395,4146,2249
48491020608,6947,4680,2267
48491020609,2297,1726,571
48491020701,2788,2236,552
48491020704,5698,4358,1340
48491020706,4636,3291,1345
48491020707,6229,4651,1578
48491020709,4306,3451,855
48491020710,3400,2535,865
48491020711,5172,3555,1617
48491020712,5038,3609,1429
48491020713,3501,2597,904
48491020808,1747,1369,378
48491020810,6538,4490,2048
48491020811,4279,2976,1303
48491020812,5470,3783,1687
48491020813,6343,4460,1883
48491020814,5506,3823,1683
48491020815,1926,1475,451
48491020816,6634,5089,1545
48491020817,5942,4308,1634
48491020818,7925,5475,2450
48491020819,1169,900,269
48491020820,6511,4453,2058
48491020821,2820,2149,671
48491020822,4458,3426,1032
48491020900,5573,4328,1245
48491021000,3003,2279,724
48491021100,2636,1960,676
48491021201,2971,2277,694
48491021202,4177,3103,1074
48491021203,2699,2163,536
48491021300,3794,2965,829
48491021402,3991,3280,711
48491021404,5611,3909,1702
48491021405,6049,4762,1287
48491021406,4362,3317,1045
48491021407,4498,3123,1375
48491021502,4901,3439,1462
48491021503,4206,3236,970
48491021506,3383,2348,1035
48491021509,5834,4124,1710
48491021510,5761,4355,1406
48491021511,2341,1699,642
48491021512,4750,3489,1261
48491021513,3026,2397,629
48491021514,4256,3290,966
48491021515,4553,3270,1283
48491021516,2663,2141,522
48491021517,3783,2820,963
48491021518,3916,2849,1067
48491021601,9951,6950,3001
48491021602,4118,2940,1178
48491021603,2324,1760,564
48493000102,4441,3332,1109
48493000103,3463,2657,806
48493000104,4956,3740,1216
48493000201,2442,1857,585
48493000202,2157,1662,495
48493000300,5744,4266,1478
48493000402,2803,2103,700
48493000404,7686,5755,1931
48493000405,2582,1960,622
48493000406,5470,4308,1162
48493000500,4235,3244,991
48493000600,3774,2887,887
48495950200,2378,1696,682
48495950300,3905,2789,1116
48495950400,1508,1117,391
48497150101,4348,3358,990
48497150103,5462,4050,1412
48497150104,3431,2662,769
48497150201,2691,2046,645
48497150202,3761,2785,976
48497150300,3194,2415,779
48497150402,6317,4988,1329
48497150403,4519,3416,1103
48497150404,2732,2091,641
48497150405,3863,3161,702
48497150500,6025,4218,1807
48497150603,4990,3669,1321
48497150604,4590,3528,1062
48497150605,4901,3759,1142
48497150606,3283,2353,930
48497150607,4525,3337,1188
48499950100,5109,4123,986
48499950200,3670,2998,672
48499950301,3726,2961,765
48499950303,3451,2939,512
48499950304,2544,2222,322
48499950401,2000,1593,407
48499950402,2757,2250,507
48499950500,2415,1896,519
48499950601,4087,3314,773
48499950602,4344,3827,517
48499950700,5616,4467,1149
48499950800,5124,3961,1163
48501950100,1877,1334,543
48501950200,5817,4139,1678
48503950200,4175,3203,972
48503950401,2318,1801,517
48503950402,3277,2611,666
48503950500,2514,1835,679
48503950600,5583,4198,1385
48505950303,1301,905,396
48505950304,3029,1999,1030
48505950305,2344,1680,664
48505950306,2163,1560,603
48505950401,2485,1665,820
48505950402,2567,1783,784
48507950100,855,650,205
48507950200,1483,1071,412
48507950301,1744,1172,572
48507950302,5588,4026,1562
49001100100,4426,3114,1312
49001100200,2646,1796,850
49003960100,3498,2354,1144
49003960200,8037,5409,2628
49003960301,4500,3016,1484
49003960302,5746,3651,2095
49003960400,5350,3713,1637
49003960500,5311,3724,1587
49003960601,3695,2617,1078
49003960602,2620,1943,677
49003960701,5379,3732,1647
49003960702,2893,2066,827
49003960801,5166,3553,1613
49003960802,5471,3633,1838
49005000101,5201,3445,1756
49005000102,1682,1164,518
49005000201,4273,2785,1488
49005000202,10042,6419,3623
49005000301,2312,1560,752
49005000302,5869,3846,2023
49005000401,4947,3815,1132
49005000402,4567,2979,1588
49005000403,6530,4272,2258
49005000501,5247,3955,1292
49005000502,6714,4891,1823
49005000601,4277,3888,389
49005000602,4107,3495,612
49005000701,4947,3921,1026
49005000702,3480,3236,244
49005000800,4737,4156,581
49005000900,3206,2528,678
49005001001,2882,1936,946
49005001002,4626,3357,1269
49005001101,5816,4000,1816
49005001102,5246,3818,1428
49005001201,6226,3932,2294
49005001202,7230,4373,2857
49005001300,7159,4629,2530
49005001401,5392,3427,1965
49005001402,4149,2707,1442
49005001500,2175,1540,635
49005980100,115,87,28
49007000100,3236,2354,882
49007000200,4211,3159,1052
49007000300,4202,3181,1021
49007000500,4010,2940,1070
49007000600,4753,3551,1202
49009960100,935,716,219
49011125102,4290,3113,1177
49011125103,7390,4856,2534
49011125104,6064,4302,1762
49011125201,3548,2069,1479
49011125301,5386,3870,1516
49011125304,5606,3733,1873
49011125305,6449,4527,1922
49011125306,4335,2812,1523
49011125307,8734,5704,3030
49011125407,8219,5467,2752
49011125408,6670,4200,2470
49011125409,5271,3364,1907
49011125410,4223,2696,1527
49011125411,6523,4063,2460
49011125412,2918,1857,1061
49011125413,6232,3921,2311
49011125414,5271,3251,2020
49011125415,5093,3050,2043
49011125501,6741,4549,2192
49011125502,5555,3819,1736
49011125503,5657,3563,2094
49011125600,239,166,73
49011125701,4972,3589,1383
49011125702,3943,2850,1093
49011125801,7086,5127,1959
49011125804,6480,4595,1885
49011125805,6377,4512,1865
49011125807,3675,2623,1052
49011125809,4513,3486,1027
49011125810,2875,2197,678
49011125905,6701,4811,1890
49011125906,7987,5587,2400
49011125907,2596,1970,626
49011125908,5201,3755,1446
49011126001,5835,4093,1742
49011126002,7994,4960,3034
49011126101,6670,4632,2038
49011126105,6436,4163,2273
49011126106,4590,2772,1818
49011126107,3889,2382,1507
49011126108,6625,3713,2912
49011126203,4517,3101,1416
49011126204,5304,3634,1670
49011126205,6615,4359,2256
49011126206,7040,4094,2946
49011126303,4723,3268,1455
49011126304,6955,4872,2083
49011126305,2556,1737,819
49011126306,7585,5610,1975
49011126402,3606,2640,966
49011126404,8413,5910,2503
49011126405,3779,2749,1030
49011126406,4770,3442,1328
49011126500,6551,4538,2013
49011126600,5502,4130,1372
49011126700,4218,3130,1088
49011126801,3534,2440,1094
49011126802,5052,3608,1444
49011126901,6123,4433,1690
49011126902,7142,5201,1941
49011127002,8272,5541,2731
49011127003,8446,5518,2928
49011127005,3899,2443,1456
49011127006,4130,2910,1220
49011127100,8538,5809,2729
49011980000,550,498,52
49013940300,3994,2897,1097
49013940501,2888,1927,961
49013940502,5619,3540,2079
49013940600,7095,4904,2191
49015976200,3844,2674,1170
49015976300,2903,2075,828
49015976500,3078,2207,871
49017000300,2342,1760,582
49017000400,2741,2121,620
49019000200,4676,3656,1020
49019000301,2470,1965,505
49019000302,2523,2001,522
49021110100,4434,3272,1162
49021110201,4488,2937,1551
49021110202,5294,3411,1883
49021110300,4527,2965,1562
49021110400,5031,4182,849
49021110501,7022,4962,2060
49021110502,4602,3345,1257
49021110601,1980,1661,319
49021110602,4751,3496,1255
49021110702,6609,4638,1971
49021110703,4645,3295,1350
49021110704,3906,2866,1040
49023010100,6653,4492,2161
49023010200,5133,3264,1869
49025130100,2392,1851,541
49025130200,5275,4064,1211
49027974100,5040,3353,1687
49027974200,2918,2050,868
49027974300,5017,3532,1485
49029970101,6568,4141,2427
49029970102,4058,2713,1345
49029970200,1669,1142,527
49031960100,1438,1092,346
49033950100,2510,1743,767
49035100100,2987,2666,321
49035100200,1333,1109,224
49035100306,6043,4586,1457
49035100307,4968,3410,1558
49035100308,4025,2771,1254
49035100500,5893,4443,1450
49035100600,6699,5107,1592
49035100700,2683,2381,302
49035100800,2562,2346,216
49035101000,3127,2582,545
49035101101,1973,1733,240
49035101102,3431,3102,329
49035101200,3972,3459,513
49035101401,2171,1768,403
49035101402,4339,4017,322
49035101500,3288,3059,229
49035101600,3742,3405,337
49035101700,3582,3336,246
49035101800,3347,3082,265
49035101900,3103,2954,149
49035102000,2837,2541,296
49035102100,2378,2036,342
49035102300,3153,2749,404
49035102501,3134,2838,296
49035102502,2062,1928,134
49035102600,4391,3317,1074
49035102701,4752,3454,1298
49035102702,3704,2447,1257
49035102801,5919,4172,1747
49035102802,4888,3424,1464
49035102900,5768,4634,1134
49035103000,2756,2344,412
49035103100,4144,3399,745
49035103200,4433,3819,614
49035103300,4256,3822,434
49035103400,4167,3487,680
49035103500,4031,3281,750
49035103600,2671,2054,617
49035103700,2631,2047,584
49035103800,2325,1907,418
49035103900,3605,2898,707
49035104000,3302,2470,832
49035104100,2941,2148,793
49035104200,6895,5445,1450
49035104300,2901,2372,529
49035104400,2067,1464,603
49035104700,4818,3851,967
49035104800,5263,4153,1110
49035104900,3135,2649,486
49035110103,3562,2810,752
49035110104,5557,4258,1299
49035110105,2011,1550,461
49035110106,2519,2046,473
49035110200,5070,3789,1281
49035110300,5802,4478,1324
49035110401,3401,2628,773
49035110402,3873,2858,1015
49035110500,6425,4715,1710
49035110600,5825,4241,1584
49035110701,3798,2900,898
49035110702,5199,3700,1499
49035110800,5813,4621,1192
49035110900,4923,3584,1339
49035111001,4594,3488,1106
49035111002,5627,4373,1254
49035111104,2982,2351,631
49035111105,3847,3100,747
49035111106,3118,2525,593
49035111107,3090,2527,563
49035111108,3332,2626,706
49035111109,3233,2667,566
49035111201,2632,2046,586
49035111202,4664,3638,1026
49035111302,5878,4643,1235
49035111304,3692,2897,795
49035111305,3872,2937,935
49035111306,2454,1964,490
49035111400,6976,5855,1121
49035111500,2529,2115,414
49035111601,4449,3348,1101
49035111602,6762,5634,1128
49035111701,5452,4057,1395
49035111702,4407,3472,935
49035111801,5762,4610,1152
49035111802,2777,2357,420
49035111903,4113,3402,711
49035111904,3624,3099,525
49035111905,3806,3151,655
49035111906,4524,3501,1023
49035112001,3362,2766,596
49035112002,4871,4003,868
49035112101,5058,3962,1096
49035112102,5041,3869,1172
49035112201,5018,3885,1133
49035112202,4005,3183,822
49035112301,3815,2893,922
49035112302,3623,2798,825
49035112402,7498,5296,2202
49035112404,4578,3554,1024
49035112405,6241,4678,1563
49035112406,3394,2487,907
49035112501,4027,3100,927
49035112503,4832,3692,1140
49035112504,2995,2564,431
49035112505,3972,3139,833
49035112604,4767,3558,1209
49035112608,5165,3824,1341
49035112609,5402,3982,1420
49035112610,6292,4852,1440
49035112611,6681,5028,1653
49035112612,5440,4167,1273
49035112613,5264,3970,1294
49035112614,3575,2613,962
49035112615,2340,1650,690
49035112616,4239,3180,1059
49035112617,3354,2446,908
49035112618,3911,3044,867
49035112619,3111,2289,822
49035112620,3206,2443,763
49035112621,5540,4563,977
49035112700,5671,4300,1371
49035112804,5429,3910,1519
49035112805,5319,3779,1540
49035112812,5774,4349,1425
49035112813,5410,3960,1450
49035112814,4960,3712,1248
49035112815,5126,3705,1421
49035112816,5906,4237,1669
49035112818,3159,3151,8
49035112821,7038,4788,2250
49035112822,5269,3812,1457
49035112823,6165,4548,1617
49035112824,5722,4275,1447
49035112825,4874,3346,1528
49035112826,5253,3665,1588
49035112827,10862,6701,4161
49035112828,5063,3238,1825
49035112829,3181,2259,922
49035112830,5027,3596,1431
49035112831,3398,2393,1005
49035112904,6352,4582,1770
49035112905,5295,3950,1345
49035112907,4705,3444,1261
49035112912,2648,1861,787
49035112913,5158,3796,1362
49035112914,6548,4915,1633
49035112916,4736,3371,1365
49035112917,4168,2925,1243
49035112918,5362,3739,1623
49035112920,5155,3993,1162
49035112921,4280,3230,1050
49035113007,4947,3516,1431
49035113008,6285,4559,1726
49035113010,7371,5701,1670
49035113011,6567,4915,1652
49035113012,5837,4081,1756
49035113013,6130,4045,2085
49035113014,5273,3754,1519
49035113016,7420,4823,2597
49035113017,7279,5169,2110
49035113021,5887,3655,2232
49035113022,7589,4784,2805
49035113023,6756,4292,2464
49035113024,5388,3521,1867
49035113025,5320,3767,1553
49035113101,7013,4945,2068
49035113102,3766,2736,1030
49035113105,7886,4846,3040
49035113108,4035,2890,1145
49035113109,4823,2933,1890
49035113110,4399,2659,1740
49035113111,5210,3301,1909
49035113112,3726,2390,1336
49035113113,11122,7046,4076
49035113114,9861,6461,3400
49035113307,7413,4951,2462
49035113308,5196,3546,1650
49035113309,5111,3661,1450
49035113310,3143,2409,734
49035113311,4900,3608,1292
49035113312,3859,2650,1209
49035113313,3993,3153,840
49035113314,2821,2049,772
49035113406,6787,4584,2203
49035113408,7119,4986,2133
49035113409,5049,3567,1482
49035113410,6805,4989,1816
49035113411,2808,2106,702
49035113412,3018,2109,909
49035113413,5980,4459,1521
49035113414,6530,4603,1927
49035113415,5951,4003,1948
49035113505,6558,4747,1811
49035113509,7826,5444,2382
49035113510,3357,2562,795
49035113511,3900,2934,966
49035113512,3417,2848,569
49035113513,6186,4635,1551
49035113514,6757,4823,1934
49035113515,6168,4734,1434
49035113520,4101,3066,1035
49035113521,6493,4704,1789
49035113522,3281,2531,750
49035113523,6102,4470,1632
49035113526,5793,3994,1799
49035113527,4241,3010,1231
49035113528,4976,3476,1500
49035113532,3259,2493,766
49035113533,4918,3685,1233
49035113536,4201,2845,1356
49035113537,3699,2732,967
49035113538,3105,2265,840
49035113539,4883,3378,1505
49035113540,5367,3466,1901
49035113541,2545,1647,898
49035113542,4018,2485,1533
49035113543,4478,3069,1409
49035113544,4050,2874,1176
49035113545,3791,2506,1285
49035113600,5498,3970,1528
49035113701,4160,2970,1190
49035113702,2619,1852,767
49035113801,5939,4137,1802
49035113802,4371,3021,1350
49035113804,4809,3275,1534
49035113805,4178,2865,1313
49035113903,5403,3616,1787
49035113904,6039,4289,1750
49035113905,7667,5312,2355
49035113906,4888,3483,1405
49035113908,5272,3574,1698
49035113909,4119,2507,1612
49035114000,4344,3948,396
49035114100,3582,2998,584
49035114200,5161,3839,1322
49035114301,5511,4031,1480
49035114302,2833,2018,815
49035114303,10724,6598,4126
49035114304,5801,4120,1681
49035114500,7487,5239,2248
49035114601,5315,3829,1486
49035114602,2083,1591,492
49035114700,4620,3438,1182
49035114800,3654,2908,746
49035115107,6431,3921,2510
49035115108,8083,4849,3234
49035115109,7272,4699,2573
49035115210,8274,5713,2561
49035115211,7033,4587,2446
49037942000,3595,2593,1002
49037942100,2482,1785,697
49037978100,3562,2596,966
49037978200,4879,3368,1511
49039972101,4575,3182,1393
49039972102,3579,2533,1046
49039972200,4138,2760,1378
49039972300,5580,4407,1173
49039972401,1767,1205,562
49039972402,4174,3091,1083
49039972500,4624,3256,1368
49041975100,4603,3313,1290
49041975200,2624,1887,737
49041975300,5054,3419,1635
49041975400,4099,2727,1372
49041975500,5142,3727,1415
49043964101,2269,1584,685
49043964103,1308,1100,208
49043964104,2222,1602,620
49043964201,4438,3166,1272
49043964202,3216,2337,879
49043964203,192,149,43
49043964303,3276,2379,897
49043964304,5531,4183,1348
49043964305,2285,1843,442
49043964306,3397,2605,792
49043964307,5382,3915,1467
49043964308,3238,2643,595
49043964401,1473,1277,196
49043964402,4130,3223,907
49045130600,1717,1290,427
49045130701,5109,3481,1628
49045130704,6070,3865,2205
49045130705,5812,3597,2215
49045130706,6774,4333,2441
49045130707,3909,2716,1193
49045130708,7224,4523,2701
49045130800,6988,4828,2160
49045130900,5579,3764,1815
49045131001,2898,1837,1061
49045131003,3800,2713,1087
49045131004,2465,1587,878
49045131005,2198,1507,691
49045131101,4606,3113,1493
49045131102,3986,2878,1108
49045131200,3563,2707,856
49047940201,5552,3755,1797
49047968201,4912,3279,1633
49047968202,3586,2313,1273
49047968301,5921,3932,1989
49047968302,4752,3178,1574
49047968401,3589,2474,1115
49047968403,3707,2507,1200
49047968404,3601,2408,1193
49049000102,4785,3114,1671
49049000103,4323,2869,1454
49049000104,3200,2090,1110
49049000105,4073,2752,1321
49049000203,4751,3300,1451
49049000205,3875,2393,1482
49049000206,3747,2411,1336
49049000207,2551,1592,959
49049000208,4088,2701,1387
49049000400,5843,4290,1553
49049000504,4373,2977,1396
49049000505,3288,2211,1077
49049000506,4316,2913,1403
49049000507,2203,1434,769
49049000508,5309,3489,1820
49049000510,3748,2899,849
49049000511,5103,3670,1433
49049000601,4075,2719,1356
49049000603,4279,2967,1312
49049000604,3162,2208,954
49049000703,6141,4443,1698
49049000706,6370,4767,1603
49049000707,3948,2645,1303
49049000708,2951,1924,1027
49049000709,3127,2130,997
49049000710,2821,2041,780
49049000711,2325,1588,737
49049000801,5624,3940,1684
49049000803,2694,1948,746
49049000804,3150,2357,793
49049000901,5559,3986,1573
49049000903,3547,2407,1140
49049000904,3183,2180,1003
49049001001,3914,2728,1186
49049001002,2776,1927,849
49049001103,2731,2135,596
49049001105,3755,2865,890
49049001106,2967,2142,825
49049001107,3961,3018,943
49049001108,3574,2676,898
49049001201,5803,4451,1352
49049001202,5201,3748,1453
49049001300,3677,2792,885
49049001401,3710,2797,913
49049001403,2321,2070,251
49049001404,4011,3184,827
49049001501,4191,3044,1147
49049001503,3919,2726,1193
49049001504,4632,3464,1168
49049001601,4385,4063,322
49049001602,5380,5293,87
49049001701,3697,2632,1065
49049001702,4282,3507,775
49049001801,6062,5749,313
49049001802,7141,6673,468
49049001803,1945,1610,335
49049001900,4063,3702,361
49049002001,3357,2610,747
49049002002,3223,2164,1059
49049002101,4206,2988,1218
49049002102,3098,2105,993
49049002204,4520,2977,1543
49049002205,4427,2984,1443
49049002206,3314,2312,1002
49049002208,6588,4155,2433
49049002209,3869,3001,868
49049002210,2728,2356,372
49049002211,2117,1804,313
49049002212,5502,3516,1986
49049002213,3935,2670,1265
49049002300,3683,2686,997
49049002400,2149,1853,296
49049002500,4218,3260,958
49049002702,4975,3510,1465
49049002703,2794,1915,879
49049002901,8681,5205,3476
49049002902,3579,2483,1096
49049003001,4473,3087,1386
49049003002,2227,1515,712
49049003103,2814,1913,901
49049003104,4257,2813,1444
49049003105,3838,2719,1119
49049003106,2856,1851,1005
49049003201,2664,1849,815
49049003203,4014,2793,1221
49049003204,2725,1927,798
49049003205,3993,2721,1272
49049003301,4205,2518,1687
49049003302,3034,1991,1043
49049003401,3896,2650,1246
49049003403,5315,3566,1749
49049003404,2361,1642,719
49049003405,3935,2588,1347
49049010107,5765,3270,2495
49049010110,5326,2830,2496
49049010114,7244,4021,3223
49049010115,3604,2090,1514
49049010116,7299,4224,3075
49049010117,3801,1984,1817
49049010118,5723,3500,2223
49049010119,2622,1484,1138
49049010120,11715,6230,5485
49049010121,9403,5279,4124
49049010122,7132,4037,3095
49049010123,7623,4197,3426
49049010124,5299,3580,1719
49049010125,3542,2050,1492
49049010126,3115,1659,1456
49049010127,6391,3669,2722
49049010128,4394,2563,1831
49049010129,5147,3099,2048
49049010130,4250,2303,1947
49049010131,5060,3172,1888
49049010132,4378,2580,1798
49049010208,4107,2753,1354
49049010209,5649,3862,1787
49049010210,5868,4040,1828
49049010211,3898,2601,1297
49049010212,9953,6043,3910
49049010213,3240,2024,1216
49049010216,3544,2265,1279
49049010217,7135,4338,2797
49049010219,5704,3825,1879
49049010220,6336,3878,2458
49049010221,2032,1335,697
49049010222,7105,4137,2968
49049010223,2489,1535,954
49049010224,3619,2259,1360
49049010225,4188,2658,1530
49049010226,3751,2441,1310
49049010303,5205,3451,1754
49049010305,3974,2564,1410
49049010306,2282,1406,876
49049010307,6502,3625,2877
49049010308,4919,2858,2061
49049010404,5188,3108,2080
49049010405,3893,2399,1494
49049010406,3555,2204,1351
49049010407,2652,1867,785
49049010408,4745,3011,1734
49049010409,3721,2347,1374
49049010410,4410,2743,1667
49049010411,7911,4918,2993
49049010503,3687,2774,913
49049010504,3942,2786,1156
49049010505,5087,3082,2005
49049010506,2109,1376,733
49049010600,5884,3602,2282
49049010700,5310,3695,1615
49049010900,1094,796,298
49049980200,2035,1724,311
49049980300,3707,2656,1051
49049980400,320,270,50
49049980500,1616,1141,475
49051940501,4026,3273,753
49051960100,5016,3371,1645
49051960201,4252,2771,1481
49051960202,5236,3754,1482
49051960203,4017,2658,1359
49051960204,3976,2510,1466
49051960401,3066,2157,909
49051960402,4121,2940,1181
49051960500,1058,762,296
49053270101,4693,3638,1055
49053270102,3483,2471,1012
49053270200,3549,2458,1091
49053270301,6557,5098,1459
49053270302,3231,2874,357
49053270401,7008,5256,1752
49053270402,2725,2360,365
49053270501,2694,1732,962
49053270502,5149,3761,1388
49053270601,7255,5506,1749
49053270602,1671,1387,284
49053270701,5764,4029,1735
49053270702,5422,4346,1076
49053270802,7387,5895,1492
49053270803,5594,3606,1988
49053270804,5760,3455,2305
49053270805,6380,4639,1741
49053270806,1983,1697,286
49053270901,4085,2916,1169
49053270903,3976,2709,1267
49053270904,5581,4390,1191
49053270905,6501,4801,1700
49053271000,4593,3223,1370
49053271101,6034,4332,1702
49053271102,5901,4456,1445
49053271200,3845,3047,798
49053271300,4380,3384,996
49053271400,3847,3096,751
49053271501,4751,3440,1311
49053271502,2927,2300,627
49053271600,7244,6013,1231
49053271702,15965,9787,6178
49053271703,7249,5102,2147
49053271704,3405,2563,842
49053271800,3690,2970,720
49055979100,2486,1950,536
49057200100,4586,3351,1235
49057200202,3978,2850,1128
49057200203,5420,3780,1640
49057200204,5209,3583,1626
49057200301,4805,3449,1356
49057200302,3519,2460,1059
49057200400,1829,1269,560
49057200500,6255,4766,1489
49057200600,4488,3334,1154
49057200700,3270,2547,723
49057200800,4531,3409,1122
49057200900,4200,3271,929
49057201100,2525,2273,252
49057201200,2378,1756,622
49057201301,2744,2025,719
49057201302,3468,2488,980
49057201400,3213,2381,832
49057201500,4261,3365,896
49057201600,4156,3164,992
49057201700,3460,2459,1001
49057201800,2421,1788,633
49057201900,1284,958,326
49057202000,5560,4501,1059
49057210101,3965,3035,930
49057210102,4301,3293,1008
49057210201,4532,3233,1299
49057210203,3235,2284,951
49057210204,4994,3594,1400
49057210303,8164,5846,2318
49057210304,5762,3742,2020
49057210305,5785,3889,1896
49057210306,4824,3294,1530
49057210404,2363,1749,614
49057210405,3290,2518,772
49057210406,5349,3442,1907
49057210407,6511,4568,1943
49057210408,3571,2456,1115
49057210508,2411,1626,785
49057210509,4575,3247,1328
49057210510,3626,2516,1110
49057210511,4202,3068,1134
49057210512,5165,3851,1314
49057210513,6533,4684,1849
49057210514,6022,4129,1893
49057210515,4964,3322,1642
49057210516,6014,4179,1835
49057210517,4639,3177,1462
49057210518,7352,5077,2275
49057210600,6958,5113,1845
49057210701,6063,4291,1772
49057210703,2606,1854,752
49057210704,6142,4350,1792
49057210800,3168,2297,871
49057210900,6776,5031,1745
49057211000,3314,2395,919
49057211100,5713,4257,1456
49057211201,4922,3745,1177
49057211202,6852,5213,1639
50001960100,3835,3081,754
50001960200,2646,2239,407
50001960300,2553,2072,481
50001960400,4954,4168,786
50001960500,3782,3046,736
50001960600,2894,2378,516
50001960700,4004,3233,771
50001960800,5148,4712,436
50001960900,5336,4286,1050
50001961000,2211,1794,417
50003970401,2803,2304,499
50003970402,1681,1391,290
50003970500,1890,1496,394
50003970601,2053,1707,346
50003970800,3598,2896,702
50003970900,2239,1645,594
50003971000,3540,2977,563
50003971100,4596,3681,915
50003971200,4958,3994,964
50003971300,3258,2610,648
50003971400,2831,2344,487
50003971600,3900,3140,760
50005957000,4102,3285,817
50005957100,2226,1725,501
50005957200,2558,2108,450
50005957300,2933,2390,543
50005957400,3709,2889,820
50005957500,3655,2822,833
50005957600,2335,1901,434
50005957700,2920,2375,545
50005957800,2864,2294,570
50005957900,2931,2336,595
50007000100,4573,3621,952
50007000200,6101,5012,1089
50007000300,5259,4411,848
50007000600,4306,3779,527
50007000800,2595,2063,532
50007000900,2742,2559,183
50007001000,2906,2619,287
50007001100,2486,1970,516
50007002101,2789,2251,538
50007002103,4156,3347,809
50007002104,3778,2945,833
50007002201,3062,2746,316
50007002202,4967,4013,954
50007002301,1369,1064,305
50007002303,5215,4195,1020
50007002304,2895,2292,603
50007002400,3441,2747,694
50007002501,2252,1941,311
50007002502,2320,2069,251
50007002601,6049,4868,1181
50007002602,4563,3650,913
50007002701,6231,4983,1248
50007002702,5251,4018,1233
50007002800,5104,3991,1113
50007002900,6492,5184,1308
50007003000,4167,3269,898
50007003101,8002,6463,1539
50007003102,2101,1660,441
50007003301,4851,3720,1131
50007003304,5983,4980,1003
50007003401,5343,4160,1183
50007003402,2374,2001,373
50007003501,3912,3069,843
50007003502,5492,4255,1237
50007003503,1963,1595,368
50007003600,4703,4006,697
50007003900,7343,7159,184
50007004002,4755,3972,783
50007004100,2231,2106,125
50007004200,4201,3847,354
50009950100,1693,1429,264
50009950200,1157,953,204
50009950500,3070,2509,561
50011010101,3472,2730,742
50011010102,3499,2676,823
50011010200,4357,3314,1043
50011010300,3530,2769,761
50011010400,3317,2594,723
50011010500,6701,5272,1429
50011010600,6988,5659,1329
50011010700,3523,2723,800
50011010800,3354,2636,718
50011010900,4845,3709,1136
50011011000,6360,4805,1555
50013020100,3533,2906,627
50013020200,3760,3117,643
50015953000,2382,1889,493
50015953100,3839,3002,837
50015953200,3491,2867,624
50015953300,3020,2408,612
50015953400,2556,2045,511
50015953500,5434,4424,1010
50015953600,5223,4109,1114
50017959000,2293,1855,438
50017959101,2080,1683,397
50017959102,2654,2109,545
50017959200,3515,2863,652
50017959300,2451,2015,436
50017959400,4774,3939,835
50017959500,4336,3463,873
50017959600,2775,2241,534
50017959700,1609,1326,283
50017959800,2790,2198,592
50019951100,2291,1878,413
50019951200,2753,2204,549
50019951300,1826,1509,317
50019951400,2017,1699,318
50019951500,2438,1980,458
50019951600,4333,3496,837
50019951700,4439,3552,887
50019951800,2872,2292,580
50019951900,2499,1949,550
50019952000,1925,1576,349
50021962100,1741,1440,301
50021962200,4129,3265,864
50021962300,2493,2079,414
50021962400,2862,2353,509
50021962500,1763,1396,367
50021962600,2214,1789,425
50021962700,3924,3263,661
50021962800,3652,3067,585
50021963000,4273,3576,697
50021963100,3195,2688,507
50021963200,2910,2412,498
50021963300,5429,4511,918
50021963400,2412,2026,386
50021963500,1715,1400,315
50021963600,4458,3933,525
50021963700,2736,2139,597
50021963800,4234,3469,765
50021964000,3514,2883,631
50021964200,1494,1209,285
50021964300,1424,1114,310
50023954000,4262,3401,861
50023954100,2589,2096,493
50023954200,2743,2206,537
50023954300,5331,4343,988
50023954400,3166,2533,633
50023954500,2849,2355,494
50023954600,2318,1856,462
50023954700,1640,1307,333
50023954800,2193,1817,376
50023954900,1923,1564,359
50023955000,2598,2084,514
50023955100,4251,3501,750
50023955200,4240,3415,825
50023955300,4100,3295,805
50023955400,3823,3020,803
50023955501,2043,1655,388
50023955502,4553,3996,557
50023955600,1977,1638,339
50023955700,1844,1507,337
50023955800,1364,1128,236
50025967000,2924,2366,558
50025967100,1908,1572,336
50025967200,3305,2764,541
50025967300,1919,1568,351
50025967400,1005,821,184
50025967500,1315,1066,249
50025967600,3016,2412,604
50025967700,2617,2198,419
50025967800,1645,1398,247
50025967900,1798,1479,319
50025968000,2255,1909,346
50025968100,1344,1059,285
50025968200,2493,2179,314
50025968300,1865,1536,329
50025968400,4123,3359,764
50025968500,5601,4598,1003
50025968600,2460,2060,400
50025968700,4312,3549,763
50027965000,3612,2825,787
50027965100,2750,2285,465
50027965400,4186,3386,800
50027965501,3677,2985,692
50027965502,2724,2288,436
50027965600,4285,3538,747
50027965700,3446,2828,618
50027965800,3005,2554,451
50027965901,1544,1285,259
50027965902,2031,1680,351
50027966000,3559,2897,662
50027966100,2842,2380,462
50027966200,1621,1312,309
50027966300,2172,1875,297
50027966501,3005,2473,532
50027966502,1191,1000,191
50027966600,5002,4033,969
50027966700,4060,3418,642
50027966800,3041,2527,514
51001090101,1799,1594,205
51001090102,1545,1322,223
51001090201,3990,3305,685
51001090202,3046,2399,647
51001090300,2093,1694,399
51001090401,2455,1864,591
51001090402,3281,2467,814
51001090500,2721,2109,612
51001090600,3900,3286,614
51001090700,5220,4178,1042
51001090800,3362,2653,709
51003010100,5147,4177,970
51003010201,5550,4228,1322
51003010202,3238,2588,650
51003010301,1939,1474,465
51003010302,1450,1032,418
51003010303,5685,4138,1547
51003010401,4201,3400,801
51003010402,3605,3000,605
51003010501,3004,2355,649
51003010502,3371,2882,489
51003010602,4409,3474,935
51003010603,2391,2042,349
51003010604,4029,3105,924
51003010701,2862,2313,549
51003010702,3763,2979,784
51003010801,3598,3047,551
51003010802,2404,1842,562
51003010901,1746,1665,81
51003010904,6163,5949,214
51003011000,6612,5040,1572
51003011101,2884,2161,723
51003011102,3286,2241,1045
51003011103,4608,3335,1273
51003011201,4208,3237,971
51003011202,4043,3094,949
51003011301,5127,4072,1055
51003011302,5151,4152,999
51003011303,3791,3178,613
51003011400,4130,3345,785
51005070100,3662,2984,678
51005080100,3198,2643,555
51005080201,2790,2231,559
51005080202,2381,1980,401
51005080301,1854,1475,379
51005080302,1338,1067,271
51007930101,2634,2061,573
51007930102,4475,3556,919
51007930200,6156,4971,1185
51009010100,5103,4134,969
51009010201,4398,3645,753
51009010202,2223,1761,462
51009010300,3638,2902,736
51009010401,3356,2503,853
51009010402,3089,2432,657
51009010504,4183,3337,846
51009010505,1045,815,230
51009010506,1585,1207,378
51009010600,2687,2183,504
51011040101,3683,2812,871
51011040102,3524,2701,823
51011040200,4535,3587,948
51011040300,4377,3445,932
51013100100,5125,3591,1534
51013100200,6660,4574,2086
51013100300,6199,4587,1612
51013100400,3780,2775,1005
51013100500,5029,3735,1294
51013100600,3285,2586,699
51013100700,5827,4494,1333
51013100800,1596,1185,411
51013100900,4406,3228,1178
51013101000,3319,2404,915
51013101100,5948,4484,1464
51013101200,3897,2769,1128
51013101300,6940,5351,1589
51013101401,1938,1750,188
51013101402,2878,2605,273
51013101405,2176,2023,153
51013101406,3641,3406,235
51013101407,3812,3585,227
51013101408,788,764,24
51013101409,2120,1994,126
51013101501,3136,2825,311
51013101502,3284,2760,524
51013101503,1793,1429,364
51013101601,1362,1193,169
51013101602,1654,1477,177
51013101603,4482,4172,310
51013101701,5507,5052,455
51013101703,2352,2163,189
51013101704,1990,1853,137
51013101705,4175,3660,515
51013101801,3399,3099,300
51013101803,4722,3950,772
51013101804,2215,1806,409
51013101805,3760,3503,257
51013101900,3183,2629,554
51013102001,2802,2342,460
51013102002,1243,1079,164
51013102003,4820,3941,879
51013102100,2325,1905,420
51013102200,7880,5727,2153
51013102301,1734,1389,345
51013102302,4668,3569,1099
51013102400,3617,2875,742
51013102500,5291,4415,876
51013102600,3688,2957,731
51013102701,3579,2741,838
51013102702,1912,1528,384
51013102802,1317,951,366
51013102803,2748,2291,457
51013102804,5339,4058,1281
51013102901,2904,2533,371
51013102903,1625,1386,239
51013102904,3125,2664,461
51013103000,3390,2684,706
51013103100,6207,4890,1317
51013103200,5520,4715,805
51013103300,2492,2035,457
51013103401,923,880,43
51013103403,1328,1247,81
51013103404,1438,1347,91
51013103405,3874,3565,309
51013103501,3535,3377,158
51013103503,5102,4734,368
51013103504,2571,2380,191
51013103505,3813,3574,239
51013103601,2612,2042,570
51013103602,1241,1139,102
51013103700,2626,2049,577
51013103800,4964,4085,879
51015070100,3973,3475,498
51015070200,3788,2932,856
51015070300,6450,4995,1455
51015070400,5436,4299,1137
51015070500,5189,4170,1019
51015070601,2724,2216,508
51015070602,3646,2931,715
51015070603,4328,3324,1004
51015070701,4800,3982,818
51015070702,2250,1754,496
51015070801,2293,1873,420
51015070802,4036,3259,777
51015070900,5176,4230,946
51015071000,5968,4742,1226
51015071101,4817,3765,1052
51015071102,6333,4957,1376
51015071201,2110,1737,373
51015071202,4170,3376,794
51017920101,2112,1766,346
51017920102,2097,1746,351
51019030101,7719,5877,1842
51019030103,7788,6159,1629
51019030104,4450,3530,920
51019030202,6024,4817,1207
51019030203,4724,3530,1194
51019030204,4365,3391,974
51019030300,3620,2960,660
51019030401,2925,2449,476
51019030403,3347,2744,603
51019030404,3480,2766,714
51019030501,4190,3347,843
51019030503,2439,2235,204
51019030504,2858,2363,495
51019030601,3336,2740,596
51019030602,3610,2960,650
51019030603,2690,2167,523
51019030604,2595,2083,512
51019030605,3161,2603,558
51019050101,2932,2241,691
51019050102,3209,2620,589
51021040100,3646,3132,514
51021040200,2624,2196,428
51023040100,3343,2704,639
51023040200,4219,3393,826
51023040301,3002,2452,550
51023040303,4193,3480,713
51023040304,3908,3071,837
51023040401,2236,1808,428
51023040402,5030,3992,1038
51023040501,6360,4991,1369
51023040502,1305,1033,272
51025930100,3382,2740,642
51025930201,2101,1803,298
51025930202,1595,1583,12
51025930203,3848,3095,753
51025930301,1604,1370,234
51025930302,3319,2746,573
51027010100,4401,3460,941
51027010200,2558,2122,436
51027010300,2852,2328,524
51027010400,2032,1682,350
51027010500,1184,984,200
51027010600,3951,3427,524
51027010700,3377,2784,593
51029930101,3791,3004,787
51029930102,2927,2361,566
51029930201,5526,4722,804
51029930202,4580,3536,1044
51031020101,5718,4590,1128
51031020102,4635,3711,924
51031020200,5655,4494,1161
51031020300,3938,3071,867
51031020401,5253,4185,1068
51031020402,3422,2718,704
51031020403,6119,4694,1425
51031020500,7065,5652,1413
51031020600,3604,3014,590
51031020700,3378,2614,764
51031020800,3321,2583,738
51031020900,3588,2829,759
51033030100,4130,3300,830
51033030201,2870,2155,715
51033030202,1812,1500,312
51033030300,3383,2610,773
51033030400,1854,1504,350
51033030501,4648,3355,1293
51033030502,6450,4792,1658
51033030503,2346,1924,422
51033030600,3394,2729,665
51035080100,3656,2924,732
51035080200,4724,3755,969
51035080300,4689,3808,881
51035080401,2797,2285,512
51035080402,2568,2098,470
51035080501,2493,2102,391
51035080502,2180,1824,356
51035080601,1846,1527,319
51035080603,2511,2046,465
51035080604,1691,1341,350
51036600100,2583,2230,353
51036600200,2180,1830,350
51036600300,2010,1719,291
51037930101,3003,2401,602
51037930102,2732,2016,716
51037930200,2663,2142,521
51037930300,3131,2570,561
51041100106,3138,2441,697
51041100107,2423,1829,594
51041100206,6726,5125,1601
51041100208,2616,2189,427
51041100209,6716,5202,1514
51041100210,2243,1766,477
51041100211,3419,2441,978
51041100212,4585,3319,1266
51041100300,2848,2106,742
51041100403,7006,5278,1728
51041100404,2532,1878,654
51041100405,2257,1529,728
51041100406,1451,1051,400
51041100407,4100,3074,1026
51041100409,7250,5613,1637
51041100410,2352,1871,481
51041100505,5780,4463,1317
51041100506,6951,4748,2203
51041100507,6822,5242,1580
51041100508,5083,3759,1324
51041100509,7164,5477,1687
51041100510,3871,2941,930
51041100600,4377,3975,402
51041100701,6209,4898,1311
51041100702,2118,1647,471
51041100704,5116,4078,1038
51041100705,2948,2382,566
51041100804,5085,3996,1089
51041100805,5369,4138,1231
51041100806,4199,3037,1162
51041100807,2334,1789,545
51041100812,5908,4648,1260
51041100814,3935,2914,1021
51041100815,4688,3557,1131
51041100816,4583,3467,1116
51041100817,3440,2726,714
51041100818,4127,3153,974
51041100819,7197,5470,1727
51041100820,3709,2796,913
51041100821,4721,3981,740
51041100822,6011,4829,1182
51041100823,6508,5234,1274
51041100902,3978,3015,963
51041100907,3145,2324,821
51041100910,5705,4465,1240
51041100912,6247,4873,1374
51041100915,4171,3373,798
51041100919,6942,5344,1598
51041100920,1766,1463,303
51041100921,6425,4937,1488
51041100922,5308,4088,1220
51041100923,2786,2226,560
51041100924,5379,4010,1369
51041100926,6819,5286,1533
51041100928,7858,5962,1896
51041100929,6532,4903,1629
51041100930,3412,2510,902
51041100931,5845,4564,1281
51041100932,3521,2622,899
51041100933,2473,1916,557
51041100934,6995,5219,1776
51041100935,4025,3007,1018
51041100936,4038,3063,975
51041100937,4252,3289,963
51041100938,7835,5123,2712
51041101003,11552,7760,3792
51041101004,5020,3892,1128
51041101007,6395,4997,1398
51041101008,5749,4113,1636
51041101009,8778,6037,2741
51041101011,3170,2340,830
51041101012,5575,4292,1283
51041101013,3754,2822,932
51041101014,2703,2116,587
51041101015,6480,4945,1535
51043010101,4595,3582,1013
51043010102,4170,3355,815
51043010200,3118,2549,569
51043010300,2900,2407,493
51045050100,4892,3973,919
51047930101,4385,3455,930
51047930103,5342,4231,1111
51047930104,3207,2497,710
51047930202,6283,4928,1355
51047930203,6844,4818,2026
51047930204,1520,1328,192
51047930300,7819,5475,2344
51047930400,5143,3920,1223
51047930501,5742,4679,1063
51047930502,6267,4572,1695
51049930101,3283,2621,662
51049930102,2929,2361,568
51049930200,3463,2719,744
51051040100,3910,3172,738
51051040200,2633,2144,489
51051040300,4851,3906,945
51051040400,2730,2151,579
51053840101,2481,1959,522
51053840102,3084,2436,648
51053840200,4449,3513,936
51053840300,6482,4903,1579
51053840400,798,707,91
51053840500,3949,3041,908
51053840601,3662,3017,645
51053840602,3042,2414,628
51057950600,3527,2870,657
51057950700,3912,3122,790
51057950800,3160,2606,554
51059415100,3633,2791,842
51059415200,3218,2731,487
51059415300,3908,3117,791
51059415401,5352,3961,1391
51059415402,2801,2237,564
51059415500,6306,4597,1709
51059415600,2754,2124,630
51059415700,4187,2830,1357
51059415800,5047,3595,1452
51059415900,3216,2555,661
51059416000,5569,4232,1337
51059416100,4129,3213,916
51059416200,5201,2786,2415
51059416300,2025,1574,451
51059420100,4106,3170,936
51059420201,3732,2848,884
51059420202,1943,1686,257
51059420203,2718,2100,618
51059420300,6184,4720,1464
51059420400,3835,3440,395
51059420501,980,888,92
51059420502,2516,2241,275
51059420503,3505,2803,702
51059420600,4911,3786,1125
51059420700,4241,3246,995
51059420800,3640,2827,813
51059421001,2855,2215,640
51059421002,5348,4203,1145
51059421101,5912,4439,1473
51059421102,3514,2749,765
51059421103,5913,4550,1363
51059421200,2024,1491,533
51059421300,3658,2946,712
51059421400,8188,5915,2273
51059421500,7103,4866,2237
51059421600,6409,4522,1887
51059421701,4517,3283,1234
51059421702,4000,3131,869
51059421800,5933,4561,1372
51059421900,2916,1687,1229
51059422000,3979,3192,787
51059422101,6872,5190,1682
51059422102,6677,4791,1886
51059422201,4071,3151,920
51059422202,6444,4688,1756
51059422301,3133,2443,690
51059422302,5788,4721,1067
51059422401,2447,1953,494
51059422402,5236,3969,1267
51059422403,3024,2275,749
51059430101,4718,3655,1063
51059430102,3117,2459,658
51059430201,4379,3296,1083
51059430202,4949,3850,1099
51059430203,2679,2060,619
51059430400,7217,5427,1790
51059430500,1716,1330,386
51059430600,7152,5347,1805
51059430700,2923,2334,589
51059430801,4629,3474,1155
51059430802,4276,3402,874
51059430901,4326,3237,1089
51059430902,3415,2611,804
51059431001,4948,3758,1190
51059431002,2368,1707,661
51059431300,4419,3131,1288
51059431400,4405,3245,1160
51059431500,5733,4240,1493
51059431601,1908,1894,14
51059431602,6485,5057,1428
51059431801,4263,3243,1020
51059431802,3259,2448,811
51059431900,3173,2386,787
51059432000,3393,2500,893
51059432100,3573,2762,811
51059432201,2393,1879,514
51059432202,4741,3539,1202
51059432300,5127,3862,1265
51059432401,3615,2705,910
51059432402,5100,3739,1361
51059432500,5758,4230,1528
51059432600,4967,3664,1303
51059432701,3132,2461,671
51059432702,4502,3418,1084
51059432800,2225,1723,502
51059440100,7503,5596,1907
51059440201,4133,3516,617
51059440202,6032,4697,1335
51059440300,2765,2139,626
51059440501,5006,3915,1091
51059440503,6817,4791,2026
51059440504,643,610,33
51059440505,1346,1039,307
51059440600,3002,2260,742
51059440701,2895,2184,711
51059440702,5397,4045,1352
51059440800,6397,4863,1534
51059450100,5524,4375,1149
51059450200,4330,3096,1234
51059450300,5620,4420,1200
51059450400,2726,2215,511
51059450500,3065,2439,626
51059450601,4192,3299,893
51059450602,4814,3674,1140
51059450701,3055,2476,579
51059450702,4568,3331,1237
51059450800,3483,2781,702
51059450900,1704,1346,358
51059451000,2707,2193,514
51059451100,2314,1856,458
51059451200,1721,1357,364
51059451300,2491,1983,508
51059451400,3263,2452,811
51059451501,5868,4497,1371
51059451502,4924,3916,1008
51059451601,6129,4140,1989
51059451602,2885,2244,641
51059451800,3485,2774,711
51059451900,6015,4724,1291
51059452000,3061,2452,609
51059452101,5091,3971,1120
51059452102,3354,2738,616
51059452200,6982,5287,1695
51059452301,3568,2866,702
51059452302,5762,4014,1748
51059452400,7283,5588,1695
51059452501,3912,3177,735
51059452502,5011,3580,1431
51059452600,6347,5037,1310
51059452700,5398,4042,1356
51059452801,5627,4456,1171
51059452802,3030,2528,502
51059460100,4544,3387,1157
51059460200,3970,2967,1003
51059460300,2896,2110,786
51059460400,5134,3944,1190
51059460501,2691,2102,589
51059460503,3778,2969,809
51059460504,3979,2997,982
51059460600,4173,3111,1062
51059460701,3501,2537,964
51059460702,4649,3346,1303
51059460800,3162,2385,777
51059460900,2631,1916,715
51059461000,2530,1884,646
51059461100,7442,5503,1939
51059461201,4633,3500,1133
51059461202,6502,5064,1438
51059461500,6940,5247,1693
51059461603,5056,4090,966
51059461604,2520,2010,510
51059461605,3829,3529,300
51059461606,3069,2441,628
51059461700,6937,5482,1455
51059461801,1385,1068,317
51059461802,5448,4338,1110
51059461901,3756,2863,893
51059461902,1839,1283,556
51059470100,2769,2046,723
51059470300,3418,2498,920
51059470400,4994,3681,1313
51059470500,5717,4278,1439
51059470600,2849,2252,597
51059470700,5753,4129,1624
51059470800,3255,2322,933
51059470900,7993,5716,2277
51059471000,2247,1706,541
51059471100,7030,5276,1754
51059471201,3050,2503,547
51059471203,2420,1951,469
51059471204,2692,2333,359
51059471301,3973,3020,953
51059471303,4153,3368,785
51059471304,2073,1520,553
51059471401,3759,2851,908
51059471402,3550,2638,912
51059480100,4399,3420,979
51059480201,4646,3501,1145
51059480203,2828,2386,442
51059480204,3823,3360,463
51059480205,3268,2871,397
51059480301,3145,2412,733
51059480302,4621,3677,944
51059480401,4717,3424,1293
51059480402,6028,4615,1413
51059480501,3537,2731,806
51059480502,5763,4457,1306
51059480503,3259,2543,716
51059480504,2017,1587,430
51059480505,3263,2752,511
51059480801,5388,4003,1385
51059480802,3910,3012,898
51059480901,6969,5120,1849
51059480902,4211,3209,1002
51059480903,4177,3186,991
51059481000,6231,4593,1638
51059481101,2376,2080,296
51059481102,3656,2626,1030
51059481103,3664,2525,1139
51059481104,2948,2180,768
51059481105,5332,3999,1333
51059481106,5362,4044,1318
51059481201,1156,943,213
51059481202,6301,4601,1700
51059481400,6647,5315,1332
51059481500,2289,1767,522
51059481600,3480,2622,858
51059481701,6196,4623,1573
51059481702,4787,3681,1106
51059481900,5821,4502,1319
51059482001,4874,3841,1033
51059482002,3545,3003,542
51059482100,3258,2680,578
51059482201,2481,1842,639
51059482203,4695,4335,360
51059482204,1975,1838,137
51059482205,2622,2300,322
51059482206,1154,1001,153
51059482301,5387,4523,864
51059482302,4625,3496,1129
51059482303,3617,3026,591
51059482400,2344,1761,583
51059482502,3090,2227,863
51059482503,4832,3603,1229
51059482504,5277,3954,1323
51059482505,3528,2611,917
51059482506,5298,4280,1018
51059482507,3656,2890,766
51059482601,7321,5405,1916
51059482603,3501,2604,897
51059482604,4210,3111,1099
51059490101,5064,3964,1100
51059490104,3504,2525,979
51059490105,2761,2163,598
51059490501,3326,2686,640
51059490502,6585,5038,1547
51059491000,2206,1702,504
51059491101,3765,2901,864
51059491102,3422,2685,737
51059491103,6548,4944,1604
51059491201,6558,5016,1542
51059491202,2102,1768,334
51059491301,6797,5073,1724
51059491302,3405,2784,621
51059491303,4269,3320,949
51059491401,4934,3916,1018
51059491402,4323,3222,1101
51059491403,3711,2734,977
51059491404,4006,3051,955
51059491405,2761,2040,721
51059491501,7696,5802,1894
51059491502,7014,5307,1707
51059491601,5421,4021,1400
51059491602,5310,4105,1205
51059491701,4127,3485,642
51059491703,5035,4231,804
51059491704,5062,3997,1065
51059491705,3341,2501,840
51059491706,2899,2484,415
51059491707,4568,3684,884
51059491801,2324,1886,438
51059491802,2915,2290,625
51059491803,7003,5338,1665
51059492000,6550,5116,1434
51059492100,6592,5151,1441
51059492201,3097,2433,664
51059492202,6831,5171,1660
51059492203,4014,3066,948
51059492300,3402,2529,873
51059492400,4873,3719,1154
51059492500,4139,3310,829
51061930101,3182,2486,696
51061930102,2744,2262,482
51061930203,2703,2247,456
51061930204,3468,2814,654
51061930205,1847,1487,360
51061930206,2220,1770,450
51061930207,1734,1344,390
51061930303,3797,3024,773
51061930304,2564,2086,478
51061930305,4677,3745,932
51061930306,2900,2247,653
51061930401,7315,5119,2196
51061930402,6027,4602,1425
51061930404,2758,2170,588
51061930405,4932,3561,1371
51061930703,2541,2022,519
51061930704,3920,3180,740
51061930705,3988,2979,1009
51061930706,6071,4294,1777
51061930707,3584,2665,919
51063920102,3739,3021,718
51063920103,3687,2954,733
51063920104,2753,2178,575
51063920201,3222,2554,668
51063920202,2075,1701,374
51065020101,6345,5209,1136
51065020103,3260,2750,510
51065020104,6276,4943,1333
51065020200,5580,4421,1159
51065020300,5788,4515,1273
51067020102,2721,2322,399
51067020103,2323,2013,310
51067020104,3092,2787,305
51067020200,5173,4039,1134
51067020301,2798,2256,542
51067020302,3559,3038,521
51067020400,5271,4197,1074
51067020501,3892,3009,883
51067020502,4245,3396,849
51067020600,3295,2804,491
51067020701,2975,2322,653
51067020702,2368,1893,475
51067020801,3168,2541,627
51067020802,3400,2646,754
51067020901,3226,2528,698
51067020902,2971,2406,565
51069050100,6758,5197,1561
51069050200,4044,3264,780
51069050300,6345,5085,1260
51069050401,4490,3431,1059
51069050402,2826,2286,540
51069050500,5328,4430,898
51069050600,4699,3638,1061
51069050700,2974,2294,680
51069050801,6689,5136,1553
51069050804,5133,3946,1187
51069050805,3051,2227,824
51069050806,3812,2745,1067
51069050807,3885,3009,876
51069050900,5000,3863,1137
51069051001,4203,3278,925
51069051002,5821,4439,1382
51069051102,7547,5729,1818
51069051103,4889,3609,1280
51069051104,3925,2822,1103
51071930100,2057,1705,352
51071930200,3718,3030,688
51071930300,5503,4372,1131
51071930400,5509,4318,1191
51073100101,2987,2411,576
51073100102,4655,3714,941
51073100201,6078,4791,1287
51073100202,3735,2930,805
51073100203,4239,3517,722
51073100301,5756,4699,1057
51073100302,5728,4529,1199
51073100400,1469,1198,271
51073100500,4064,3283,781
51075400101,4468,3779,689
51075400102,4072,3582,490
51075400200,4682,3779,903
51075400300,886,870,16
51075400400,6141,4822,1319
51075400500,4478,3573,905
51077060101,2796,2266,530
51077060102,3904,3178,726
51077060201,3862,3323,539
51077060202,2975,2546,429
51077060300,1796,1561,235
51079030101,4070,3225,845
51079030102,5437,4201,1236
51079030201,7563,5797,1766
51079030202,3482,2669,813
51081880101,4117,3267,850
51081880102,3099,3099,0
51081880200,4175,3325,850
51083930100,2701,2159,542
51083930202,2370,1959,411
51083930203,2643,2142,501
51083930204,2076,1618,458
51083930301,2416,1942,474
51083930302,4380,3541,839
51083930400,3511,2830,681
51083930500,3921,3078,843
51083930601,2628,2068,560
51083930602,3033,2580,453
51083930800,4343,3308,1035
51085320100,6343,5004,1339
51085320200,5870,4764,1106
51085320300,4216,3395,821
51085320400,5120,4055,1065
51085320500,3198,2611,587
51085320601,4617,3873,744
51085320602,3256,2540,716
51085320701,4639,3464,1175
51085320702,3237,2624,613
51085320801,2618,2068,550
51085320803,7091,4995,2096
51085320804,5623,4144,1479
51085320805,3421,2657,764
51085320901,6244,4655,1589
51085320902,2921,2377,544
51085321001,3651,3045,606
51085321003,2615,1978,637
51085321004,5117,3897,1220
51085321100,5938,4755,1183
51085321201,4505,3567,938
51085321202,4114,3076,1038
51085321300,6881,5318,1563
51085321401,2337,1835,502
51085321402,3407,2782,625
51085321403,3000,2344,656
51087200106,4780,3632,1148
51087200108,2960,2232,728
51087200109,4007,2919,1088
51087200122,4879,3586,1293
51087200123,2982,2305,677
51087200124,4359,3573,786
51087200125,4139,3240,899
51087200126,3961,3330,631
51087200127,5988,4797,1191
51087200131,1978,1598,380
51087200132,3436,2735,701
51087200133,3182,2403,779
51087200134,5093,3933,1160
51087200135,2316,1748,568
51087200136,3099,2617,482
51087200137,2107,1721,386
51087200138,3710,2957,753
51087200139,4399,3472,927
51087200140,5023,3805,1218
51087200141,2779,2027,752
51087200142,4462,3311,1151
51087200143,2692,1979,713
51087200144,3257,2557,700
51087200145,4333,3029,1304
51087200146,3036,2338,698
51087200147,6631,4496,2135
51087200148,5313,3501,1812
51087200149,5606,3959,1647
51087200150,4815,3341,1474
51087200151,5631,4494,1137
51087200152,2721,2209,512
51087200153,4458,3167,1291
51087200201,2737,2116,621
51087200202,4162,3052,1110
51087200301,1526,1350,176
51087200302,3190,2573,617
51087200303,3487,2762,725
51087200305,4316,3339,977
51087200404,2991,2380,611
51087200407,4738,3715,1023
51087200409,2576,2081,495
51087200411,5634,4389,1245
51087200412,2086,1630,456
51087200413,4864,3968,896
51087200414,6170,4591,1579
51087200415,4257,3167,1090
51087200416,6399,5110,1289
51087200417,2211,1905,306
51087200418,3113,2299,814
51087200501,2518,2085,433
51087200502,2098,1697,401
51087200503,4073,3330,743
51087200600,5056,4032,1024
51087200700,3685,3074,611
51087200801,3364,2809,555
51087200802,2192,1840,352
51087200805,3533,2405,1128
51087200806,1513,1206,307
51087200807,4440,3308,1132
51087200904,6185,5363,822
51087200905,5877,4415,1462
51087200906,4888,3783,1105
51087200907,4619,3501,1118
51087200908,2975,2252,723
51087201001,6162,4937,1225
51087201002,2961,2304,657
51087201003,6008,4743,1265
51087201102,4231,3350,881
51087201103,3580,2776,804
51087201104,3561,2813,748
51087201203,3090,2412,678
51087201204,3926,3028,898
51087201205,3608,2618,990
51087201206,2892,2151,741
51087201403,5932,4574,1358
51087201404,4320,3550,770
51087201405,1481,1169,312
51087201406,3906,3039,867
51087201502,5537,4373,1164
51087201503,6334,4770,1564
51087201504,4489,3272,1217
51087201601,3364,2809,555
51087201602,5565,4757,808
51087201701,3837,2953,884
51089010100,3855,3010,845
51089010200,5114,4048,1066
51089010300,5223,4322,901
51089010400,3618,2891,727
51089010500,3853,3060,793
51089010601,2713,2149,564
51089010602,3891,3097,794
51089010700,3345,2758,587
51089010800,2384,1944,440
51089010900,2515,2069,446
51089011000,4656,3794,862
51089011100,2613,2152,461
51089011200,3293,2629,664
51089011300,3875,3164,711
51091970100,2232,1903,329
51093280101,3771,3114,657
51093280104,4439,3544,895
51093280105,4925,3815,1110
51093280106,3049,2294,755
51093280107,4571,3476,1095
51093280108,4678,3583,1095
51093280200,3780,3118,662
51093280300,5481,4288,1193
51093280400,3912,3150,762
51095080102,4163,3105,1058
51095080103,3229,2642,587
51095080104,2449,2171,278
51095080202,5907,4737,1170
51095080203,3750,3189,561
51095080205,4436,3730,706
51095080207,4067,3415,652
51095080208,3467,2894,573
51095080209,3434,2968,466
51095080304,6323,4977,1346
51095080305,5418,4130,1288
51095080306,4073,3225,848
51095080307,4624,3747,877
51095080308,4675,3611,1064
51095080402,10117,8035,2082
51095080403,3792,2856,936
51095080404,4330,3436,894
51097950400,3710,3029,681
51097950500,2898,2427,471
51099040100,5692,4218,1474
51099040200,4377,3397,980
51099040301,4933,3640,1293
51099040302,3077,2337,740
51099040400,5459,3916,1543
51099040500,3185,2440,745
51101950101,5043,3868,1175
51101950102,6702,5183,1519
51101950200,2556,2026,530
51101950300,3509,2667,842
51103030100,3264,2734,530
51103030200,3901,3327,574
51103030301,1997,1755,242
51103030302,1757,1572,185
51105950100,2679,2121,558
51105950200,3655,2866,789
51105950301,1615,1285,330
51105950302,3266,2837,429
51105950400,2910,2307,603
51105950500,4381,3470,911
51105950600,3667,3014,653
51107610101,5055,3740,1315
51107610102,3866,2908,958
51107610201,6225,4568,1657
51107610202,5624,3892,1732
51107610300,8911,6526,2385
51107610400,4695,3738,957
51107610503,8097,5670,2427
51107610504,7094,5297,1797
51107610505,6702,4486,2216
51107610506,5646,4079,1567
51107610507,6297,4801,1496
51107610601,7193,5440,1753
51107610602,2807,1939,868
51107610603,3587,2873,714
51107610604,6964,5102,1862
51107610701,5640,3905,1735
51107610702,6207,4485,1722
51107610703,5364,4071,1293
51107610800,6657,5162,1495
51107610900,2404,1985,419
51107611002,4736,3788,948
51107611004,8935,6283,2652
51107611005,5573,3994,1579
51107611006,5950,4146,1804
51107611009,5542,3724,1818
51107611010,1951,1886,65
51107611011,3833,2932,901
51107611012,4509,3161,1348
51107611013,4370,3116,1254
51107611014,4472,3378,1094
51107611015,3771,3013,758
51107611016,4140,3429,711
51107611017,3397,2757,640
51107611018,4004,3257,747
51107611019,6045,4389,1656
51107611020,6892,5100,1792
51107611022,7320,4813,2507
51107611023,5954,4160,1794
51107611026,14425,9366,5059
51107611027,2163,1647,516
51107611028,6439,4121,2318
51107611029,7139,4542,2597
51107611030,6176,4249,1927
51107611031,2141,1541,600
51107611032,2991,2128,863
51107611101,4716,3589,1127
51107611102,6225,4645,1580
51107611202,4735,3648,1087
51107611204,5768,4399,1369
51107611205,6018,4491,1527
51107611206,4311,3334,977
51107611207,4325,3349,976
51107611208,4384,3222,1162
51107611209,6639,5012,1627
51107611300,6349,4771,1578
51107611400,5767,4276,1491
51107611501,4242,3234,1008
51107611502,6550,5077,1473
51107611601,4317,3303,1014
51107611602,4316,3172,1144
51107611701,4797,3638,1159
51107611702,2461,1883,578
51107611803,6838,4729,2109
51107611804,8852,6106,2746
51107611805,5069,3416,1653
51107611807,7561,5087,2474
51107611808,5569,3786,1783
51107611809,6941,4588,2353
51107611810,8135,5144,2991
51107611811,8098,5546,2552
51107611812,3241,2181,1060
51107611813,13108,8428,4680
51107611901,7388,5047,2341
51107611902,6290,4073,2217
51109950101,2706,2196,510
51109950102,4985,4035,950
51109950201,5553,4255,1298
51109950202,4164,3377,787
51109950301,4203,3401,802
51109950302,3010,2409,601
51109950303,2946,2314,632
51109950400,3460,2744,716
51109950500,6569,5130,1439
51111930100,5432,4425,1007
51111930200,4208,3329,879
51111930300,2296,1825,471
51113930101,3611,2841,770
51113930102,4309,3368,941
51113930201,2972,2333,639
51113930202,2945,2380,565
51115951301,2613,2196,417
51115951302,1679,1426,253
51115951401,2762,2331,431
51115951402,1479,1259,220
51117930101,2997,2311,686
51117930103,859,747,112
51117930104,1877,1534,343
51117930201,3699,2915,784
51117930202,2213,1711,502
51117930300,3113,2596,517
51117930401,2349,1904,445
51117930402,2522,2050,472
51117930500,1842,1555,287
51117930600,2610,2180,430
51117930700,2638,2284,354
51117930800,3600,2941,659
51119950900,1537,1268,269
51119951000,3849,3296,553
51119951100,2655,2220,435
51119951200,2584,2251,333
51121020100,9927,9879,48
51121020201,5611,4819,792
51121020202,2912,2544,368
51121020301,4190,3918,272
51121020302,3446,2732,714
51121020401,2516,2366,150
51121020402,4281,3534,747
51121020500,6478,5413,1065
51121020600,5507,4734,773
51121020701,2563,2326,237
51121020702,3315,2773,542
51121020801,4097,3168,929
51121020802,2864,2260,604
51121020900,5156,4096,1060
51121021000,5138,4140,998
51121021101,3827,3007,820
51121021102,4720,3823,897
51121021201,3516,2804,712
51121021202,3122,2371,751
51121021300,3645,2878,767
51121021400,4711,3638,1073
51121021501,4403,3438,965
51121021502,3776,2948,828
51125950101,3240,2638,602
51125950102,2240,1849,391
51125950201,2831,2345,486
51125950202,2268,2038,230
51125950300,4196,3417,779
51127700100,7035,5553,1482
51127700200,5638,4457,1181
51127700301,5813,4589,1224
51127700302,4459,3578,881
51131930100,4407,3617,790
51131930200,3511,2831,680
51131930301,2528,2122,406
51131930302,1836,1487,349
51133020100,3409,2878,531
51133020200,3078,2579,499
51133020301,2344,2031,313
51133020302,3008,2626,382
51135000101,2201,1788,413
51135000102,3578,2712,866
51135000200,2527,2042,485
51135000300,7328,6175,1153
51137110104,3432,2714,718
51137110105,4815,3799,1016
51137110106,4181,3274,907
51137110107,4863,4064,799
51137110108,6881,5190,1691
51137110200,5422,4178,1244
51137110301,3400,2711,689
51137110302,3260,2661,599
51139030100,2560,2059,501
51139030200,4141,3438,703
51139030300,4963,3982,981
51139030401,2166,1724,442
51139030402,3993,3147,846
51139030500,5886,4631,1255
51141030101,2459,2034,425
51141030102,2288,1931,357
51141030201,2881,2325,556
51141030202,3047,2534,513
51141030301,3048,2573,475
51141030302,3885,3135,750
51143010100,3911,3236,675
51143010200,4117,3327,790
51143010301,1225,998,227
51143010302,2658,2204,454
51143010400,3784,3035,749
51143010500,5238,4484,754
51143010600,2908,2348,560
51143010700,1647,1392,255
51143010801,2396,1887,509
51143010803,2920,2290,630
51143010804,3008,2442,566
51143010900,2686,2133,553
51143011001,4360,3485,875
51143011002,4504,3551,953
51143011100,2818,2272,546
51143011200,2329,1863,466
51143011301,3858,2910,948
51143011302,2541,2022,519
51143011400,3593,2897,696
51145500101,6783,5553,1230
51145500102,5856,4469,1387
51145500201,6114,4754,1360
51145500202,4242,3294,948
51145500300,1469,1355,114
51145500400,5869,4511,1358
51147930101,3231,2714,517
51147930102,3391,2786,605
51147930202,3275,2574,701
51147930204,5264,4851,413
51147930301,3187,2468,719
51147930302,3501,2991,510
51149850100,4842,4566,276
51149850200,9994,7964,2030
51149850301,7052,5310,1742
51149850302,4571,3615,956
51149850400,5305,4206,1099
51149850501,6086,4786,1300
51149850502,5160,4094,1066
51153900100,3271,2799,472
51153900201,2710,2062,648
51153900202,4127,3057,1070
51153900203,5392,3584,1808
51153900301,3301,2638,663
51153900302,6165,4653,1512
51153900403,5550,4227,1323
51153900404,5996,4244,1752
51153900407,6849,5013,1836
51153900408,4700,3346,1354
51153900409,5517,3995,1522
51153900410,5663,4047,1616
51153900502,4323,3517,806
51153900503,3368,2577,791
51153900504,5065,3578,1487
51153900601,3950,2869,1081
51153900602,4332,3020,1312
51153900701,7608,5778,1830
51153900702,8133,5981,2152
51153900801,7324,5436,1888
51153900803,6016,4293,1723
51153900804,5423,3835,1588
51153900901,6221,4268,1953
51153900904,6853,4995,1858
51153900905,5628,4177,1451
51153901005,6501,4477,2024
51153901009,7488,5428,2060
51153901010,4416,3184,1232
51153901011,6654,4855,1799
51153901012,3721,3119,602
51153901013,3494,2493,1001
51153901014,3977,3067,910
51153901015,3726,2602,1124
51153901016,5440,3805,1635
51153901101,2191,1646,545
51153901102,3607,2253,1354
51153901203,4013,2974,1039
51153901208,3116,2517,599
51153901209,6645,4842,1803
51153901211,4659,3345,1314
51153901212,7978,5764,2214
51153901219,5662,4442,1220
51153901221,5646,4206,1440
51153901222,2654,1924,730
51153901223,6777,5008,1769
51153901224,4459,3263,1196
51153901225,4875,3588,1287
51153901226,6345,4619,1726
51153901227,5282,3882,1400
51153901228,6336,4682,1654
51153901229,3983,2951,1032
51153901230,4419,3280,1139
51153901231,7144,5514,1630
51153901232,5839,4531,1308
51153901233,7347,5510,1837
51153901234,3385,2552,833
51153901235,3262,2389,873
51153901236,6506,4617,1889
51153901237,3468,2531,937
51153901303,5107,3713,1394
51153901304,2789,2168,621
51153901305,3642,2727,915
51153901306,5777,4513,1264
51153901403,6754,5242,1512
51153901407,4247,3176,1071
51153901409,8502,6042,2460
51153901411,6810,4987,1823
51153901412,8112,5394,2718
51153901413,4504,3134,1370
51153901414,4936,3571,1365
51153901415,4224,2840,1384
51153901416,4984,3444,1540
51153901417,3427,2581,846
51153901418,4138,3098,1040
51153901419,4270,2881,1389
51153901420,4546,3138,1408
51153901421,4884,3420,1464
51153901503,6044,4577,1467
51153901504,4713,4405,308
51153901505,7669,5456,2213
51153901506,5536,3846,1690
51153901507,2958,2112,846
51153901508,6034,4296,1738
51153901509,7056,5321,1735
51153901510,6546,4577,1969
51153901511,4691,3625,1066
51153901601,4130,3075,1055
51153901602,8294,6092,2202
51153901702,4047,2875,1172
51153901703,2762,2075,687
51153901704,6821,4793,2028
51153901900,8748,6357,2391
51155210101,4008,3398,610
51155210102,2831,2310,521
51155210201,4155,3195,960
51155210202,3729,3111,618
51155210300,4097,3334,763
51155210401,2963,2358,605
51155210402,1856,1532,324
51155210500,2405,2001,404
51155210600,4276,3729,547
51155210700,3476,2799,677
51157950100,2729,2251,478
51157950200,4619,3888,731
51159040100,5417,4399,1018
51159040200,3506,2949,557
51161030100,3557,2933,624
51161030201,4856,3809,1047
51161030203,3987,3326,661
51161030205,4253,3449,804
51161030206,4437,3618,819
51161030207,2772,2166,606
51161030300,7288,5929,1359
51161030501,1892,1703,189
51161030502,2937,2249,688
51161030601,5474,4119,1355
51161030602,2443,1858,585
51161030701,6936,5454,1482
51161030702,5835,4600,1235
51161030802,5124,4030,1094
51161030803,3669,2945,724
51161030804,1876,1515,361
51161030900,6162,4891,1271
51161031000,3856,3077,779
51161031101,4557,3614,943
51161031102,3485,2682,803
51161031201,5358,4219,1139
51161031202,6175,4958,1217
51163930101,3151,2529,622
51163930102,4414,3595,819
51163930200,4875,4076,799
51163930301,2753,2288,465
51163930302,3762,3114,648
51163930400,3695,2919,776
51165010100,3250,2563,687
51165010200,3611,2852,759
51165010301,1908,1449,459
51165010302,2900,2304,596
51165010400,2464,1951,513
51165010500,3060,2291,769
51165010600,3862,2956,906
51165010700,3682,2804,878
51165010801,3663,2808,855
51165010802,3238,2463,775
51165010900,2584,2058,526
51165011000,2948,2371,577
51165011100,3180,2477,703
51165011200,4772,3575,1197
51165011400,6094,4581,1513
51165011500,6856,5803,1053
51165011600,2137,1689,448
51165011700,5337,4264,1073
51165011801,3261,2479,782
51165011802,6384,4919,1465
51165011900,3291,2538,753
51165012000,5275,4176,1099
51167030100,4119,3384,735
51167030201,2091,1683,408
51167030202,2722,2228,494
51167030300,3518,2876,642
51167030402,2904,2337,567
51167030403,3111,2491,620
51167030404,2213,1767,446
51167030500,1858,1485,373
51167030600,3245,2579,666
51169030100,3327,2696,631
51169030200,3933,3335,598
51169030300,3336,2718,618
51169030400,3564,2870,694
51169030500,3649,2977,672
51169030600,3767,3060,707
51171040101,3365,2650,715
51171040102,6395,4865,1530
51171040201,2701,2225,476
51171040202,3303,2684,619
51171040300,3958,3136,822
51171040400,2571,2102,469
51171040501,6952,5303,1649
51171040502,2159,1733,426
51171040600,3762,2987,775
51171040700,4204,3311,893
51171040800,4816,3866,950
51173030100,3060,2440,620
51173030200,4136,3348,788
51173030301,3082,2467,615
51173030302,3770,3035,735
51173030400,1871,1530,341
51173030500,2423,2016,407
51173030600,2895,2258,637
51173030701,4527,3607,920
51173030702,4036,3252,784
51175200100,4162,3323,839
51175200200,2737,2164,573
51175200300,1319,1315,4
51175200401,3599,2855,744
51175200402,2815,2190,625
51175200500,3364,2666,698
51177020104,4945,3684,1261
51177020105,2434,1844,590
51177020106,8064,6253,1811
51177020107,2340,1728,612
51177020108,4225,3201,1024
51177020109,3656,2838,818
51177020110,3881,2896,985
51177020111,2454,1774,680
51177020112,2749,2034,715
51177020113,4512,3323,1189
51177020114,5913,4141,1772
51177020201,7310,5215,2095
51177020202,5418,4022,1396
51177020203,5067,3627,1440
51177020204,4572,3578,994
51177020206,4570,3558,1012
51177020207,1575,1115,460
51177020304,4351,3445,906
51177020305,3858,2950,908
51177020307,3791,2825,966
51177020308,4032,2938,1094
51177020309,5749,4360,1389
51177020311,5571,4324,1247
51177020312,6724,5040,1684
51177020313,695,536,159
51177020314,1850,1290,560
51177020315,593,438,155
51177020316,5003,3703,1300
51177020403,4091,3048,1043
51177020404,3677,2889,788
51177020405,3677,3054,623
51177020406,3817,2928,889
51177020407,5768,4554,1214
51177020408,3100,2203,897
51179010103,5044,3648,1396
51179010105,8089,5790,2299
51179010106,3865,2999,866
51179010107,3661,2675,986
51179010108,6426,4597,1829
51179010201,1633,1602,31
51179010202,6860,5075,1785
51179010205,6821,4955,1866
51179010206,5495,3945,1550
51179010210,11687,7927,3760
51179010211,4242,2980,1262
51179010212,4675,3332,1343
51179010213,2629,1870,759
51179010214,3873,2713,1160
51179010215,2114,1399,715
51179010216,7379,5121,2258
51179010217,5305,4044,1261
51179010218,4638,3588,1050
51179010219,1462,1017,445
51179010301,4690,3522,1168
51179010304,6868,5328,1540
51179010305,6752,4822,1930
51179010306,2773,1920,853
51179010307,8635,6587,2048
51179010308,2618,1942,676
51179010403,3815,2776,1039
51179010404,6642,4956,1686
51179010405,6241,4695,1546
51179010406,3216,2376,840
51179010502,4226,3310,916
51179010503,2618,2019,599
51179010504,1935,1530,405
51181860100,3059,2544,515
51181860200,3502,2885,617
51183870100,2652,2153,499
51183870201,3262,2947,315
51183870202,700,700,0
51183870300,2633,2116,517
51183870400,1582,1295,287
51185020100,3219,2779,440
51185020200,5043,4036,1007
51185020301,2450,1966,484
51185020302,3225,2584,641
51185020400,3982,3210,772
51185020500,2897,2347,550
51185020600,3806,3059,747
51185020700,2994,2433,561
51185020800,1805,1451,354
51185020900,1807,1507,300
51185021000,3739,2999,740
51185021101,2773,2232,541
51185021102,2689,2249,440
51187020101,4716,3746,970
51187020102,4010,3053,957
51187020200,3865,3118,747
51187020300,6829,5398,1431
51187020400,4834,3696,1138
51187020500,4178,3230,948
51187020601,6094,4692,1402
51187020602,2665,2012,653
51187020700,3536,2796,740
51191010101,3492,2874,618
51191010102,3384,2721,663
51191010200,5051,4086,965
51191010301,3149,2526,623
51191010302,3231,2626,605
51191010401,2546,2072,474
51191010402,3294,2663,631
51191010501,4012,3353,659
51191010502,4346,3645,701
51191010601,4087,3353,734
51191010602,2620,2264,356
51191010700,4252,3335,917
51191010800,2933,2373,560
51191010900,4148,3287,861
51191011000,3390,2786,604
51193010101,2073,1758,315
51193010102,2963,2416,547
51193010200,3642,2971,671
51193010300,3472,2751,721
51193010401,2551,2066,485
51193010402,3776,3093,683
51195930700,3081,2592,489
51195930800,1815,1440,375
51195930900,4013,3182,831
51195931000,2075,1685,390
51195931100,2428,1881,547
51195931200,6152,5056,1096
51195931300,3584,2840,744
51195931400,4541,3734,807
51195931500,4283,3363,920
51195931600,2390,1954,436
51195931700,1768,1424,344
51197050101,2790,2267,523
51197050102,2570,2055,515
51197050201,3172,2645,527
51197050202,3654,2877,777
51197050301,4411,3549,862
51197050302,3090,2416,674
51197050401,3649,2950,699
51197050402,4954,3933,1021
51199050203,6656,4907,1749
51199050205,4645,3676,969
51199050206,6702,5016,1686
51199050207,4540,2373,2167
51199050208,2026,1458,568
51199050303,5773,4362,1411
51199050304,5496,4407,1089
51199050305,3457,2703,754
51199050306,5287,4202,1085
51199050401,3652,2936,716
51199050402,3677,2860,817
51199050500,3724,2715,1009
51199050900,2370,1844,526
51199051000,4690,3957,733
51199051100,7350,5566,1784
51510200102,5043,3613,1430
51510200104,4095,3035,1060
51510200105,4065,3392,673
51510200106,3392,2814,578
51510200108,1667,1385,282
51510200109,5794,4431,1363
51510200110,2614,2437,177
51510200111,3909,3325,584
51510200201,3505,2986,519
51510200202,1698,1303,395
51510200301,3333,2626,707
51510200302,4452,3259,1193
51510200304,2825,2533,292
51510200305,2426,2044,382
51510200403,1410,1255,155
51510200404,3694,3003,691
51510200406,4949,3959,990
51510200407,3921,3392,529
51510200408,2713,2113,600
51510200409,6318,5216,1102
51510200500,4650,3929,721
51510200600,4731,3791,940
51510200701,951,853,98
51510200703,3494,2982,512
51510200704,2906,2692,214
51510200705,2597,2463,134
51510200801,2701,1998,703
51510200802,2991,2361,630
51510200900,5078,3697,1381
51510201000,2831,2535,296
51510201100,3388,2400,988
51510201202,3429,2742,687
51510201204,2878,2420,458
51510201205,2568,1990,578
51510201206,5710,3894,1816
51510201300,4004,3164,840
51510201400,4158,3255,903
51510201500,3835,3010,825
51510201601,3347,2895,452
51510201602,3220,2723,497
51510201802,2084,1803,281
51510201803,2393,2110,283
51510201804,3710,3180,530
51510201805,3383,3203,180
51510201900,1798,1594,204
51510202001,2379,2018,361
51510202002,2430,2211,219
51520020100,3709,2983,726
51520020201,2346,1840,506
51520020202,2479,2057,422
51520020300,2972,2213,759
51520020400,5713,4631,1082
51530930601,3357,2652,705
51530930602,3284,2702,582
51540000201,2697,2288,409
51540000202,5949,5241,708
51540000302,2877,2385,492
51540000401,3553,2669,884
51540000402,4485,3692,793
51540000501,3274,2654,620
51540000502,5751,4602,1149
51540000600,4183,3971,212
51540000700,4610,4010,600
51540000800,3912,2929,983
51540000900,2444,1953,491
51540001000,2818,2486,332
51550020001,1642,1337,305
51550020002,4322,3299,1023
51550020003,5667,4263,1404
51550020100,4911,3508,1403
51550020200,4289,3062,1227
51550020300,1681,1146,535
51550020400,2870,2169,701
51550020500,2016,1466,550
51550020600,4255,3296,959
51550020700,6114,4490,1624
51550020804,10716,8396,2320
51550020805,6033,4792,1241
51550020808,3400,2727,673
51550020809,4900,3775,1125
51550020810,2253,1779,474
51550020811,5356,4298,1058
51550020812,2213,1779,434
51550020813,2526,2143,383
51550020814,4463,3641,822
51550020903,2555,1924,631
51550020905,2718,2162,556
51550020907,2324,1958,366
51550020908,2441,2051,390
51550020909,2904,2231,673
51550020910,1548,1048,500
51550020911,3101,2528,573
51550020912,5020,4219,801
51550021004,8823,6343,2480
51550021005,5600,4347,1253
51550021009,4316,3279,1037
51550021010,6129,4574,1555
51550021011,3728,2745,983
51550021012,6115,4711,1404
51550021013,4479,3281,1198
51550021014,2851,2063,788
51550021015,2151,1557,594
51550021016,4625,3590,1035
51550021101,5468,4120,1348
51550021103,3575,2635,940
51550021104,5385,4598,787
51550021200,6705,4880,1825
51550021301,8568,6161,2407
51550021303,2432,1731,701
51550021304,3367,2308,1059
51550021305,3692,2557,1135
51550021306,2373,1628,745
51550021401,2087,1593,494
51550021402,6607,4971,1636
51550021403,4769,3569,1200
51550021405,2168,1608,560
51550021406,2563,1950,613
51550021407,2950,2308,642
51550021503,3248,2425,823
51550021504,3082,2360,722
51550021505,6094,4685,1409
51550021506,2651,1821,830
51550021507,5263,3841,1422
51550021602,6665,4943,1722
51550021603,1831,1430,401
51550021604,2025,1578,447
51550021605,4799,3611,1188
51570830100,4840,3904,936
51570830200,3646,2853,793
51570830300,2836,2228,608
51570830400,2693,2053,640
51570830500,4155,3199,956
51580060100,2962,2285,677
51580060200,2775,2275,500
51590000100,5856,4562,1294
51590000200,4140,3351,789
51590000300,3264,2581,683
51590000400,3708,2683,1025
51590000500,1809,1591,218
51590000600,2159,1680,479
51590000700,3336,2795,541
51590000800,2712,2147,565
51590000900,3579,2822,757
51590001000,3541,2661,880
51590001100,1244,1004,240
51590001200,1831,1398,433
51590001301,1526,1264,262
51590001302,841,674,167
51590001400,3039,2559,480
51595890100,2862,2044,818
51595890200,2904,2354,550
51600300100,5368,4354,1014
51600300200,5200,3955,1245
51600300300,5889,4847,1042
51600300400,4129,3332,797
51600300500,3560,2955,605
51610500100,3529,2700,829
51610500200,6692,5001,1691
51610500300,4437,3348,1089
51620090100,4695,3685,1010
51620090200,3485,2608,877
51630000100,3175,2789,386
51630000201,4690,3716,974
51630000202,1521,1327,194
51630000301,1725,1703,22
51630000302,4471,3558,913
51630000400,3528,2795,733
51630000500,8872,6361,2511
51640070101,4231,3382,849
51640070102,2489,1936,553
51650010103,7065,5500,1565
51650010104,6175,4478,1697
51650010200,1395,1178,217
51650010304,8137,6317,1820
51650010306,6865,5369,1496
51650010307,5554,4551,1003
51650010309,4316,3424,892
51650010310,4264,3437,827
51650010311,4315,3412,903
51650010312,3265,2578,687
51650010314,1838,1476,362
51650010315,3945,3390,555
51650010316,4220,3574,646
51650010400,6172,4980,1192
51650010502,2916,2394,522
51650010503,2598,2058,540
51650010504,3730,2972,758
51650010601,1949,1614,335
51650010602,3115,2360,755
51650010701,3456,2625,831
51650010702,3996,3058,938
51650010703,3134,2433,701
51650010800,5253,4294,959
51650010900,2384,1796,588
51650011001,2312,1967,345
51650011002,3076,2412,664
51650011100,494,444,50
51650011200,2803,2280,523
51650011300,1940,1472,468
51650011400,2614,2569,45
51650011500,4056,3347,709
51650011600,3056,2337,719
51650011800,4730,3664,1066
51650011900,2976,2270,706
51650012000,3089,2411,678
51650012100,5945,4729,1216
51660000101,4821,3441,1380
51660000102,5344,3997,1347
51660000203,1806,1483,323
51660000204,3640,2858,782
51660000205,6558,5581,977
51660000206,4507,4456,51
51660000207,6088,5615,473
51660000301,3402,2642,760
51660000302,6359,4944,1415
51660000401,3118,2741,377
51660000402,6171,4686,1485
51670820100,1556,1174,382
51670820300,2635,1936,699
51670820400,6155,4841,1314
51670820500,4858,3760,1098
51670820600,5399,4077,1322
51670820700,2430,1757,673
51678930501,4610,3815,795
51678980000,2710,2674,36
51680000100,4509,3700,809
51680000201,6588,5066,1522
51680000203,1519,1479,40
51680000204,3533,2757,776
51680000205,3372,2588,784
51680000300,3965,3106,859
51680000400,3012,2327,685
51680000500,829,756,73
51680000600,2758,2078,680
51680000700,3770,2885,885
51680000801,2061,1659,402
51680000802,3002,2479,523
51680000901,3493,2902,591
51680000902,2823,2164,659
51680001000,3045,2431,614
51680001100,1901,1452,449
51680001400,7403,7323,80
51680001601,2875,2225,650
51680001602,3340,2776,564
51680001603,2518,2056,462
51680001700,5533,4601,932
51680001800,2260,1939,321
51680001900,4900,3660,1240
51683910100,4656,3504,1152
51683910201,5239,4046,1193
51683910202,8207,5849,2358
51683910301,4579,3479,1100
51683910302,6436,4920,1516
51683910401,7543,5117,2426
51683910402,6112,4745,1367
51685920100,7137,5026,2111
51685920201,2872,2066,806
51685920202,7210,5609,1601
51690000100,3340,2691,649
51690000200,1983,1544,439
51690000300,2506,2000,506
51690000400,2593,1974,619
51690000500,3063,2450,613
51700030100,3770,2891,879
51700030300,5874,4349,1525
51700030400,3453,2311,1142
51700030500,1931,1429,502
51700030600,2335,1634,701
51700030800,2023,1487,536
51700030900,2616,1993,623
51700031100,3783,3266,517
51700031200,2287,1804,483
51700031300,4311,3488,823
51700031400,5925,4661,1264
51700031500,5984,4661,1323
51700031602,4362,3534,828
51700031603,4099,3184,915
51700031604,3055,2310,745
51700031701,4131,3694,437
51700031702,5361,4604,757
51700031800,3902,3225,677
51700031901,3793,3075,718
51700031902,4270,3530,740
51700032001,3054,2444,610
51700032002,5960,4723,1237
51700032005,2635,2059,576
51700032006,4226,3069,1157
51700032007,3419,2699,720
51700032113,3221,2729,492
51700032114,1668,1335,333
51700032117,4325,3594,731
51700032123,5477,4019,1458
51700032124,3684,2747,937
51700032126,4095,2901,1194
51700032128,4814,3902,912
51700032129,3337,2539,798
51700032130,5499,4411,1088
51700032131,4667,3621,1046
51700032132,5492,4397,1095
51700032133,1927,1605,322
51700032134,2638,2125,513
51700032211,6041,4769,1272
51700032212,4223,3166,1057
51700032223,3896,2835,1061
51700032225,4376,3038,1338
51700032226,4461,3208,1253
51700032227,4584,3427,1157
51700032228,2808,2054,754
51700032300,5160,3759,1401
51700032400,3295,2414,881
51710000100,2357,1937,420
51710000201,2824,2324,500
51710000202,3807,2969,838
51710000300,3112,2562,550
51710000400,3333,2871,462
51710000500,3190,2543,647
51710000600,4506,3301,1205
51710000700,2940,2260,680
51710000800,2146,1677,469
51710000901,6124,4595,1529
51710000902,14006,13299,707
51710001100,2356,1929,427
51710001200,3772,3009,763
51710001300,2337,1855,482
51710001400,2546,2111,435
51710001500,2039,1684,355
51710001600,1746,1350,396
51710001700,2283,1940,343
51710002000,1588,1331,257
51710002100,1495,1180,315
51710002200,1906,1554,352
51710002300,2249,1728,521
51710002400,3515,2578,937
51710002500,4561,4185,376
51710002600,4241,3966,275
51710002700,2744,2151,593
51710002800,4359,3729,630
51710002900,3581,2770,811
51710003000,1880,1570,310
51710003100,2923,2322,601
51710003200,2632,2044,588
51710003300,2593,2048,545
51710003400,2101,1556,545
51710003501,3256,2350,906
51710003600,2172,1955,217
51710003700,2148,1915,233
51710003800,2766,2320,446
51710004001,1223,1032,191
51710004002,3294,2980,314
51710004100,1848,1068,780
51710004200,1171,807,364
51710004300,3074,2332,742
51710004400,1542,1152,390
51710004500,1377,1133,244
51710004600,1991,1289,702
51710004700,2984,2874,110
51710004800,1430,834,596
51710004900,5469,5282,187
51710005000,3164,2325,839
51710005100,3897,2620,1277
51710005500,2854,2195,659
51710005601,3904,3146,758
51710005602,3358,2652,706
51710005701,4212,3263,949
51710005702,2624,2106,518
51710005800,4296,3273,1023
51710005901,4963,3807,1156
51710005902,4068,3188,880
51710005903,1590,1283,307
51710006000,3485,2754,731
51710006100,7386,5797,1589
51710006200,3241,2563,678
51710006400,3192,2593,599
51710006501,2930,2333,597
51710006502,3458,2922,536
51710006601,1513,889,624
51710006602,2428,1936,492
51710006603,2356,1909,447
51710006604,2474,1985,489
51710006605,2649,2229,420
51710006606,4195,3422,773
51710006607,2865,2270,595
51710006800,1682,1377,305
51710006901,3571,2817,754
51710006902,2398,2046,352
51710007001,2265,1656,609
51710007002,3443,2873,570
51720960100,3687,2895,792
51730810100,2501,1860,641
51730810300,2712,2200,512
51730810400,1688,1404,284
51730810500,4019,3104,915
51730810600,1739,1318,421
51730810700,1961,1588,373
51730810900,3342,2752,590
51730811000,4447,3658,789
51730811100,3274,2802,472
51730811200,4749,3804,945
51730811300,3026,2566,460
51735340100,3876,3030,846
51735340200,5299,4124,1175
51735340300,3285,2439,846
51740210200,2119,1697,422
51740210300,2308,1823,485
51740210400,1432,1203,229
51740210500,1717,1056,661
51740210600,1555,1259,296
51740210900,4073,3636,437
51740211100,1933,1424,509
51740211400,1860,1310,550
51740211500,1953,1419,534
51740211600,4015,3223,792
51740211700,3109,2427,682
51740211800,3483,2373,1110
51740211900,1632,1185,447
51740212000,2146,1546,600
51740212100,1285,893,392
51740212300,4895,3592,1303
51740212400,3925,2774,1151
51740212500,2150,1693,457
51740212600,1747,1323,424
51740212701,5258,4502,756
51740212702,3238,2645,593
51740212801,4709,3613,1096
51740212802,2815,2322,493
51740212900,5246,4225,1021
51740213001,6440,5164,1276
51740213002,4303,3477,826
51740213101,5044,3751,1293
51740213103,6719,5168,1551
51740213104,3976,2985,991
51740213200,2206,1833,373
51740980100,624,623,1
51750010101,3762,3411,351
51750010102,5376,5035,341
51750010201,4028,3037,991
51750010202,2904,2349,555
51760010201,1754,1467,287
51760010202,1963,1802,161
51760010300,1445,1047,398
51760010401,2889,2395,494
51760010402,3513,2974,539
51760010500,1465,1233,232
51760010600,1978,1582,396
51760010700,2454,2000,454
51760010800,3409,2862,547
51760010900,2739,2237,502
51760011000,2169,1767,402
51760011100,3550,3189,361
51760020100,1663,1039,624
51760020200,3497,2161,1336
51760020300,1783,1434,349
51760020400,4449,3085,1364
51760020501,3131,2915,216
51760020502,3317,3185,132
51760020600,1814,1679,135
51760020700,1614,1356,258
51760020800,1717,1532,185
51760020900,3090,2565,525
51760021000,1623,1138,485
51760021100,1738,1406,332
51760021200,1420,1190,230
51760030100,2500,1454,1046
51760030200,2460,2307,153
51760030501,3808,3594,214
51760030502,2541,2453,88
51760040201,3093,2894,199
51760040202,3356,3227,129
51760040300,5560,5468,92
51760040400,4350,4089,261
51760040500,3298,3036,262
51760040600,1863,1751,112
51760040700,2657,2422,235
51760040800,1440,1311,129
51760040900,2609,2374,235
51760041000,2715,2465,250
51760041100,4303,4014,289
51760041200,1276,1200,76
51760041300,3042,2633,409
51760041400,2195,1951,244
51760041600,1421,1268,153
51760050100,3118,2637,481
51760050200,3380,2689,691
51760050300,1427,1234,193
51760050400,3084,2382,702
51760050500,5045,4463,582
51760050600,2637,2020,617
51760060200,2237,1814,423
51760060400,5106,3962,1144
51760060501,2116,1753,363
51760060502,3796,3241,555
51760060600,2497,2050,447
51760060700,5187,3553,1634
51760060800,3572,2420,1152
51760060900,1613,1122,491
51760061001,2813,2319,494
51760061002,4063,3809,254
51760070100,5711,4995,716
51760070300,3441,2880,561
51760070400,3888,3405,483
51760070601,6806,4716,2090
51760070602,2371,1764,607
51760070700,5276,3974,1302
51760070802,2890,2237,653
51760070803,4699,3404,1295
51760070804,3324,2637,687
51760070901,4583,3328,1255
51760070902,2466,2002,464
51760071002,3414,2671,743
51760071003,2998,2436,562
51760071004,2594,1992,602
51760071100,5787,4886,901
51770000100,3796,2930,866
51770000300,4913,3810,1103
51770000400,5350,4286,1064
51770000500,4775,3756,1019
51770000601,5098,3908,1190
51770000602,3656,3030,626
51770000900,5759,4001,1758
51770001000,2074,1582,492
51770001100,2067,2005,62
51770001200,3556,3096,460
51770001800,3929,3218,711
51770001900,5049,4022,1027
51770002100,3864,3362,502
51770002200,2834,2258,576
51770002301,3253,2425,828
51770002302,3803,3046,757
51770002400,3792,2842,950
51770002501,2632,1912,720
51770002502,2879,2052,827
51770002600,2623,1958,665
51770002700,5191,3946,1245
51770002800,5559,4334,1225
51770002900,5511,4517,994
51770003000,4095,3517,578
51770003100,3953,3135,818
51775010100,5928,4621,1307
51775010200,6937,5873,1064
51775010300,4378,3544,834
51775010501,3357,2843,514
51775010502,4746,3701,1045
51790000100,1145,1034,111
51790000200,4096,3271,825
51790000300,5340,4323,1017
51790000401,3964,3274,690
51790000402,3642,2850,792
51790000500,3239,2778,461
51790000600,4324,3475,849
51800065100,2124,1536,588
51800065200,2265,1802,463
51800065301,1458,1143,315
51800065302,1713,1270,443
51800065401,2387,1704,683
51800065402,1149,807,342
51800065500,2830,2095,735
51800075103,4005,3004,1001
51800075104,3213,2657,556
51800075105,2730,2153,577
51800075106,4866,3482,1384
51800075202,1562,1148,414
51800075203,4283,2993,1290
51800075205,3267,2568,699
51800075206,2635,1853,782
51800075207,1902,1409,493
51800075208,2815,2257,558
51800075301,2253,1872,381
51800075302,2455,1978,477
51800075401,3182,2677,505
51800075402,4572,3348,1224
51800075404,1160,956,204
51800075405,2273,1844,429
51800075406,3605,2682,923
51800075407,1510,1231,279
51800075502,4162,3122,1040
51800075503,3135,2329,806
51800075504,3158,2228,930
51800075601,3128,2385,743
51800075602,1476,1225,251
51800075701,1667,1268,399
51800075702,3408,2631,777
51800075703,1521,1221,300
51800075801,3128,2520,608
51800075802,1825,1448,377
51800075803,1502,1163,339
51810040000,2548,1859,689
51810040200,5391,4181,1210
51810040403,4170,3401,769
51810040404,8290,6860,1430
51810040405,3003,2316,687
51810040406,4910,3593,1317
51810040600,7591,5892,1699
51810040801,4068,3166,902
51810040802,4966,3867,1099
51810041002,2356,1822,534
51810041003,3534,2764,770
51810041004,3964,3085,879
51810041200,6428,5263,1165
51810041400,5386,4096,1290
51810041600,3485,2835,650
51810041801,5184,3884,1300
51810041803,2951,2466,485
51810041804,3124,2640,484
51810042000,3626,2798,828
51810042201,3745,2821,924
51810042202,4418,3518,900
51810042400,4902,3816,1086
51810042600,2468,1944,524
51810042801,5552,4358,1194
51810042802,4413,3567,846
51810043002,4439,3316,1123
51810043004,4007,3268,739
51810043005,2167,2076,91
51810043006,2654,2324,330
51810043200,1187,747,440
51810043400,2128,1892,236
51810043600,1798,1540,258
51810043800,4104,3484,620
51810044004,2440,2141,299
51810044005,2251,1956,295
51810044006,3391,2912,479
51810044007,3754,3112,642
51810044008,1835,1556,279
51810044201,2983,2523,460
51810044202,4041,2888,1153
51810044401,3752,2873,879
51810044402,5956,4751,1205
51810044600,5918,4854,1064
51810044805,3252,2680,572
51810044806,3313,2600,713
51810044807,5609,4305,1304
51810044808,4106,3238,868
51810045000,1362,1299,63
51810045200,3299,2387,912
51810045405,4579,3593,986
51810045407,4456,3375,1081
51810045408,6311,4736,1575
51810045412,1542,1298,244
51810045414,6068,4502,1566
51810045415,1893,1450,443
51810045420,5520,4143,1377
51810045421,3599,2618,981
51810045422,4859,3619,1240
51810045424,6960,4950,2010
51810045425,2846,2147,699
51810045426,6452,4861,1591
51810045427,6203,4653,1550
51810045428,1518,1306,212
51810045429,5202,3849,1353
51810045430,4079,3107,972
51810045431,4208,3089,1119
51810045432,4848,3642,1206
51810045433,4542,3706,836
51810045434,5444,4374,1070
51810045601,2870,2276,594
51810045603,2192,1916,276
51810045605,2761,2316,445
51810045606,3848,3132,716
51810045801,4672,3685,987
51810045803,3206,2587,619
51810045805,1293,1019,274
51810045806,3906,3037,869
51810045807,1552,1291,261
51810045808,3231,2535,696
51810045809,6212,4836,1376
51810045810,2082,1336,746
51810046002,5483,4278,1205
51810046006,4379,3481,898
51810046009,5352,4215,1137
51810046010,3017,2233,784
51810046011,1521,1250,271
51810046013,4460,3453,1007
51810046014,6301,4831,1470
51810046015,5584,4153,1431
51810046016,3888,2858,1030
51810046017,3423,2608,815
51810046018,4389,3165,1224
51810046019,3589,2883,706
51810046020,5738,4372,1366
51810046204,5308,4237,1071
51810046206,5313,4137,1176
51810046207,6204,4766,1438
51810046211,3014,2393,621
51810046212,3950,3167,783
51810046213,6052,4630,1422
51810046214,5136,3842,1294
51810046216,6385,4664,1721
51810046217,5668,4147,1521
51810046219,4157,3189,968
51810046220,5671,4572,1099
51810046221,3817,2775,1042
51810046222,5087,3935,1152
51810046223,2685,2122,563
51810046224,4614,3380,1234
51810046225,4864,3685,1179
51810046400,5248,4147,1101
51820003100,1116,889,227
51820003200,5093,3859,1234
51820003300,4993,3867,1126
51820003400,5583,4405,1178
51820003500,5411,4404,1007
51830370100,5119,4694,425
51830370200,2928,2387,541
51830370300,7378,6829,549
51840000101,3267,2422,845
51840000102,3812,2809,1003
51840000201,3679,3041,638
51840000202,5987,4918,1069
51840000301,5261,4305,956
51840000302,6114,4740,1374
53001950100,2579,2001,578
53001950200,1804,1311,493
53001950301,1759,1194,565
53001950302,2599,1631,968
53001950303,3067,1894,1173
53001950400,2859,1868,991
53001950500,5946,3731,2215
53003960100,4392,3484,908
53003960200,4781,3917,864
53003960300,3614,2789,825
53003960400,2272,1814,458
53003960500,3476,2776,700
53003960600,3750,2949,801
53005010100,4684,3766,918
53005010201,6203,4826,1377
53005010203,3975,3135,840
53005010204,3236,2402,834
53005010300,5643,4339,1304
53005010400,3731,2796,935
53005010500,3154,2183,971
53005010600,4551,3454,1097
53005010701,2184,1675,509
53005010703,3697,2816,881
53005010705,5535,4022,1513
53005010707,3687,2505,1182
53005010708,4532,3287,1245
53005010807,1558,1116,442
53005010809,6792,5159,1633
53005010810,5430,4201,1229
53005010811,5530,3999,1531
53005010814,5129,3534,1595
53005010815,9675,7027,2648
53005010816,5525,4198,1327
53005010817,6613,4818,1795
53005010818,3358,2437,921
53005010819,3431,2539,892
53005010820,3916,3162,754
53005010901,6025,4576,1449
53005010902,5620,4026,1594
53005011001,5482,4084,1398
53005011002,5038,3636,1402
53005011100,7838,5737,2101
53005011201,4564,3004,1560
53005011202,3168,2049,1119
53005011300,4925,3584,1341
53005011401,4317,3014,1303
53005011402,5492,4082,1410
53005011501,6971,5239,1732
53005011504,3367,2397,970
53005011505,4534,3491,1043
53005011506,6575,4792,1783
53005011600,835,607,228
53005011701,2591,1883,708
53005011702,4837,3493,1344
53005011801,3366,2456,910
53005011802,3183,2309,874
53005011900,6355,4777,1578
53007960100,2661,2109,552
53007960201,4148,3360,788
53007960202,1825,1525,300
53007960203,957,834,123
53007960301,2687,2183,504
53007960302,2586,1985,601
53007960303,1811,1476,335
53007960400,4034,3185,849
53007960501,2938,2278,660
53007960502,4289,3287,1002
53007960600,4235,3191,1044
53007960700,4296,3282,1014
53007960801,2948,2362,586
53007960803,3681,2943,738
53007960804,4567,3496,1071
53007961001,2802,2187,615
53007961002,3778,2941,837
53007961101,4554,3204,1350
53007961102,5881,4213,1668
53007961200,4531,3569,962
53007961301,1395,1117,278
53007961303,4063,3194,869
53007961304,4407,3484,923
53009000300,4593,3361,1232
53009000600,3451,2864,587
53009000700,4001,3163,838
53009000800,4186,3394,792
53009000900,2895,2364,531
53009001000,2388,2025,363
53009001100,3158,2436,722
53009001200,4039,3365,674
53009001300,3209,2683,526
53009001400,5009,4229,780
53009001500,2218,1787,431
53009001600,3490,3014,476
53009001701,2113,1794,319
53009001702,2913,2577,336
53009001800,3304,2847,457
53009001901,3188,2776,412
53009001902,3172,2851,321
53009002001,3003,2765,238
53009002002,3410,3013,397
53009002100,3774,3176,598
53009002301,1974,1795,179
53009002302,2496,2178,318
53009002400,3463,2996,467
53009940000,1708,1135,573
53011040101,5606,3900,1706
53011040102,3903,2660,1243
53011040201,6560,5070,1490
53011040202,4345,3139,1206
53011040203,5642,4279,1363
53011040301,2025,1557,468
53011040303,5527,3921,1606
53011040304,3054,2167,887
53011040305,3063,2210,853
53011040403,4209,3251,958
53011040407,5930,4405,1525
53011040408,3915,3082,833
53011040409,2180,1785,395
53011040411,2238,1939,299
53011040412,5915,4595,1320
53011040413,3272,2404,868
53011040414,6705,4716,1989
53011040415,4649,3451,1198
53011040416,3592,2731,861
53011040504,5438,4096,1342
53011040505,6207,4653,1554
53011040507,2443,1873,570
53011040509,3218,2521,697
53011040510,6265,4961,1304
53011040511,2574,1913,661
53011040512,2458,1804,654
53011040513,4735,3571,1164
53011040603,5009,3922,1087
53011040604,7057,5250,1807
53011040605,7107,5120,1987
53011040608,5029,3675,1354
53011040609,5208,3559,1649
53011040610,4065,2833,1232
53011040703,6800,5205,1595
53011040706,4057,3073,984
53011040707,3318,2521,797
53011040709,5825,4229,1596
53011040711,3161,2303,858
53011040712,6792,4968,1824
53011040713,4549,3366,1183
53011040714,4652,3418,1234
53011040715,2780,2097,683
53011040803,5540,4326,1214
53011040806,5143,3918,1225
53011040808,1755,1339,416
53011040809,6938,5186,1752
53011040810,3856,2951,905
53011040811,3593,2855,738
53011040812,5036,4015,1021
53011040904,6364,4979,1385
53011040905,3446,2720,726
53011040907,6597,5020,1577
53011040908,6931,5277,1654
53011040909,5293,4305,988
53011040910,4421,3178,1243
53011041003,4266,3435,831
53011041005,2732,2023,709
53011041007,3580,2844,736
53011041008,3942,3140,802
53011041009,4047,3316,731
53011041010,4725,3803,922
53011041011,3663,2938,725
53011041104,4101,3009,1092
53011041105,6463,5078,1385
53011041107,3046,2397,649
53011041110,6905,5186,1719
53011041111,4068,2934,1134
53011041112,6911,5151,1760
53011041113,2322,1867,455
53011041114,4614,3936,678
53011041203,5513,4213,1300
53011041205,5386,4323,1063
53011041206,6258,4879,1379
53011041207,2222,1765,457
53011041208,4652,3907,745
53011041309,4905,3983,922
53011041310,5013,4362,651
53011041312,5506,4036,1470
53011041313,3038,2261,777
53011041317,6662,5255,1407
53011041319,6590,5086,1504
53011041320,6580,5034,1546
53011041321,2801,2166,635
53011041322,4919,3826,1093
53011041323,5732,4542,1190
53011041325,5579,4225,1354
53011041326,2577,1956,621
53011041328,6058,4697,1361
53011041329,5397,4330,1067
53011041330,4887,3701,1186
53011041331,2934,2191,743
53011041332,3599,2785,814
53011041333,3333,2516,817
53011041334,2958,2119,839
53011041335,6275,4505,1770
53011041336,3461,2554,907
53011041337,3157,2569,588
53011041400,6176,4555,1621
53011041500,2781,2128,653
53011041600,3711,2683,1028
53011041700,4145,3136,1009
53011041800,4221,3288,933
53011041900,2098,1801,297
53011042000,1612,1298,314
53011042100,3187,2512,675
53011042300,3303,2817,486
53011042400,1924,1838,86
53011042500,1535,1379,156
53011042601,1966,1811,155
53011042602,3573,3019,554
53011042700,4910,3761,1149
53011042800,2932,2419,513
53011042900,1646,1253,393
53011043000,1885,1497,388
53011043100,4339,3535,804
53013960200,3952,3277,675
53015000400,3996,3377,619
53015000501,2902,2279,623
53015000502,4912,3449,1463
53015000601,3871,2937,934
53015000602,3144,2534,610
53015000702,3160,2434,726
53015000703,1697,1354,343
53015000705,4039,3079,960
53015000706,3305,2630,675
53015000801,3536,2817,719
53015000802,3608,2832,776
53015000901,3834,2862,972
53015000902,3848,2862,986
53015001000,1336,1019,317
53015001100,6254,4618,1636
53015001200,4571,3583,988
53015001300,3856,2868,988
53015001501,3541,2724,817
53015001503,6105,4594,1511
53015001504,3492,2506,986
53015001601,4387,3470,917
53015001602,2884,2191,693
53015001700,5857,4596,1261
53015001800,2144,1668,476
53015001900,5278,4205,1073
53015002001,3738,3103,635
53015002003,4871,3740,1131
53015002004,2094,1653,441
53015002100,3899,3144,755
53015980000,571,468,103
53017950101,3579,2739,840
53017950102,3059,2161,898
53017950200,2452,1898,554
53017950300,7295,5597,1698
53017950400,7786,5884,1902
53017950500,3596,2746,850
53017950600,4708,3537,1171
53017950700,4609,3338,1271
53017950800,5854,4299,1555
53019940000,1713,1250,463
53019970100,2529,2105,424
53019970200,2936,2476,460
53021020101,2532,1613,919
53021020102,5279,3311,1968
53021020103,3546,2106,1440
53021020201,1998,1319,679
53021020202,3786,2509,1277
53021020300,5475,3812,1663
53021020401,1687,1074,613
53021020402,1922,1265,657
53021020403,3212,2224,988
53021020404,2615,1785,830
53021020501,5540,4122,1418
53021020503,3351,2478,873
53021020504,7046,5023,2023
53021020603,5151,3344,1807
53021020605,10570,7311,3259
53021020606,8686,5926,2760
53021020607,6332,4017,2315
53021020608,6843,4836,2007
53021020700,1499,1056,443
53021020801,3525,2281,1244
53021020802,6154,4890,1264
53023970300,2286,1799,487
53025010100,3633,2996,637
53025010200,3314,2479,835
53025010300,4642,3575,1067
53025010401,3241,2384,857
53025010402,5630,4001,1629
53025010500,3341,2534,807
53025010600,7601,5058,2543
53025010700,3327,2395,932
53025010800,4607,3144,1463
53025010901,1590,1189,401
53025010903,5527,3879,1648
53025010904,6282,4495,1787
53025011001,6660,4727,1933
53025011002,6849,5017,1832
53025011101,4188,3026,1162
53025011102,3814,2941,873
53025011200,6132,4519,1613
53025011300,3687,2563,1124
53025011401,2581,1893,688
53025011403,4708,2805,1903
53025011404,1411,956,455
53025011405,3042,1952,1090
53025011406,3316,2372,944
53027000201,6728,6112,616
53027000202,2018,1725,293
53027000300,3308,2673,635
53027000401,2927,2379,548
53027000402,3978,3146,832
53027000501,2994,2261,733
53027000502,4192,3184,1008
53027000600,4110,3238,872
53027000700,4740,3732,1008
53027000800,4238,3319,919
53027000900,6114,4685,1429
53027001000,3796,2886,910
53027001100,4330,3496,834
53027001200,4477,3346,1131
53027001300,3535,2794,741
53027001400,2144,1641,503
53027001500,3937,3070,867
53027001601,2995,2521,474
53027001602,3706,3471,235
53027940000,1369,851,518
53029970100,2830,2315,515
53029970200,1788,1711,77
53029970300,5475,4479,996
53029970401,3468,2566,902
53029970402,3302,2515,787
53029970500,6853,5342,1511
53029970601,3561,2804,757
53029970602,3541,2845,696
53029970700,2163,1805,358
53029970800,2767,2262,505
53029970900,5066,2973,2093
53029971000,5158,4357,801
53029971100,3610,3033,577
53029971301,2423,2125,298
53029971302,2414,2211,203
53029971400,4713,4081,632
53029971500,3848,3270,578
53029971600,4365,3588,777
53029971700,4430,3862,568
53029971800,2851,2486,365
53029971900,4067,3521,546
53029972000,4275,3704,571
53029972100,3889,3320,569
53031950202,1936,1661,275
53031950301,3764,3399,365
53031950302,3071,2804,267
53031950400,4332,3580,752
53031950501,4724,4145,579
53031950502,2653,2365,288
53031950602,3591,2997,594
53031950603,3306,2948,358
53031950604,3483,3188,295
53031950702,2117,1864,253
53033000101,3759,3139,620
53033000102,4321,3723,598
53033000201,4416,3749,667
53033000202,4099,3326,773
53033000300,2820,2279,541
53033000402,5174,4328,846
53033000403,3074,2733,341
53033000404,4067,3315,752
53033000500,3400,2701,699
53033000601,4074,3406,668
53033000602,4006,3323,683
53033000700,5204,4449,755
53033000800,2693,2164,529
53033000900,2076,1689,387
53033001000,2012,1564,448
53033001100,2711,2239,472
53033001201,3781,3279,502
53033001202,3880,3337,543
53033001300,5085,4425,660
53033001400,5298,4360,938
53033001500,2679,2106,573
53033001600,4504,3534,970
53033001701,4252,3657,595
53033001702,5327,4515,812
53033001800,5109,4435,674
53033001900,4959,4128,831
53033002000,3723,3041,682
53033002100,4423,3617,806
53033002200,5948,4661,1287
53033002400,3217,2410,807
53033002500,3155,2497,658
53033002600,5355,4340,1015
53033002700,5876,4804,1072
53033002800,4956,4026,930
53033002900,4690,3748,942
53033003000,6493,5047,1446
53033003100,6545,5119,1426
53033003201,4724,4228,496
53033003202,4781,3921,860
53033003301,4351,3730,621
53033003302,3466,2916,550
53033003400,3560,2882,678
53033003500,4210,3491,719
53033003601,3838,3340,498
53033003602,4574,4286,288
53033003800,2469,1932,537
53033003900,3041,2227,814
53033004000,3308,2457,851
53033004101,3914,2892,1022
53033004102,4198,3285,913
53033004201,3959,3083,876
53033004202,4441,3457,984
53033004301,3943,3237,706
53033004302,3920,3767,153
53033004401,3810,3330,480
53033004402,3564,3358,206
53033004500,2972,2461,511
53033004600,3563,2815,748
53033004701,3639,3502,137
53033004702,3917,3724,193
53033004703,3635,3267,368
53033004800,5113,4339,774
53033004901,3846,3492,354
53033004902,3143,2878,265
53033005000,4523,4010,513
53033005100,4012,3237,775
53033005201,3898,3384,514
53033005202,3595,3485,110
53033005303,5310,5268,42
53033005304,3506,3470,36
53033005305,2885,2830,55
53033005306,3134,2944,190
53033005307,2921,2824,97
53033005401,3853,3604,249
53033005402,3262,2864,398
53033005600,7130,5408,1722
53033005700,6586,5095,1491
53033005801,6116,5229,887
53033005803,3347,2764,583
53033005804,2993,2758,235
53033005901,3570,3300,270
53033005902,4127,3213,914
53033006000,6061,5272,789
53033006100,5667,5141,526
53033006200,4075,3255,820
53033006300,5530,4597,933
53033006400,3420,2662,758
53033006500,4672,4206,466
53033006600,4061,3834,227
53033006701,4060,3870,190
53033006702,3256,3061,195
53033006703,3259,2875,384
53033006800,3341,2689,652
53033006900,4698,3785,913
53033007001,3757,3565,192
53033007002,3981,3698,283
53033007101,3221,3044,177
53033007102,2661,2546,115
53033007201,4646,4473,173
53033007202,4148,3956,192
53033007203,3421,3173,248
53033007301,3736,3613,123
53033007302,5290,5096,194
53033007303,3880,3749,131
53033007403,2545,2499,46
53033007404,2799,2721,78
53033007405,2801,2718,83
53033007406,2589,2536,53
53033007501,3915,3793,122
53033007502,3474,3336,138
53033007503,2460,2375,85
53033007600,4344,3898,446
53033007700,5390,4633,757
53033007800,5285,4237,1048
53033007901,2807,2676,131
53033007902,3682,3338,344
53033008002,4419,4288,131
53033008003,4119,3997,122
53033008004,3410,3285,125
53033008101,2808,2716,92
53033008102,3005,2952,53
53033008200,4802,4659,143
53033008300,3417,3311,106
53033008401,3469,3298,171
53033008402,3012,2908,104
53033008500,4464,4172,292
53033008600,7639,7338,301
53033008700,4244,3702,542
53033008800,3822,3211,611
53033008900,5625,4595,1030
53033009000,4284,3790,494
53033009100,2935,2659,276
53033009200,3374,3188,186
53033009300,3611,3298,313
53033009400,6566,5749,817
53033009500,6747,5479,1268
53033009600,5847,4969,878
53033009701,5955,5135,820
53033009702,5911,4542,1369
53033009801,3846,3064,782
53033009802,3523,2849,674
53033009900,6257,5367,890
53033010001,4526,3649,877
53033010002,4861,4045,816
53033010101,4328,3336,992
53033010102,4382,3526,856
53033010200,5035,4006,1029
53033010301,3850,2994,856
53033010302,3767,3316,451
53033010401,4514,3719,795
53033010402,5097,4117,980
53033010501,4778,4255,523
53033010502,5294,4661,633
53033010601,4074,3400,674
53033010602,3991,3320,671
53033010701,4121,3165,956
53033010702,4536,3163,1373
53033010800,5063,4017,1046
53033010900,1457,1302,155
53033011001,4790,3629,1161
53033011002,4590,3399,1191
53033011101,5747,4716,1031
53033011102,4652,3597,1055
53033011200,3736,2954,782
53033011300,6600,5390,1210
53033011401,4226,3483,743
53033011402,4199,3400,799
53033011500,4452,3618,834
53033011601,3555,2880,675
53033011602,3321,2690,631
53033011700,5657,4491,1166
53033011801,3794,2982,812
53033011802,4223,3128,1095
53033011901,3718,2995,723
53033011902,3869,3123,746
53033012000,3560,2761,799
53033012100,2793,2314,479
53033020100,3335,2681,654
53033020200,5887,4683,1204
53033020301,3754,3108,646
53033020302,3718,3072,646
53033020401,3917,3178,739
53033020402,5682,4426,1256
53033020500,7451,5998,1453
53033020600,3842,3069,773
53033020700,4170,3406,764
53033020800,4599,3639,960
53033020900,3700,3007,693
53033021000,5966,4863,1103
53033021100,4543,3665,878
53033021300,4030,3433,597
53033021400,3907,3074,833
53033021500,4622,3641,981
53033021600,5458,4392,1066
53033021701,4604,3394,1210
53033021702,4656,3791,865
53033021802,6090,4594,1496
53033021803,6097,4900,1197
53033021804,5632,4630,1002
53033021903,6187,5006,1181
53033021904,5762,4391,1371
53033021905,5540,4365,1175
53033021906,4673,3568,1105
53033022001,5570,4438,1132
53033022003,5109,4086,1023
53033022005,5132,4178,954
53033022006,3935,3251,684
53033022101,5257,4143,1114
53033022102,6921,5122,1799
53033022201,4583,3568,1015
53033022203,5419,4176,1243
53033022204,3815,2973,842
53033022205,4071,3436,635
53033022300,2878,2315,563
53033022401,4045,3115,930
53033022402,5544,4512,1032
53033022501,4390,3283,1107
53033022502,4725,4197,528
53033022603,6488,4987,1501
53033022604,5238,3850,1388
53033022605,6300,5008,1292
53033022606,6060,4651,1409
53033022701,3284,2869,415
53033022702,4185,3326,859
53033022703,2655,1900,755
53033022802,5515,4185,1330
53033022803,7566,5985,1581
53033022804,4936,3889,1047
53033022805,4181,3366,815
53033022901,3000,2392,608
53033022902,6821,5180,1641
53033023000,7193,5764,1429
53033023100,4158,3236,922
53033023201,6652,5330,1322
53033023202,5017,4026,991
53033023300,6895,5312,1583
53033023401,4206,3289,917
53033023403,4371,3403,968
53033023404,3442,2563,879
53033023500,4063,3128,935
53033023601,4412,3566,846
53033023603,6705,5200,1505
53033023604,6581,5173,1408
53033023701,4254,3309,945
53033023702,1165,1034,131
53033023801,3536,2884,652
53033023805,3076,2789,287
53033023806,3115,2822,293
53033023807,5750,5250,500
53033023808,2869,2686,183
53033023901,4551,3583,968
53033023902,3040,2279,761
53033024001,4791,3545,1246
53033024002,4230,3231,999
53033024100,4717,3439,1278
53033024200,2898,2154,744
53033024301,5153,4310,843
53033024302,3954,3003,951
53033024400,3053,2379,674
53033024500,5192,3823,1369
53033024601,4665,3479,1186
53033024602,3731,2717,1014
53033024701,4053,3110,943
53033024703,3984,3173,811
53033024704,3799,3128,671
53033024800,6299,4867,1432
53033024901,5344,4019,1325
53033024902,4176,3117,1059
53033024904,2908,2187,721
53033024905,4115,3161,954
53033025001,5638,4393,1245
53033025005,6163,4725,1438
53033025006,6613,5038,1575
53033025007,4868,3757,1111
53033025008,2499,1893,606
53033025101,6028,4658,1370
53033025103,5073,3872,1201
53033025104,4354,3051,1303
53033025201,3965,3088,877
53033025202,4674,3692,982
53033025302,5292,4609,683
53033025303,2986,2594,392
53033025304,3733,3106,627
53033025401,3997,3100,897
53033025402,3785,2946,839
53033025500,5314,4196,1118
53033025601,5366,4255,1111
53033025602,7173,5240,1933
53033025702,3606,2922,684
53033025703,3428,2932,496
53033025704,2986,2413,573
53033025803,5261,3996,1265
53033025804,3757,2934,823
53033025805,5606,4494,1112
53033025806,5303,4219,1084
53033026001,5551,4597,954
53033026003,4599,3229,1370
53033026004,3927,3258,669
53033026101,4052,3245,807
53033026102,3646,2872,774
53033026200,6469,5246,1223
53033026300,1743,1385,358
53033026400,5982,4774,1208
53033026500,4384,3329,1055
53033026600,2484,2041,443
53033026700,5856,4636,1220
53033026801,6594,4960,1634
53033026802,6238,4786,1452
53033027000,3453,2749,704
53033027100,3773,2957,816
53033027200,2931,2306,625
53033027300,6670,4988,1682
53033027400,5781,4549,1232
53033027500,4977,4059,918
53033027600,4324,3401,923
53033027701,5884,4914,970
53033027702,5171,4360,811
53033027800,3316,2836,480
53033027901,3757,3083,674
53033027902,3885,3282,603
53033028000,3797,2927,870
53033028100,2934,2251,683
53033028200,5128,4095,1033
53033028300,6194,4909,1285
53033028402,5921,4476,1445
53033028403,5787,4757,1030
53033028500,4680,3604,1076
53033028600,6662,5357,1305
53033028700,5418,4303,1115
53033028801,3732,3259,473
53033028802,6976,5294,1682
53033028901,3653,3109,544
53033028902,7177,5127,2050
53033029001,4485,3778,707
53033029003,6266,4806,1460
53033029004,4016,2716,1300
53033029101,4231,3102,1129
53033029102,4675,3630,1045
53033029203,4405,3634,771
53033029205,5119,4016,1103
53033029206,4582,3505,1077
53033029207,2917,2312,605
53033029208,4520,3302,1218
53033029304,5750,4532,1218
53033029305,4667,3672,995
53033029306,4361,3398,963
53033029307,3903,3053,850
53033029308,3534,2839,695
53033029309,5047,4089,958
53033029403,6306,4899,1407
53033029405,6269,4823,1446
53033029406,5346,4101,1245
53033029407,5112,3803,1309
53033029408,4626,3620,1006
53033029504,6469,4866,1603
53033029505,3963,3108,855
53033029506,4844,3464,1380
53033029507,3674,2813,861
53033029508,4165,3222,943
53033029602,7288,5425,1863
53033029603,3925,2883,1042
53033029604,3888,2821,1067
53033029701,5089,3967,1122
53033029702,3226,2472,754
53033029803,4347,3366,981
53033029804,4468,3553,915
53033029805,5153,4035,1118
53033029806,4548,3568,980
53033029901,4834,3679,1155
53033029902,5744,4463,1281
53033030003,6592,5347,1245
53033030005,6117,4476,1641
53033030006,4318,3378,940
53033030007,4554,3207,1347
53033030008,4745,3586,1159
53033030101,3772,3038,734
53033030102,3694,3240,454
53033030201,5662,4371,1291
53033030203,4167,2983,1184
53033030204,3803,3025,778
53033030304,4537,3209,1328
53033030305,5425,4370,1055
53033030306,5864,4564,1300
53033030308,6883,5202,1681
53033030309,5906,4666,1240
53033030310,6466,4998,1468
53033030311,5093,3810,1283
53033030312,5538,4283,1255
53033030313,4835,3609,1226
53033030314,4655,3898,757
53033030403,4638,3794,844
53033030404,5264,4028,1236
53033030405,3559,2773,786
53033030406,3145,2386,759
53033030407,3151,2347,804
53033030501,2985,2505,480
53033030503,6406,4934,1472
53033030504,5137,3984,1153
53033030600,5776,4465,1311
53033030700,4317,3326,991
53033030801,7411,5010,2401
53033030802,4460,3372,1088
53033030901,3916,2934,982
53033030902,6262,4590,1672
53033031000,4948,3724,1224
53033031101,3726,2733,993
53033031102,3718,2840,878
53033031202,6718,5146,1572
53033031204,6258,5020,1238
53033031206,5213,3936,1277
53033031207,5265,3371,1894
53033031208,4282,3241,1041
53033031301,2518,2027,491
53033031302,4856,3673,1183
53033031400,5811,4568,1243
53033031501,4094,3230,864
53033031502,5000,3831,1169
53033031601,5285,4149,1136
53033031603,6801,4886,1915
53033031604,6017,3999,2018
53033031605,3686,2893,793
53033031704,6201,4643,1558
53033031705,4147,3158,989
53033031707,3739,2970,769
53033031708,3973,3149,824
53033031709,3810,2806,1004
53033031710,3934,2955,979
53033031800,4944,3967,977
53033031904,3496,2661,835
53033031906,3975,3043,932
53033031908,4470,3556,914
53033031909,3052,2384,668
53033031910,3840,3114,726
53033031911,4165,3170,995
53033031912,3946,2941,1005
53033031913,3708,2644,1064
53033032002,3070,2389,681
53033032003,5135,4034,1101
53033032005,6956,5203,1753
53033032006,5339,4109,1230
53033032007,4172,3108,1064
53033032008,4488,3269,1219
53033032010,6720,4677,2043
53033032011,5247,3561,1686
53033032102,4883,3910,973
53033032103,6347,5231,1116
53033032104,6294,4996,1298
53033032207,3809,2825,984
53033032211,5359,3772,1587
53033032213,4415,3232,1183
53033032215,5813,3915,1898
53033032216,4825,3265,1560
53033032217,4340,3172,1168
53033032218,5442,4313,1129
53033032219,4529,3503,1026
53033032220,8837,6424,2413
53033032221,6818,4653,2165
53033032222,3881,2795,1086
53033032223,4727,3290,1437
53033032224,3456,2247,1209
53033032225,4313,2987,1326
53033032307,6401,4806,1595
53033032311,5925,4570,1355
53033032313,7670,5429,2241
53033032315,5586,4246,1340
53033032316,5892,4251,1641
53033032317,6617,4726,1891
53033032318,6903,4650,2253
53033032319,6068,5023,1045
53033032320,4529,3378,1151
53033032321,7837,5314,2523
53033032322,3299,2457,842
53033032323,6630,4872,1758
53033032324,5866,4453,1413
53033032325,7196,5362,1834
53033032326,3723,2867,856
53033032327,4127,3703,424
53033032328,3309,2394,915
53033032330,5224,4218,1006
53033032331,5509,4906,603
53033032332,5543,3714,1829
53033032333,4360,2853,1507
53033032401,6677,4975,1702
53033032402,6828,5039,1789
53033032500,5835,4492,1343
53033032601,2866,2224,642
53033032603,4681,3153,1528
53033032604,5941,3835,2106
53033032605,4126,2759,1367
53033032703,1941,1517,424
53033032704,7644,5797,1847
53033032705,3727,2826,901
53033032706,3112,2488,624
53033032800,2898,2387,511
53035080101,3210,2633,577
53035080102,5229,4124,1105
53035080200,3872,3045,827
53035080300,3948,3283,665
53035080400,3657,3013,644
53035080500,3168,2723,445
53035080600,5268,4221,1047
53035080700,3579,3017,562
53035080800,2384,1558,826
53035080900,4465,3576,889
53035081000,4674,3671,1003
53035081100,3093,2555,538
53035081200,3035,2486,549
53035081400,3737,3666,71
53035090101,6058,4924,1134
53035090102,6506,5351,1155
53035090201,5072,3952,1120
53035090202,5621,4420,1201
53035090300,5482,3950,1532
53035090400,4833,3829,1004
53035090501,4404,3866,538
53035090502,5527,4319,1208
53035090700,5211,4101,1110
53035090800,4380,3435,945
53035090901,3997,3357,640
53035090902,3970,3184,786
53035091001,3568,2826,742
53035091002,3699,2923,776
53035091100,5162,4187,975
53035091201,4268,3424,844
53035091204,3213,2684,529
53035091205,3870,2990,880
53035091206,4175,3395,780
53035091301,4494,3566,928
53035091302,5905,4664,1241
53035091400,3478,2796,682
53035091500,4346,3374,972
53035091600,7326,5781,1545
53035091701,4145,3262,883
53035091702,4186,3154,1032
53035091800,2997,2440,557
53035091900,4669,3591,1078
53035092000,5927,4675,1252
53035092101,5067,4172,895
53035092102,5079,3581,1498
53035092200,7250,5595,1655
53035092300,6642,5053,1589
53035092400,6517,5041,1476
53035092500,6269,5027,1242
53035092600,6381,5095,1286
53035092701,4798,3806,992
53035092704,3433,2821,612
53035092801,4698,3679,1019
53035092802,4443,3589,854
53035092803,3054,2450,604
53035092901,5874,4722,1152
53035092902,5826,4551,1275
53035940000,3664,2937,727
53035940100,6808,5442,1366
53037975101,2894,2484,410
53037975102,1170,951,219
53037975103,1374,1179,195
53037975104,2027,1593,434
53037975201,2842,2404,438
53037975202,1528,1240,288
53037975203,1305,1026,279
53037975300,5246,4113,1133
53037975402,5644,4512,1132
53037975403,1751,1420,331
53037975404,4744,4208,536
53037975500,6667,5263,1404
53037975600,2418,2092,326
53037975700,4727,3630,1097
53039950101,1407,1077,330
53039950102,3116,2593,523
53039950103,4409,3511,898
53039950200,4524,3701,823
53039950301,3402,2730,672
53039950302,5877,4684,1193
53041970100,3670,2911,759
53041970200,4033,3131,902
53041970300,5577,4318,1259
53041970400,6266,4760,1506
53041970500,2304,1799,505
53041970600,2220,1699,521
53041970700,4284,3192,1092
53041970800,4306,3378,928
53041970900,2008,1417,591
53041971000,3208,2383,825
53041971100,4398,3404,994
53041971200,3828,3035,793
53041971300,5983,4594,1389
53041971400,2923,2234,689
53041971501,2802,2203,599
53041971502,4860,3758,1102
53041971600,4046,3196,850
53041971700,5079,4020,1059
53041971800,4612,3730,882
53041971900,2865,2360,505
53041972000,2877,2478,399
53043960100,1718,1317,401
53043960200,3319,2566,753
53043960300,2852,2337,515
53043960400,2987,2362,625
53045940000,723,517,206
53045960100,797,723,74
53045960201,2537,2272,265
53045960202,3421,2781,640
53045960301,2302,1958,344
53045960302,4439,3414,1025
53045960401,4932,3987,945
53045960402,2022,1612,410
53045960403,2683,2265,418
53045960500,5635,4763,872
53045960600,5811,4788,1023
53045960700,1775,1279,496
53045960800,4049,3250,799
53045960900,5208,3721,1487
53045961000,5115,4161,954
53045961101,2314,2077,237
53045961102,4234,3427,807
53045961200,4049,3376,673
53045961300,3680,2894,786
53047940100,2777,2058,719
53047940200,3314,2532,782
53047970301,3161,2482,679
53047970302,1911,1587,324
53047970303,2234,1953,281
53047970400,3883,2977,906
53047970500,2511,2043,468
53047970601,3184,2425,759
53047970602,3531,2693,838
53047970700,4036,3146,890
53047970800,4680,3392,1288
53047970900,2768,2382,386
53047971000,4114,3308,806
53049950200,4639,3569,1070
53049950301,2294,1897,397
53049950302,1452,1123,329
53049950400,4025,3201,824
53049950501,1876,1549,327
53049950502,1020,879,141
53049950600,1474,1261,213
53049950701,1325,1156,169
53049950702,2215,1931,284
53049950801,1822,1701,121
53049950802,1223,1091,132
53051970100,2079,1730,349
53051970200,2719,2240,479
53051970300,3219,2490,729
53051970400,2872,2342,530
53051970500,2512,2076,436
53053060200,2247,2134,113
53053060300,5424,4624,800
53053060400,4243,3314,929
53053060500,4120,3274,846
53053060600,5617,4645,972
53053060700,7330,6269,1061
53053060800,5597,4603,994
53053060903,3272,2697,575
53053060904,4968,4059,909
53053060906,2153,1752,401
53053060907,3717,3150,567
53053060908,2807,2305,502
53053061001,4026,3392,634
53053061002,4733,3952,781
53053061100,6745,5655,1090
53053061200,5184,4225,959
53053061300,5049,3947,1102
53053061400,4730,4122,608
53053061501,2671,2490,181
53053061502,2946,2697,249
53053061601,1909,1784,125
53053061602,1655,1511,144
53053061700,5292,4215,1077
53053061800,2898,2308,590
53053061900,2007,1665,342
53053062000,4374,3410,964
53053062300,5977,4399,1578
53053062400,5796,4610,1186
53053062501,4313,3357,956
53053062502,3215,2500,715
53053062600,4365,3513,852
53053062801,7347,5504,1843
53053062802,4589,3521,1068
53053062901,4666,3785,881
53053062902,4016,3194,822
53053063000,3268,2489,779
53053063100,4663,3657,1006
53053063200,5181,4105,1076
53053063301,4167,3193,974
53053063302,4261,3146,1115
53053063401,4425,3401,1024
53053063402,4109,3125,984
53053063501,4520,3457,1063
53053063502,5352,4033,1319
53053070100,3900,2842,1058
53053070204,3734,2889,845
53053070205,3523,2771,752
53053070206,4722,3560,1162
53053070207,5769,4384,1385
53053070208,7162,4863,2299
53053070209,4085,3046,1039
53053070307,5712,4208,1504
53053070308,5179,4024,1155
53053070309,6640,4945,1695
53053070310,5408,3948,1460
53053070311,5066,3768,1298
53053070312,6784,4742,2042
53053070313,6441,5001,1440
53053070314,3432,2547,885
53053070315,7040,5083,1957
53053070316,5468,4172,1296
53053070401,2233,1759,474
53053070403,4524,3443,1081
53053070404,6045,4287,1758
53053070703,6594,5182,1412
53053071100,2551,2050,501
53053071205,4953,3892,1061
53053071206,7118,5521,1597
53053071207,7619,5964,1655
53053071209,4086,3135,951
53053071210,5698,4322,1376
53053071211,4993,3910,1083
53053071212,3986,2826,1160
53053071304,7273,5517,1756
53053071305,4281,3290,991
53053071306,6558,5156,1402
53053071307,5335,4014,1321
53053071309,4545,3295,1250
53053071310,7363,5391,1972
53053071403,4193,3367,826
53053071408,4296,3177,1119
53053071409,4755,3481,1274
53053071411,7481,5214,2267
53053071412,7734,5605,2129
53053071413,2650,1885,765
53053071414,4408,3209,1199
53053071415,2787,2035,752
53053071416,3329,2379,950
53053071417,6112,4378,1734
53053071503,5671,4482,1189
53053071504,5791,4792,999
53053071505,5560,4354,1206
53053071506,5556,4443,1113
53053071601,5340,3919,1421
53053071603,3702,2777,925
53053071604,4750,3453,1297
53053071703,4319,3191,1128
53053071704,4686,3215,1471
53053071705,4024,3022,1002
53053071706,1943,1457,486
53053071707,2899,2230,669
53053071803,6098,4817,1281
53053071805,3716,2846,870
53053071806,4665,3411,1254
53053071807,4270,3187,1083
53053071808,4459,3247,1212
53053071901,5139,4238,901
53053071902,5723,4724,999
53053072000,5060,3707,1353
53053072105,5505,4707,798
53053072106,6507,5255,1252
53053072107,4550,3686,864
53053072108,5588,4413,1175
53053072109,3871,3133,738
53053072111,2784,2147,637
53053072112,5059,3939,1120
53053072305,6449,5112,1337
53053072307,4773,3662,1111
53053072309,6248,4902,1346
53053072310,4111,3162,949
53053072311,5116,4025,1091
53053072312,5930,4625,1305
53053072313,4446,3362,1084
53053072314,4750,3626,1124
53053072315,3056,2289,767
53053072405,4381,3428,953
53053072406,6895,5190,1705
53053072407,5049,4057,992
53053072408,6377,5147,1230
53053072409,2520,2018,502
53053072410,3921,3126,795
53053072503,4421,3503,918
53053072504,5048,4076,972
53053072506,3676,3018,658
53053072507,3197,2837,360
53053072508,4430,3493,937
53053072509,6438,4833,1605
53053072601,5481,4294,1187
53053072602,4086,3315,771
53053072603,5981,4979,1002
53053072801,5284,3554,1730
53053072802,4938,3684,1254
53053072901,3195,2019,1176
53053072903,6762,5121,1641
53053072907,4393,2450,1943
53053072908,7871,6007,1864
53053072909,1805,1780,25
53053073001,6546,5071,1475
53053073005,5668,4499,1169
53053073006,4271,3363,908
53053073110,3820,2954,866
53053073111,4448,3334,1114
53053073114,5486,4188,1298
53053073115,4506,3515,991
53053073116,4966,3652,1314
53053073117,3971,3165,806
53053073118,4802,3758,1044
53053073119,3446,2704,742
53053073120,5152,3641,1511
53053073121,5246,3896,1350
53053073122,5718,4072,1646
53053073123,5891,4369,1522
53053073124,3940,2876,1064
53053073126,3984,2692,1292
53053073127,4190,2970,1220
53053073128,6739,4791,1948
53053073129,5700,3818,1882
53053073130,3618,2770,848
53053073131,3346,2538,808
53053073132,4449,3070,1379
53053073133,3856,2732,1124
53053073200,6418,4983,1435
53053073301,5994,4553,1441
53053073302,4616,3627,989
53053073404,6452,5120,1332
53053073405,3632,2924,708
53053073406,5942,4654,1288
53053073407,3602,2923,679
53053073408,4422,3435,987
53053073501,4394,3492,902
53053073502,4489,3591,898
53053940001,2838,2358,480
53053940002,4327,3252,1075
53053940004,6867,5506,1361
53053940005,6571,4944,1627
53053940006,3651,2330,1321
53053940007,3485,2582,903
53053940008,6158,4829,1329
53053940009,4020,3095,925
53053940010,5083,4082,1001
53053940011,4308,3461,847
53053940012,4418,3346,1072
53053940013,3912,2690,1222
53055960101,2736,2374,362
53055960102,1468,1271,197
53055960103,1796,1522,274
53055960301,2722,2443,279
53055960302,2492,2166,326
53055960400,3418,2765,653
53055960501,1792,1547,245
53055960502,1364,1170,194
53057940201,2488,2200,288
53057940301,2579,2106,473
53057940302,2975,2547,428
53057940401,3182,2533,649
53057940402,1645,1324,321
53057940403,3011,2488,523
53057940500,2633,2083,550
53057940600,1681,1455,226
53057940700,1593,1326,267
53057940801,1472,1346,126
53057940802,1756,1383,373
53057950100,948,859,89
53057950801,2051,1703,348
53057950802,3004,2454,550
53057950803,1513,1203,310
53057950900,4447,3511,936
53057951000,3086,2444,642
53057951101,1900,1605,295
53057951102,3199,2606,593
53057951200,3604,2917,687
53057951300,2155,1687,468
53057951400,4480,3424,1056
53057951501,3421,2617,804
53057951502,3457,2603,854
53057951503,3968,2948,1020
53057951600,4573,3474,1099
53057951700,3885,2997,888
53057951800,4969,3670,1299
53057951900,3874,3143,731
53057952100,3521,2892,629
53057952200,4560,3333,1227
53057952301,4922,3470,1452
53057952303,3832,2813,1019
53057952304,6657,5021,1636
53057952401,2914,2226,688
53057952403,5814,4639,1175
53057952404,1899,1287,612
53057952405,1121,906,215
53057952500,2830,2269,561
53057952600,4031,3144,887
53057952700,3873,3054,819
53059950100,104,88,16
53059950200,5048,4096,952
53059950300,2015,1656,359
53059950400,2279,1892,387
53059950500,2590,2066,524
53061040100,4372,3642,730
53061040200,5538,4166,1372
53061040300,3108,2569,539
53061040400,4564,3879,685
53061040500,2556,2007,549
53061040700,4542,4001,541
53061040800,3327,2959,368
53061040900,3052,2456,596
53061041000,5904,4818,1086
53061041100,5036,3969,1067
53061041201,3439,2644,795
53061041202,5980,4694,1286
53061041301,5646,4492,1154
53061041303,4886,3758,1128
53061041304,3005,2362,643
53061041400,6219,4907,1312
53061041500,2055,1638,417
53061041601,6205,4822,1383
53061041605,6006,4685,1321
53061041606,7143,5150,1993
53061041607,3829,2906,923
53061041609,3436,2677,759
53061041610,4020,2726,1294
53061041701,5850,4601,1249
53061041703,7305,5754,1551
53061041704,6652,5115,1537
53061041805,6354,5047,1307
53061041808,4539,3585,954
53061041809,5609,4312,1297
53061041810,5362,4157,1205
53061041812,6450,5099,1351
53061041813,4360,3392,968
53061041814,4542,3442,1100
53061041815,3893,2956,937
53061041816,5070,3708,1362
53061041901,6645,4712,1933
53061041904,6104,4536,1568
53061041905,5999,4709,1290
53061041906,3844,2885,959
53061041907,3899,2950,949
53061042001,6030,4858,1172
53061042003,3338,2648,690
53061042004,4952,3818,1134
53061042005,5377,4284,1093
53061042006,5143,3967,1176
53061050101,2861,2306,555
53061050102,6100,4917,1183
53061050200,4387,3521,866
53061050300,5552,4522,1030
53061050402,5693,4684,1009
53061050403,3912,3193,719
53061050404,3567,2888,679
53061050501,3704,3443,261
53061050502,3714,3173,541
53061050600,1286,997,289
53061050700,6596,5331,1265
53061050800,6619,5419,1200
53061050900,3497,2841,656
53061051000,4663,3688,975
53061051100,4182,3546,636
53061051200,4613,3692,921
53061051301,3935,3191,744
53061051302,3473,2950,523
53061051401,4239,3450,789
53061051402,4224,3306,918
53061051500,5707,4661,1046
53061051601,5552,4329,1223
53061051602,4214,3377,837
53061051701,6015,4806,1209
53061051702,5129,4303,826
53061051802,6942,5675,1267
53061051803,6998,5638,1360
53061051804,6172,4945,1227
53061051912,2373,1910,463
53061051913,4574,3657,917
53061051914,4306,3424,882
53061051916,4504,3434,1070
53061051917,4223,3305,918
53061051918,6077,4619,1458
53061051921,5941,4529,1412
53061051922,6110,4580,1530
53061051926,6079,4351,1728
53061051927,6072,4709,1363
53061051928,5808,4570,1238
53061051929,5026,3754,1272
53061051930,4660,3737,923
53061051931,4474,3211,1263
53061051932,4083,3167,916
53061051933,3382,2411,971
53061051934,3974,2916,1058
53061051935,3477,2524,953
53061051936,4524,3370,1154
53061051937,4901,3363,1538
53061051938,4820,3616,1204
53061052004,6540,5071,1469
53061052005,5892,4914,978
53061052006,4291,3222,1069
53061052007,5408,3891,1517
53061052008,4665,3429,1236
53061052009,4196,2642,1554
53061052010,3955,2806,1149
53061052104,3891,2982,909
53061052105,1977,1543,434
53061052107,8325,5559,2766
53061052108,6124,4765,1359
53061052112,2795,2192,603
53061052113,3163,2532,631
53061052114,4903,3637,1266
53061052119,3192,2362,830
53061052120,3496,2584,912
53061052121,3737,2652,1085
53061052122,3697,2713,984
53061052203,7170,5343,1827
53061052204,5450,3999,1451
53061052206,5244,4011,1233
53061052207,6014,4624,1390
53061052208,4367,3232,1135
53061052210,2060,1551,509
53061052211,3162,2917,245
53061052301,5309,4156,1153
53061052302,4175,3197,978
53061052401,4151,3341,810
53061052402,4132,3329,803
53061052502,5336,4109,1227
53061052504,2999,2244,755
53061052505,5301,3705,1596
53061052506,5058,3681,1377
53061052603,2881,2098,783
53061052604,5747,4248,1499
53061052605,6316,4675,1641
53061052606,5618,4006,1612
53061052607,6670,4754,1916
53061052701,2080,1607,473
53061052706,6111,4360,1751
53061052707,5112,3539,1573
53061052708,5330,4067,1263
53061052709,3624,2775,849
53061052710,4502,3406,1096
53061052711,5031,3621,1410
53061052803,6245,4690,1555
53061052805,4443,3592,851
53061052807,4205,3187,1018
53061052808,4215,3201,1014
53061052809,3794,2803,991
53061052810,3835,2975,860
53061052903,4386,3347,1039
53061052904,5382,4143,1239
53061052905,4606,3546,1060
53061052906,4788,3694,1094
53061053101,5527,4298,1229
53061053102,5498,4377,1121
53061053201,4289,3523,766
53061053202,4609,3767,842
53061053301,7462,5548,1914
53061053302,6654,5122,1532
53061053400,6058,4775,1283
53061053505,5889,4606,1283
53061053506,5952,4634,1318
53061053507,5296,3918,1378
53061053508,3575,2715,860
53061053509,4164,3113,1051
53061053510,3704,2791,913
53061053511,3540,2555,985
53061053603,4358,3385,973
53061053604,5251,4003,1248
53061053605,3035,2351,684
53061053606,3788,2950,838
53061053700,3282,2670,612
53061053801,3813,3089,724
53061053802,6122,4561,1561
53061053803,5907,4642,1265
53061940001,6476,5183,1293
53061940002,4493,3541,952
53063000201,3020,2337,683
53063000202,1749,1335,414
53063000301,2791,2072,719
53063000302,2921,2183,738
53063000400,4189,3227,962
53063000500,3544,2802,742
53063000600,3075,2402,673
53063000700,5213,4057,1156
53063000800,5398,4215,1183
53063000900,6333,4929,1404
53063001000,5561,4458,1103
53063001100,3612,2815,797
53063001200,2374,1879,495
53063001300,3510,2766,744
53063001400,6647,5068,1579
53063001500,5684,4314,1370
53063001600,3703,2713,990
53063001800,2992,2447,545
53063001900,3712,2922,790
53063002000,4443,3386,1057
53063002100,2507,1949,558
53063002300,5494,4438,1056
53063002400,3078,2731,347
53063002501,3326,2856,470
53063002502,2545,2145,400
53063002503,3067,3014,53
53063002600,5711,4307,1404
53063002900,3320,2539,781
53063003000,2636,1931,705
53063003100,5114,3962,1152
53063003200,2574,2388,186
53063003500,3786,3657,129
53063003601,2813,2115,698
53063003602,2646,2431,215
53063003800,1894,1607,287
53063003900,2188,1853,335
53063004001,2699,2229,470
53063004002,2449,2025,424
53063004100,2198,1828,370
53063004200,4865,3719,1146
53063004300,3582,2763,819
53063004400,4359,3480,879
53063004500,3785,2925,860
53063004601,4071,3485,586
53063004602,3308,2557,751
53063004701,3325,2497,828
53063004702,3731,2921,810
53063004800,4411,3485,926
53063004900,5803,4582,1221
53063005000,5104,3833,1271
53063010101,3693,2960,733
53063010102,2640,2159,481
53063010201,4437,3495,942
53063010203,4509,3438,1071
53063010204,2861,2209,652
53063010301,5049,3799,1250
53063010303,3462,2644,818
53063010304,6241,4833,1408
53063010305,7363,5414,1949
53063010401,9185,7250,1935
53063010403,3913,3024,889
53063010404,3771,2991,780
53063010504,3801,2892,909
53063010505,3715,2790,925
53063010506,6252,4772,1480
53063010507,5334,4132,1202
53063010508,4115,3021,1094
53063010601,3603,2789,814
53063010603,4658,3674,984
53063010604,3843,2968,875
53063010701,4681,3214,1467
53063010702,4001,2815,1186
53063010800,2308,1835,473
53063010901,2081,1589,492
53063010902,3388,2933,455
53063011000,3756,2945,811
53063011102,3874,3020,854
53063011103,3242,2670,572
53063011104,2886,2260,626
53063011202,4267,3306,961
53063011203,5547,4421,1126
53063011204,2312,1883,429
53063011301,4341,3444,897
53063011302,4681,3666,1015
53063011400,6075,4630,1445
53063011500,1520,1208,312
53063011600,1881,1492,389
53063011701,2490,1981,509
53063011702,7444,5647,1797
53063011800,5616,4612,1004
53063011900,4592,3538,1054
53063012000,4190,3343,847
53063012100,2833,2230,603
53063012200,2474,1945,529
53063012300,6317,5047,1270
53063012401,4898,3822,1076
53063012402,7631,5738,1893
53063012500,4212,3331,881
53063012600,4246,3225,1021
53063012701,4120,3257,863
53063012702,2257,1700,557
53063012801,4259,3287,972
53063012802,3444,2665,779
53063012901,3327,2589,738
53063012902,7427,5641,1786
53063013001,1723,1217,506
53063013002,3081,2475,606
53063013003,6582,4769,1813
53063013101,8336,6380,1956
53063013102,6186,4643,1543
53063013201,7708,6063,1645
53063013203,3545,2740,805
53063013204,5574,3960,1614
53063013205,3494,2710,784
53063013300,3450,2582,868
53063013401,5649,4322,1327
53063013501,1850,1402,448
53063013502,2355,1858,497
53063013503,6104,4569,1535
53063013600,4933,3756,1177
53063013700,4026,3294,732
53063013800,2695,1866,829
53063013900,5686,4565,1121
53063014001,6005,5367,638
53063014002,6551,5281,1270
53063014100,6984,5292,1692
53063014200,3795,3118,677
53063014300,3417,2607,810
53063014400,4917,3653,1264
53063014500,2770,2300,470
53065941000,2541,1714,827
53065950101,4782,3792,990
53065950102,3153,2533,620
53065950200,4076,3191,885
53065950300,2639,2108,531
53065950500,2536,1971,565
53065950600,2403,1962,441
53065950700,2398,1865,533
53065950800,3427,2804,623
53065950900,1659,1415,244
53065951100,3931,3091,840
53065951301,3061,2397,664
53065951302,1578,1275,303
53065951401,3488,2776,712
53065951402,4773,3714,1059
53067010100,3601,3203,398
53067010200,5228,4278,950
53067010300,5482,4506,976
53067010400,3528,2801,727
53067010510,3366,2808,558
53067010520,6728,5504,1224
53067010600,6474,5264,1210
53067010700,6244,4678,1566
53067010801,2368,1925,443
53067010802,4823,3811,1012
53067010910,8137,6382,1755
53067010920,5331,4387,944
53067011000,5085,4160,925
53067011100,4577,3549,1028
53067011200,5624,4675,949
53067011300,4597,3770,827
53067011410,5395,4180,1215
53067011421,3227,2459,768
53067011422,4061,3172,889
53067011500,6138,4694,1444
53067011622,4443,3357,1086
53067011623,6352,4698,1654
53067011624,4191,3203,988
53067011625,3602,2706,896
53067011626,4912,3866,1046
53067011627,2358,1891,467
53067011628,5734,4540,1194
53067011720,6185,4647,1538
53067011721,5419,4063,1356
53067011722,3564,2771,793
53067011810,3694,2929,765
53067011821,5208,4030,1178
53067011822,4432,3387,1045
53067011901,1845,1549,296
53067011902,5521,4521,1000
53067012001,5531,4454,1077
53067012002,2850,2390,460
53067012100,4478,3680,798
53067012211,2717,2167,550
53067012221,7351,5774,1577
53067012223,4134,3496,638
53067012224,3621,2840,781
53067012225,5988,4793,1195
53067012226,6208,4511,1697
53067012320,3305,2578,727
53067012330,6104,4725,1379
53067012331,5505,4314,1191
53067012332,5391,4116,1275
53067012412,6081,4319,1762
53067012420,4336,3481,855
53067012421,3251,2192,1059
53067012422,7089,5073,2016
53067012510,3733,2764,969
53067012530,4648,3557,1091
53067012531,4480,3591,889
53067012532,3558,2785,773
53067012610,6344,5091,1253
53067012620,4773,3725,1048
53067012710,2407,1821,586
53067012720,6670,5008,1662
53067012730,6766,5480,1286
53069950100,4422,3655,767
53071920000,5718,4308,1410
53071920100,5077,3973,1104
53071920200,4700,3469,1231
53071920301,3596,2920,676
53071920302,5434,4514,920
53071920400,2392,2370,22
53071920500,2656,1879,777
53071920600,6639,5185,1454
53071920701,3540,2978,562
53071920702,4699,3638,1061
53071920801,5070,3839,1231
53071920802,3300,3010,290
53071920901,3843,2903,940
53071920902,5920,4611,1309
53073000101,3616,2950,666
53073000102,7271,6076,1195
53073000201,4273,3441,832
53073000202,3759,3005,754
53073000203,3914,3275,639
53073000301,4884,4073,811
53073000302,3073,2574,499
53073000401,3321,2762,559
53073000402,3382,2662,720
53073000501,5393,4670,723
53073000502,2981,2584,397
53073000600,1939,1780,159
53073000700,6881,5588,1293
53073000803,6859,5532,1327
53073000804,7017,5425,1592
53073000805,5306,4311,995
53073000807,2877,2281,596
53073000808,2568,2056,512
53073000809,2739,2121,618
53073000902,6594,5318,1276
53073000903,4867,4146,721
53073000904,2942,2341,601
53073001000,8065,7749,316
53073001101,4223,3712,511
53073001102,2680,2402,278
53073001202,3842,3325,517
53073001203,3030,2778,252
53073001204,3710,3337,373
53073010101,2434,1968,466
53073010102,3851,2982,869
53073010103,2304,1825,479
53073010201,3734,2751,983
53073010202,5348,3757,1591
53073010301,7434,5462,1972
53073010302,5111,3905,1206
53073010303,7639,5383,2256
53073010405,3879,3459,420
53073010406,1977,1569,408
53073010407,3487,2762,725
53073010408,2908,2303,605
53073010409,4001,3097,904
53073010410,2440,1894,546
53073010411,3632,2886,746
53073010503,5977,4531,1446
53073010504,3370,2562,808
53073010505,5299,3916,1383
53073010506,3710,2817,893
53073010600,7057,5479,1578
53073010701,6594,5095,1499
53073010702,4782,3526,1256
53073010900,934,825,109
53073011000,1191,1075,116
53073940001,2025,1712,313
53073940002,3723,2668,1055
53075000100,6684,6481,203
53075000201,4576,3648,928
53075000202,2563,2012,551
53075000300,6049,4564,1485
53075000400,4160,3487,673
53075000500,2896,2790,106
53075000601,4574,4102,472
53075000602,3486,3163,323
53075000700,3517,2780,737
53075000800,3503,2812,691
53075000900,3841,3010,831
53075001000,2124,1672,452
53077000100,2628,2157,471
53077000200,5741,3805,1936
53077000301,3019,2366,653
53077000302,2027,1604,423
53077000401,5812,4713,1099
53077000402,2439,1848,591
53077000500,5196,3976,1220
53077000600,6406,4271,2135
53077000700,7195,5173,2022
53077000800,4707,3669,1038
53077000902,4257,3142,1115
53077000903,3627,2846,781
53077000904,4139,3252,887
53077001000,6193,4597,1596
53077001100,7437,5500,1937
53077001201,4183,2815,1368
53077001202,6724,4641,2083
53077001300,2901,2136,765
53077001400,3779,2655,1124
53077001502,2513,1624,889
53077001503,4718,3017,1701
53077001504,2773,1886,887
53077001601,2506,1970,536
53077001602,8969,7080,1889
53077001701,3356,2560,796
53077001702,6979,4979,2000
53077001801,4521,3104,1417
53077001802,2770,2025,745
53077001901,3662,2375,1287
53077001902,6662,4375,2287
53077002003,5358,3510,1848
53077002004,2828,1792,1036
53077002005,2965,1952,1013
53077002006,6352,4136,2216
53077002101,2022,1406,616
53077002103,2976,2024,952
53077002104,4805,3104,1701
53077002201,5196,3775,1421
53077002202,2751,1871,880
53077002701,3010,2005,1005
53077002801,5808,4404,1404
53077002803,6577,4855,1722
53077002804,3777,2901,876
53077002900,6788,4950,1838
53077003002,3941,3084,857
53077003003,1623,1326,297
53077003004,3044,2401,643
53077003100,5900,4374,1526
53077003200,7103,5130,1973
53077003400,4964,3804,1160
53077940001,6540,4697,1843
53077940002,5188,3515,1673
53077940003,3553,2665,888
53077940005,4928,3222,1706
53077940006,4500,3027,1473
53077940007,4185,2723,1462
53077940008,2207,1557,650
54001965500,3663,2882,781
54001965600,3408,2871,537
54001965700,4902,3865,1037
54001965800,3492,2712,780
54003971101,6962,5090,1872
54003971103,1973,1617,356
54003971104,3865,2959,906
54003971105,4221,3256,965
54003971203,3468,2680,788
54003971204,3098,2579,519
54003971205,4519,3235,1284
54003971206,7768,5822,1946
54003971301,5884,4593,1291
54003971302,4503,3484,1019
54003971401,3888,3041,847
54003971402,6094,4518,1576
54003971500,3808,3005,803
54003971600,4835,3781,1054
54003971700,5500,4321,1179
54003971801,4220,3263,957
54003971802,4420,3486,934
54003971901,6158,4739,1419
54003971902,4676,3545,1131
54003972001,5939,4458,1481
54003972002,3814,2905,909
54003972003,4154,3135,1019
54003972101,6141,4681,1460
54003972103,4178,3137,1041
54003972104,4228,3201,1027
54003972105,3762,2820,942
54005958200,3687,2899,788
54005958300,3781,3005,776
54005958400,2046,1635,411
54005958501,2666,2089,577
54005958502,3346,2659,687
54005958600,1861,1486,375
54005958700,1546,1237,309
54005958800,2876,2256,620
54007967900,4828,3946,882
54007968000,3788,3059,729
54007968100,3831,3082,749
54009031102,4288,3541,747
54009031103,2578,2041,537
54009031104,2399,1996,403
54009031200,3216,2607,609
54009031401,1988,1658,330
54009031402,2263,1846,417
54009031600,3503,2928,575
54009031700,2324,1878,446
54011000101,1617,1282,335
54011000102,1975,1545,430
54011000200,2709,2165,544
54011000300,2485,2116,369
54011000400,2308,1937,371
54011000500,2936,2891,45
54011000600,1234,1155,79
54011000900,1509,1118,391
54011001000,2083,1610,473
54011001100,1888,1525,363
54011001200,2606,2100,506
54011001300,2713,2294,419
54011001400,2352,1895,457
54011001500,2084,1683,401
54011001600,1084,873,211
54011001800,3444,2637,807
54011001900,2153,1725,428
54011002000,3273,2567,706
54011002100,3252,2700,552
54011010103,2884,2297,587
54011010104,2934,2304,630
54011010202,4267,3520,747
54011010203,4113,3267,846
54011010204,1620,1296,324
54011010300,3044,2421,623
54011010401,3372,2768,604
54011010402,3169,2546,623
54011010500,5628,4376,1252
54011010600,4223,3341,882
54011010701,3127,2496,631
54011010702,4087,3209,878
54011010801,2156,1736,420
54011010802,4221,3381,840
54011010900,1800,1637,163
54013962600,3009,2433,576
54013962700,3220,2576,644
54015957900,3195,2522,673
54015958000,2908,2245,663
54015958100,1948,1553,395
54017965000,4038,3298,740
54017965100,3770,3126,644
54019020101,4145,3298,847
54019020102,1627,1261,366
54019020201,3813,2955,858
54019020202,3652,2813,839
54019020300,2733,2123,610
54019020400,3873,2981,892
54019020500,1606,1248,358
54019020600,1782,1406,376
54019020700,3167,2596,571
54019020800,4429,3758,671
54019020900,4068,3203,865
54019021000,2827,2237,590
54019021100,2766,2203,563
54021967701,4092,3302,790
54021967800,1876,1534,342
54021980000,1440,1440,0
54023969400,2986,2432,554
54023969500,3671,2934,737
54023969600,4319,3556,763
54025950101,1706,1392,314
54025950102,2932,2435,497
54025950200,3479,2724,755
54025950300,3575,2835,740
54025950401,3127,2519,608
54025950402,4351,3420,931
54025950500,3132,2519,613
54025950600,4806,4031,775
54025950701,3961,3212,749
54025950702,1908,1527,381
54027968201,2392,1968,424
54027968202,2885,2305,580
54027968301,2777,2237,540
54027968302,2539,2076,463
54027968401,2366,1870,496
54027968402,1572,1272,300
54027968500,3379,2678,701
54027968601,1924,1521,403
54027968602,3259,2652,607
54029020600,4261,3602,659
54029020700,4339,3528,811
54029020900,2677,2163,514
54029021100,3759,3085,674
54029021200,3256,2651,605
54029021300,3233,2479,754
54029021400,3439,2821,618
54029021500,4131,3359,772
54031970101,2708,2227,481
54031970102,2119,1656,463
54031970201,2670,2095,575
54031970202,2535,2028,507
54031970300,4267,3269,998
54033030100,3162,2519,643
54033030200,2702,2166,536
54033030300,2035,1556,479
54033030400,2983,2326,657
54033030501,1293,991,302
54033030502,3341,2705,636
54033030601,2334,1797,537
54033030603,2001,1564,437
54033030604,3545,2752,793
54033030700,2158,1724,434
54033030801,2112,1710,402
54033030802,2282,1800,482
54033031000,3224,2657,567
54033031100,2321,1774,547
54033031200,2207,1781,426
54033031300,2761,2179,582
54033031400,2252,1773,479
54033031500,1270,1018,252
54033031600,2212,1806,406
54033031700,1698,1320,378
54033031800,2175,1674,501
54033031900,2335,1851,484
54033032000,2762,2144,618
54033032103,6482,5119,1363
54033032104,4274,3295,979
54035963200,4151,3287,864
54035963300,4674,3634,1040
54035963400,3802,2967,835
54035963500,2850,2191,659
54035963600,4529,3643,886
54035963701,3555,2869,686
54035963702,4230,3263,967
54037972201,5169,4220,949
54037972203,2488,2053,435
54037972204,2438,2005,433
54037972300,4569,3541,1028
54037972401,2718,2147,571
54037972402,4461,3329,1132
54037972501,5313,3945,1368
54037972503,4049,2953,1096
54037972505,2705,2203,502
54037972506,4131,3167,964
54037972601,1950,1613,337
54037972602,4633,3495,1138
54037972701,2770,2204,566
54037972702,4243,3366,877
54037972800,6064,4724,1340
54039000100,1303,999,304
54039000200,2317,1734,583
54039000300,2573,2110,463
54039000500,2152,1812,340
54039000600,4008,3194,814
54039000700,2196,1797,399
54039000800,1943,1583,360
54039000900,1158,1018,140
54039001100,4705,3778,927
54039001200,1595,1334,261
54039001300,2497,2183,314
54039001500,4578,3981,597
54039001700,1608,1373,235
54039001800,2686,2140,546
54039001901,3672,2850,822
54039001902,3666,2892,774
54039002000,2894,2283,611
54039002100,4783,3548,1235
54039010100,3822,3141,681
54039010200,2126,1745,381
54039010300,2217,1825,392
54039010400,1509,1228,281
54039010500,5163,4068,1095
54039010601,2864,2288,576
54039010602,2416,1976,440
54039010701,5031,3983,1048
54039010702,4655,3724,931
54039010802,2932,2358,574
54039010803,4421,3512,909
54039010804,2283,1817,466
54039010900,2125,1657,468
54039011000,4453,3655,798
54039011100,4247,3429,818
54039011200,3633,2879,754
54039011301,2768,2272,496
54039011302,5327,4247,1080
54039011401,2740,2332,408
54039011402,3131,2572,559
54039011500,4008,3196,812
54039011800,4292,3446,846
54039012100,3861,3062,799
54039012200,4352,3524,828
54039012301,4483,3559,924
54039012302,2138,1747,391
54039012800,4198,3346,852
54039012900,1234,1016,218
54039013001,2094,1801,293
54039013002,2384,1968,416
54039013100,4270,3304,966
54039013200,3494,2832,662
54039013300,2543,2044,499
54039013400,1993,1605,388
54039013500,2752,2249,503
54039013600,4787,3835,952
54039013701,2108,1606,502
54039013702,5306,4215,1091
54039013800,2251,1719,532
54041967200,3640,2919,721
54041967300,4120,3211,909
54041967400,2696,2201,495
54041967500,3040,2391,649
54041967600,3537,2778,759
54043955401,3232,2460,772
54043955402,2886,2237,649
54043955500,3465,2732,733
54043955600,4396,3433,963
54043955700,3098,2437,661
54043955800,3386,2619,767
54045956102,2810,2238,572
54045956103,4002,3212,790
54045956104,2684,2111,573
54045956200,3478,2950,528
54045956400,3224,2627,597
54045956500,2052,1546,506
54045956600,4381,3448,933
54045956700,3617,2931,686
54045956800,4228,3378,850
54045956900,2091,1688,403
54047953600,879,698,181
54047953800,2495,1978,517
54047953900,1957,1591,366
54047954000,1930,1501,429
54047954200,1527,1256,271
54047954501,1721,1435,286
54047954503,4755,4228,527
54047954504,3847,3036,811
54049020100,1051,918,133
54049020200,3046,2551,495
54049020300,3788,3073,715
54049020400,1921,1636,285
54049020500,2036,1490,546
54049020600,1539,1246,293
54049020700,3901,2997,904
54049020800,3241,2482,759
54049020900,4257,3376,881
54049021001,3190,2529,661
54049021002,2124,1682,442
54049021100,2588,2148,440
54049021201,3557,2862,695
54049021202,2422,1946,476
54049021300,3589,2877,712
54049021400,1848,1444,404
54049021500,3359,2614,745
54049021601,2178,1726,452
54049021602,2056,1709,347
54049021700,1872,1484,388
54049021800,2642,2104,538
54051020200,1806,1504,302
54051020500,991,768,223
54051020601,2177,1705,472
54051020702,1384,1141,243
54051020800,4183,3313,870
54051020900,5049,4121,928
54051021001,1474,1162,312
54051021002,4487,3700,787
54051021100,4830,3855,975
54051021300,4210,3454,756
54053954801,3119,2611,508
54053954802,3811,2995,816
54053954901,2589,2036,553
54053954902,4382,3388,994
54053955000,4375,3498,877
54053955101,2456,1983,473
54053955102,4721,3704,1017
54055000900,3202,2591,611
54055001000,4455,3470,985
54055001100,6056,4912,1144
54055001200,3596,2834,762
54055001300,3728,3010,718
54055001400,1981,1643,338
54055001500,5472,4228,1244
54055001600,1445,1140,305
54055001700,4938,3997,941
54055001800,5581,4536,1045
54055001900,1491,1250,241
54055002000,2419,1852,567
54055002100,2931,2259,672
54055002200,4429,3602,827
54055002300,5146,4049,1097
54055002400,2794,2261,533
54057010100,2367,1926,441
54057010200,3522,2755,767
54057010300,4991,3941,1050
54057010400,4275,3395,880
54057010500,4701,3743,958
54057010600,5175,4208,967
54057010700,1907,1465,442
54059957100,3680,2875,805
54059957200,3323,2600,723
54059957300,2971,2346,625
54059957400,3817,3045,772
54059957500,3341,2593,748
54059957600,3020,2366,654
54059957700,3416,2807,609
54061010101,1471,1396,75
54061010103,3355,3270,85
54061010104,2967,2887,80
54061010202,4519,4209,310
54061010203,3235,2944,291
54061010204,2720,2640,80
54061010400,3825,3231,594
54061010601,4199,3607,592
54061010602,2221,1898,323
54061010700,3682,3202,480
54061010800,4643,3751,892
54061010901,2884,2415,469
54061010902,3323,2725,598
54061011000,4106,3446,660
54061011100,2918,2369,549
54061011200,2992,2563,429
54061011300,4133,3245,888
54061011400,3612,2952,660
54061011500,5322,4223,1099
54061011601,2769,2144,625
54061011602,4144,3334,810
54061011700,4483,3441,1042
54061011803,3905,2982,923
54061011804,4527,3380,1147
54061011805,4444,3384,1060
54061011806,5763,4386,1377
54061011900,4422,3419,1003
54061012000,5238,4620,618
54063950100,2664,2135,529
54063950200,3938,3197,741
54063950300,5774,4563,1211
54065970701,3828,3181,647
54065970702,2356,1863,493
54065970800,3499,2818,681
54065970900,2385,1983,402
54065971001,3074,2538,536
54065971002,1921,1567,354
54067950100,3170,2494,676
54067950201,2437,1987,450
54067950202,3785,3054,731
54067950300,1141,927,214
54067950400,4611,3675,936
54067950500,1397,1181,216
54067950600,4834,3888,946
54067950700,3229,2571,658
54069000200,3284,2633,651
54069000300,1664,1330,334
54069000400,958,840,118
54069000500,1359,1070,289
54069000600,1025,730,295
54069000700,879,644,235
54069001300,1220,1000,220
54069001400,2969,2546,423
54069001500,2647,2129,518
54069001600,2313,1903,410
54069001700,1679,1360,319
54069001800,5148,4104,1044
54069001901,2565,2067,498
54069002000,4922,3885,1037
54069002100,3846,3242,604
54069002200,2743,2185,558
54069002600,2208,1740,468
54069002700,996,899,97
54071970400,1414,1165,249
54071970500,3093,2586,507
54071970600,1636,1351,285
54073962100,3425,2885,540
54073962200,4228,3330,898
54075960101,1156,938,218
54075960102,1168,960,208
54075960201,1835,1529,306
54075960202,1620,1331,289
54075960300,2090,1765,325
54077963801,4751,4363,388
54077963802,3263,2616,647
54077963900,4063,3227,836
54077964000,4045,3194,851
54077964101,2055,1615,440
54077964102,1063,829,234
54077964103,1513,1263,250
54077964200,3716,2976,740
54077964300,4053,3194,859
54077964400,3151,2487,664
54077964500,2543,2014,529
54079020100,4950,3982,968
54079020200,5329,4164,1165
54079020300,5575,4263,1312
54079020400,6685,5154,1531
54079020500,5925,4675,1250
54079020601,5984,4727,1257
54079020604,2884,2156,728
54079020606,4453,3371,1082
54079020607,3423,2607,816
54079020608,4871,3670,1201
54079020609,3123,2429,694
54079020700,4238,3269,969
54081000200,3352,2696,656
54081000300,3948,3144,804
54081000400,3318,2662,656
54081000500,4428,3552,876
54081000600,4410,3380,1030
54081000700,2937,2270,667
54081000802,6233,5387,846
54081000803,4714,3606,1108
54081000804,5193,4032,1161
54081000900,5469,4302,1167
54081001001,4745,3821,924
54081001002,2789,2180,609
54081001100,5317,4103,1214
54081001200,4109,3160,949
54081001300,4643,3662,981
54081001400,4919,3879,1040
54081001500,4067,3263,804
54083965900,3861,3164,697
54083966000,4151,3439,712
54083966100,3676,3014,662
54083966200,3566,2843,723
54083966300,2703,2168,535
54083966400,5775,4563,1212
54083966500,4200,3555,645
54085962300,3393,2693,700
54085962400,2440,2025,415
54085962500,2611,2095,516
54087962800,2428,1943,485
54087962901,2221,1724,497
54087962902,1946,1551,395
54087963000,3526,2818,708
54087963100,3907,3101,806
54089000500,2556,2079,477
54089000600,4797,4064,733
54089000700,1307,1067,240
54089000800,3299,2667,632
54091964600,4771,3748,1023
54091964700,4807,3819,988
54091964800,4748,3800,948
54091964900,2379,1896,483
54093965200,1814,1484,330
54093965300,2229,1851,378
54093965400,2719,2155,564
54095961800,3305,2582,723
54095961900,3322,2672,650
54095962000,1686,1385,301
54097966600,4443,3483,960
54097966700,3077,2640,437
54097966800,4161,3218,943
54097966900,2896,2320,576
54097967000,4796,3731,1065
54097967100,4443,3457,986
54099005100,1963,1585,378
54099005200,1956,1575,381
54099020100,2270,1795,475
54099020300,4591,3614,977
54099020400,5876,4584,1292
54099020500,4746,3776,970
54099020600,4663,3713,950
54099020700,3514,2668,846
54099020800,4150,3116,1034
54099020900,2437,1898,539
54099021000,2816,2185,631
54101970101,2556,1999,557
54101970102,1758,1472,286
54101970200,2122,1707,415
54101970300,1942,1536,406
54103004900,3589,2920,669
54103030400,2476,1986,490
54103030500,3225,2598,627
54103030700,3927,3149,778
54103030800,1225,986,239
54105030101,3072,2393,679
54105030102,2122,1718,404
54107000100,3418,2824,594
54107000300,2761,2183,578
54107000400,2181,1795,386
54107000500,4166,3126,1040
54107000701,2613,2071,542
54107000702,1528,1191,337
54107000801,1347,1049,298
54107000802,3336,2614,722
54107000901,1381,1086,295
54107000902,1383,1087,296
54107000903,4216,3292,924
54107010101,1911,1550,361
54107010102,2040,1547,493
54107010200,3051,2413,638
54107010300,4556,3600,956
54107010400,1686,1372,314
54107010501,1590,1278,312
54107010502,4261,3539,722
54107010601,4724,3690,1034
54107010602,4371,3583,788
54107010703,4617,3666,951
54107010704,3102,2446,656
54107010705,2178,1770,408
54107010706,3650,2864,786
54107010800,3041,2419,622
54107010901,4703,3732,971
54107010902,3773,2926,847
54107011000,2712,2205,507
54109002800,2319,1823,496
54109002901,4062,3180,882
54109002902,3536,2780,756
54109003000,2255,1775,480
54109003100,4884,3947,937
54109003200,4326,3403,923
55001950100,3242,2889,353
55001950201,1386,1160,226
55001950203,935,807,128
55001950204,1646,1436,210
55001950400,4491,3659,832
55001950501,1418,1246,172
55001950502,3775,3348,427
55001950700,3761,3099,662
55003940000,2066,1408,658
55003950300,2735,2276,459
55003950400,2267,1838,429
55003950500,2212,1548,664
55003950600,1356,1116,240
55003950700,2043,1681,362
55003950800,3348,2719,629
55005000100,3931,3235,696
55005000200,4079,3206,873
55005000300,4182,3302,880
55005000400,5669,4430,1239
55005000500,4677,3649,1028
55005000601,2466,1994,472
55005000602,3689,2964,725
55005000800,5527,4229,1298
55005000900,4961,3820,1141
55005001001,1935,1465,470
55005001003,1607,1323,284
55005001004,3988,3230,758
55007960100,3241,2592,649
55007960200,1902,1619,283
55007960300,3671,3002,669
55007960401,2080,1738,342
55007960402,3094,2490,604
55007960600,2232,2009,223
55009000100,2596,1840,756
55009000200,6093,4676,1417
55009000302,4722,3692,1030
55009000303,2806,2161,645
55009000401,4880,3897,983
55009000402,2206,1808,398
55009000500,2949,2109,840
55009000600,3822,3063,759
55009000700,4896,3729,1167
55009000800,1653,1191,462
55009000900,4008,2690,1318
55009001000,1504,1362,142
55009001100,2113,1468,645
55009001200,2196,1541,655
55009001300,2943,2183,760
55009001400,3925,2877,1048
55009001600,6696,4674,2022
55009001701,3719,2726,993
55009001702,3519,2663,856
55009001801,5835,4664,1171
55009001802,6515,5347,1168
55009002001,8553,6558,1995
55009002002,5166,3987,1179
55009002003,3858,2978,880
55009010100,6506,5103,1403
55009010201,4601,4004,597
55009010202,5453,4156,1297
55009010300,7289,5617,1672
55009020100,5817,4701,1116
55009020203,7028,5356,1672
55009020204,5792,4246,1546
55009020502,5425,4265,1160
55009020504,6270,4583,1687
55009020505,5400,4319,1081
55009020506,2855,2195,660
55009020600,5632,4236,1396
55009020702,7600,5303,2297
55009020703,7598,5992,1606
55009020704,8337,6567,1770
55009020800,2351,1894,457
55009020900,2800,2222,578
55009021000,2841,2192,649
55009021200,5102,3972,1130
55009021301,2954,2421,533
55009021302,6209,4867,1342
55009021303,3776,3073,703
55009021304,2206,1823,383
55009021400,8174,6027,2147
55009021500,3248,2476,772
55009021600,6441,4820,1621
55009940002,4698,3569,1129
55009940003,3715,2827,888
55009940004,2817,2111,706
55009940005,7279,5577,1702
55009940006,4378,3137,1241
55009940007,3808,2747,1061
55009940008,6105,4787,1318
55009980000,1062,1061,1
55011960100,2622,2010,612
55011960200,2979,2272,707
55011960300,2050,1669,381
55011960400,2471,2034,437
55011960500,3195,2569,626
55013970400,4323,3752,571
55013970600,2082,1682,400
55013970700,2600,2219,381
55013970800,2468,1982,486
55013970900,3036,2361,675
55013971000,2017,1646,371
55015020100,4912,3718,1194
55015020200,3840,2929,911
55015020303,3762,2843,919
55015020304,3591,2771,820
55015020306,7047,5200,1847
55015020308,4943,3601,1342
55015020400,3459,2795,664
55015020500,5155,4016,1139
55015020600,5076,3984,1092
55015020700,4448,3064,1384
55015020800,6209,4791,1418
55017010100,3142,2385,757
55017010200,7331,5631,1700
55017010300,5494,4223,1271
55017010400,5490,4262,1228
55017010500,5854,4729,1125
55017010700,7892,6158,1734
55017010800,7428,5943,1485
55017010900,5131,3777,1354
55017011001,3404,2603,801
55017011002,4091,3297,794
55017011100,4216,3268,948
55017011200,6824,5260,1564
55019950100,4923,3620,1303
55019950200,4657,3223,1434
55019950300,4705,3115,1590
55019950400,4021,2804,1217
55019950500,4920,3401,1519
55019950600,4773,3342,1431
55019950700,3542,2754,788
55019950800,3118,2429,689
55021970100,4099,2978,1121
55021970200,5921,4613,1308
55021970300,4046,3318,728
55021970401,2968,2600,368
55021970402,3878,2991,887
55021970500,4334,3325,1009
55021970600,4818,3989,829
55021970700,4386,3473,913
55021970800,5770,4526,1244
55021970900,4823,3837,986
55021971000,3937,3157,780
55021971100,3733,2839,894
55021971200,5777,4491,1286
55023960100,2869,2185,684
55023960200,2324,1900,424
55023960300,2510,1897,613
55023960400,2942,2349,593
55023960500,1747,1410,337
55023960600,3721,3076,645
55025000100,2813,2427,386
55025000201,2179,1823,356
55025000202,3120,2621,499
55025000204,5436,4242,1194
55025000205,5271,4391,880
55025000301,3718,3429,289
55025000302,2176,1592,584
55025000401,3705,2957,748
55025000402,2641,2090,551
55025000406,3882,3355,527
55025000407,5712,4300,1412
55025000408,1989,1895,94
55025000409,4422,3486,936
55025000410,1790,1619,171
55025000501,4893,3859,1034
55025000504,7139,5642,1497
55025000505,3931,3048,883
55025000506,3535,2586,949
55025000600,5821,4014,1807
55025000700,3359,2598,761
55025000800,3933,3278,655
55025000901,2246,1736,510
55025000902,5695,5061,634
55025001000,2518,2092,426
55025001101,5511,5044,467
55025001102,4556,4500,56
55025001200,6436,5680,756
55025001300,2399,2037,362
55025001401,6037,4617,1420
55025001402,5429,4236,1193
55025001404,5312,4000,1312
55025001405,3380,2849,531
55025001501,2377,1894,483
55025001502,5614,4310,1304
55025001603,6733,5894,839
55025001604,6598,6313,285
55025001605,3324,3204,120
55025001606,7514,7262,252
55025001704,4154,4042,112
55025001706,2788,2654,134
55025001707,1680,1630,50
55025001802,3705,3433,272
55025001804,4431,3993,438
55025001901,4232,3844,388
55025001902,2805,2515,290
55025002000,6332,5234,1098
55025002100,4761,4076,685
55025002200,4313,3564,749
55025002301,3189,2285,904
55025002302,1851,1621,230
55025002401,3387,2795,592
55025002402,3756,2865,891
55025002500,2409,1793,616
55025002601,1847,1517,330
55025002602,6036,4840,1196
55025002603,5409,4273,1136
55025002700,3427,2922,505
55025002800,2196,1886,310
55025002900,3315,2769,546
55025003001,4775,3830,945
55025003002,3558,2782,776
55025003100,6228,4974,1254
55025003200,2436,1855,581
55025010100,2135,1671,464
55025010200,1335,1037,298
55025010300,3804,3055,749
55025010400,3569,2842,727
55025010501,4132,2972,1160
55025010503,5090,3736,1354
55025010504,3591,2796,795
55025010600,5111,4228,883
55025010701,6351,5008,1343
55025010702,9079,7545,1534
55025010801,6654,5291,1363
55025010802,5415,3888,1527
55025010903,4530,3673,857
55025010905,5288,4622,666
55025010906,4849,3463,1386
55025010907,5614,4255,1359
55025010908,5221,3920,1301
55025011000,4566,3611,955
55025011101,5107,3973,1134
55025011103,5382,4449,933
55025011104,4415,3262,1153
55025011201,3967,3104,863
55025011202,6464,4673,1791
55025011301,7366,5394,1972
55025011302,3035,2344,691
55025011403,2925,2410,515
55025011404,7833,5807,2026
55025011405,4990,4243,747
55025011406,4865,3928,937
55025011407,1929,1687,242
55025011504,4989,3735,1254
55025011505,4400,3246,1154
55025011506,6815,5227,1588
55025011507,5397,3919,1478
55025011508,4288,3118,1170
55025011600,7398,5455,1943
55025011700,4431,3404,1027
55025011800,5828,4484,1344
55025011900,7172,5546,1626
55025012002,4864,4015,849
55025012003,6548,4673,1875
55025012004,2676,2027,649
55025012100,2834,2180,654
55025012201,1945,1604,341
55025012202,6751,5195,1556
55025012300,5765,4456,1309
55025012400,4980,3891,1089
55025012501,6657,5171,1486
55025012502,6958,5034,1924
55025012600,4460,3565,895
55025012700,4215,3314,901
55025012800,8313,6096,2217
55025012900,3929,3173,756
55025013000,4708,3546,1162
55025013100,4845,3821,1024
55025013201,3879,2911,968
55025013202,8000,5863,2137
55025013301,5104,3630,1474
55025013302,5472,4189,1283
55025013700,7107,5058,2049
55027960100,6240,4870,1370
55027960200,3006,2441,565
55027960300,8155,6967,1188
55027960400,4426,3479,947
55027960500,4078,3548,530
55027960600,4046,3203,843
55027960700,4698,3786,912
55027960800,3588,2668,920
55027960900,4364,3410,954
55027961000,4590,3552,1038
55027961100,4389,3630,759
55027961200,3436,2661,775
55027961300,5373,4238,1135
55027961400,4033,3191,842
55027961500,5261,4207,1054
55027961600,4278,3414,864
55027961700,3137,2558,579
55027961800,4471,3550,921
55027961900,5548,4406,1142
55027962000,2279,1829,450
55029100100,2554,2248,306
55029100300,2975,2659,316
55029100400,3118,2742,376
55029100500,3601,3089,512
55029100600,3356,2639,717
55029100700,4894,3975,919
55029100800,5554,4631,923
55029100900,1775,1460,315
55029101000,2239,1862,377
55031020300,2918,2413,505
55031020400,3228,2549,679
55031020500,2906,2368,538
55031020600,4226,3380,846
55031020700,4230,3427,803
55031020800,3492,2796,696
55031020900,2291,1829,462
55031021000,1863,1510,353
55031021100,2139,1720,419
55031030101,4164,3206,958
55031030102,2083,1643,440
55031030200,5247,4159,1088
55031030301,3143,2617,526
55031030302,2365,2023,342
55033970100,3903,3014,889
55033970200,4783,3667,1116
55033970300,6129,4754,1375
55033970400,6601,4857,1744
55033970500,6813,5512,1301
55033970600,4043,3224,819
55033970700,6875,5579,1296
55033970801,2790,2692,98
55033970802,3503,2892,611
55035000100,5094,3560,1534
55035000200,4834,3643,1191
55035000301,3883,3045,838
55035000302,8369,6576,1793
55035000401,2637,2102,535
55035000402,5814,4424,1390
55035000501,4940,3825,1115
55035000502,4939,3765,1174
55035000600,4900,3900,1000
55035000700,5110,4072,1038
55035000801,3779,2859,920
55035000802,3944,3040,904
55035000803,6265,4916,1349
55035000900,5056,4044,1012
55035001101,2041,1939,102
55035001200,5318,4837,481
55035001300,5689,4245,1444
55035001401,3449,2760,689
55035001402,3989,3122,867
55035001500,3859,3097,762
55035001600,6547,5066,1481
55035001700,5254,4956,298
55037190101,1234,1006,228
55037190102,1465,1260,205
55037190200,1859,1582,277
55039040100,4118,3341,777
55039040200,2835,2080,755
55039040300,5954,4709,1245
55039040400,2877,2214,663
55039040500,3933,3031,902
55039040700,5522,4380,1142
55039040800,4506,3372,1134
55039040900,3380,2633,747
55039041000,3013,2349,664
55039041101,4999,3922,1077
55039041102,5171,4253,918
55039041300,6919,5369,1550
55039041400,5848,4605,1243
55039041500,3346,2656,690
55039041600,5831,4726,1105
55039041700,3881,2962,919
55039041800,4922,3805,1117
55039041901,3733,2933,800
55039041902,3397,2660,737
55039042001,3036,2422,614
55039042002,6397,5222,1175
55039042100,4547,3656,891
55039042200,5989,4759,1230
55041950100,1322,1103,219
55041950200,2532,2061,471
55041950300,2669,2047,622
55041950400,2656,2091,565
55043960100,3770,2786,984
55043960200,4464,3559,905
55043960300,4441,3268,1173
55043960400,3373,2581,792
55043960500,3630,2792,838
55043960600,3871,2836,1035
55043960700,4130,3107,1023
55043960800,2990,2288,702
55043960900,5062,4234,828
55043961000,7538,6584,954
55043961100,4372,3455,917
55043961200,4297,3357,940
55045960100,6670,5139,1531
55045960200,5953,4545,1408
55045960300,4878,3795,1083
55045960400,4359,3538,821
55045960500,3843,2980,863
55045960600,3262,2514,748
55045960700,3828,3043,785
55045960800,4300,3310,990
55047100100,3175,2377,798
55047100200,3052,2364,688
55047100300,3068,2538,530
55047100400,2803,2398,405
55047100500,3128,2396,732
55047100600,3792,2940,852
55049950100,3858,3104,754
55049950200,3002,2340,662
55049950300,3062,2382,680
55049950400,5407,4166,1241
55049950500,4842,3696,1146
55049950600,3538,2753,785
55051180100,2616,2169,447
55051180200,1352,1137,215
55051180300,2169,1949,220
55053960100,4293,3543,750
55053960200,3286,2568,718
55053960300,4302,3259,1043
55053960400,4497,3300,1197
55053960500,4767,3746,1021
55055100100,5396,4032,1364
55055100200,3586,2559,1027
55055100301,3737,2885,852
55055100302,2358,1798,560
55055100400,5921,4596,1325
55055100500,6837,5195,1642
55055100601,1656,1303,353
55055100602,3437,2836,601
55055100700,4982,3849,1133
55055100800,4038,3278,760
55055100900,3801,3197,604
55055101000,3678,2933,745
55055101100,4373,3348,1025
55055101201,2277,1886,391
55055101202,1678,1277,401
55055101300,6017,4659,1358
55055101400,3355,2551,804
55055101500,3976,3164,812
55055101600,6844,5760,1084
55055101701,1434,1159,275
55055101702,5519,4084,1435
55057100100,2819,2263,556
55057100200,3586,2839,747
55057100301,1450,1198,252
55057100302,2087,1698,389
55057100400,5134,4243,891
55057100500,4186,3293,893
55057100600,3270,2541,729
55057100700,4186,3312,874
55059000101,1793,1508,285
55059000102,3863,3018,845
55059000300,5167,4488,679
55059000400,3603,2816,787
55059000501,2794,2148,646
55059000502,2713,2355,358
55059000601,6496,5522,974
55059000603,3779,3116,663
55059000604,3898,3207,691
55059000700,5369,3793,1576
55059000800,2763,1858,905
55059000900,4058,2871,1187
55059001000,2623,2323,300
55059001100,3502,2474,1028
55059001200,4020,2939,1081
55059001300,3981,2901,1080
55059001401,2612,2006,606
55059001402,4570,3611,959
55059001500,3709,2760,949
55059001600,3350,2394,956
55059001700,2697,1953,744
55059001800,2201,1610,591
55059001900,2351,1884,467
55059002000,5731,4537,1194
55059002100,4983,3780,1203
55059002200,3570,2725,845
55059002300,5706,4491,1215
55059002400,4644,3822,822
55059002500,3352,2656,696
55059002603,4909,3548,1361
55059002604,3939,2807,1132
55059002605,5916,4831,1085
55059002606,4624,3481,1143
55059002700,6533,5073,1460
55059002801,3410,2732,678
55059002802,2803,2295,508
55059002903,3197,2461,736
55059002904,5300,4214,1086
55059002905,3776,2956,820
55059002906,5247,3952,1295
55059003001,4541,3586,955
55059003002,5058,3950,1108
55061960100,3227,2572,655
55061960200,2506,2020,486
55061960401,5116,3886,1230
55061960402,3785,2946,839
55061960500,5929,4689,1240
55063000100,4715,3765,950
55063000200,4997,3924,1073
55063000300,2495,2225,270
55063000401,2498,2325,173
55063000402,3135,2936,199
55063000500,5272,5089,183
55063000600,2125,1734,391
55063000700,4453,3541,912
55063000800,3013,2481,532
55063000900,3870,3260,610
55063001000,3661,2964,697
55063001101,2155,1731,424
55063001102,4064,3390,674
55063001200,4207,3368,839
55063010101,5766,4317,1449
55063010102,5112,3828,1284
55063010202,8261,5949,2312
55063010203,1961,1520,441
55063010204,5235,3934,1301
55063010205,5387,4063,1324
55063010300,4462,3736,726
55063010401,5712,4265,1447
55063010403,5757,4407,1350
55063010404,3927,3013,914
55063010500,5733,4639,1094
55063010600,3756,2965,791
55063010700,5744,4676,1068
55063010800,3311,2566,745
55065970100,2954,2283,671
55065970200,3970,2928,1042
55065970300,3426,2505,921
55065970400,3050,2335,715
55065970500,3211,2440,771
55067960101,1163,1035,128
55067960102,1499,1268,231
55067960300,2466,2008,458
55067960400,3864,3033,831
55067960500,1821,1526,295
55067960600,4450,3430,1020
55067960700,4228,3347,881
55069960100,2283,1962,321
55069960200,2634,2062,572
55069960300,1851,1602,249
55069960400,1883,1563,320
55069960500,1914,1580,334
55069960600,4438,3559,879
55069960700,3845,3002,843
55069960800,3468,2768,700
55069960900,2637,2101,536
55069961000,3462,2818,644
55071000100,5731,4682,1049
55071000200,2432,1942,490
55071000300,5649,4656,993
55071000400,4194,3161,1033
55071000500,2731,2055,676
55071000600,5459,4453,1006
55071000700,6037,4623,1414
55071000800,4145,3233,912
55071005100,2231,1873,358
55071005200,4477,3606,871
55071005300,2006,1555,451
55071005400,2971,2336,635
55071010100,4405,3531,874
55071010200,5721,4626,1095
55071010300,4378,3380,998
55071010400,6083,4776,1307
55071010500,3562,2974,588
55071010600,5056,4003,1053
55071010700,4091,3131,960
55073000100,3118,2486,632
55073000200,2766,2097,669
55073000300,5198,4051,1147
55073000400,6219,4920,1299
55073000500,2992,2245,747
55073000601,1925,1528,397
55073000602,3795,2827,968
55073000700,5771,4496,1275
55073000800,3557,2876,681
55073000900,2189,1769,420
55073001000,3673,2872,801
55073001103,5313,4149,1164
55073001104,6112,4751,1361
55073001105,2487,1929,558
55073001106,6358,4750,1608
55073001202,5622,4407,1215
55073001203,5244,3883,1361
55073001204,4215,3323,892
55073001300,7302,5705,1597
55073001401,3702,2854,848
55073001402,3565,2934,631
55073001500,4281,3440,841
55073001600,6194,4813,1381
55073001700,3593,2927,666
55073001800,5565,4406,1159
55073001900,5963,4448,1515
55073002000,3836,2908,928
55073002101,4349,3262,1087
55073002102,2792,2150,642
55073002200,3540,2564,976
55073002301,3328,2426,902
55073002302,3449,2681,768
55075960100,3008,2418,590
55075960200,3796,3302,494
55075960600,2462,2066,396
55075960700,3301,2865,436
55075960800,2813,2226,587
55075960900,2661,2210,451
55075961000,4027,3128,899
55075961100,5348,4159,1189
55075961200,2733,2272,461
55075961300,3093,2438,655
55075961400,4839,3848,991
55075961500,3791,2986,805
55077960100,2762,2276,486
55077960200,2544,2163,381
55077960300,4069,3177,892
55077960400,2631,2123,508
55077960500,3586,2811,775
55078940101,1351,820,531
55078940103,1342,906,436
55078940104,1562,1167,395
55079000101,4535,3329,1206
55079000102,3711,2872,839
55079000201,5272,3398,1874
55079000202,6109,4500,1609
55079000301,1377,1129,248
55079000302,2874,1803,1071
55079000303,1820,1271,549
55079000304,3435,2596,839
55079000400,2555,1855,700
55079000501,3343,2404,939
55079000502,4296,2780,1516
55079000600,6158,4328,1830
55079000700,3572,2615,957
55079000800,4906,3570,1336
55079000900,3534,2312,1222
55079001000,3336,2351,985
55079001100,2648,1793,855
55079001200,2888,1756,1132
55079001300,3684,2448,1236
55079001400,2280,1472,808
55079001500,3176,2115,1061
55079001600,2786,1841,945
55079001700,4399,3025,1374
55079001800,2256,1597,659
55079001900,3260,2203,1057
55079002000,2319,1650,669
55079002100,2228,1568,660
55079002200,1802,1320,482
55079002300,3919,2866,1053
55079002400,2150,1535,615
55079002500,2041,1411,630
55079002600,2659,1832,827
55079002700,1984,1341,643
55079002800,2121,1454,667
55079002900,2146,1412,734
55079003000,3712,2671,1041
55079003100,3415,2472,943
55079003200,2662,1942,720
55079003300,5117,3565,1552
55079003400,5745,4318,1427
55079003500,3213,2388,825
55079003600,1697,1275,422
55079003700,2305,1713,592
55079003800,2060,1528,532
55079003900,2587,1912,675
55079004000,2475,1599,876
55079004100,2493,1758,735
55079004200,2689,1921,768
55079004300,4931,3624,1307
55079004400,2682,2071,611
55079004500,2179,1499,680
55079004600,2683,1893,790
55079004700,3599,2606,993
55079004800,3525,2509,1016
55079004900,4256,3050,1206
55079005000,4591,3452,1139
55079005100,3369,2473,896
55079005200,1660,1288,372
55079005300,2022,1488,534
55079005400,3660,2912,748
55079005500,3333,2619,714
55079005600,2065,1691,374
55079005700,2393,1884,509
55079005800,3358,2563,795
55079005900,3408,2419,989
55079006000,2428,1543,885
55079006100,2216,1474,742
55079006200,2339,1541,798
55079006300,1910,1320,590
55079006400,1962,1301,661
55079006500,2068,1375,693
55079006600,2292,1582,710
55079006700,1094,724,370
55079006800,2164,1521,643
55079006900,2147,1451,696
55079007000,2507,1671,836
55079007100,1838,1577,261
55079007200,2727,2360,367
55079007300,2949,2730,219
55079007400,3512,3240,272
55079007500,2669,2187,482
55079007600,3304,3098,206
55079007700,4035,3804,231
55079007800,3475,3228,247
55079007900,2212,2043,169
55079008000,1792,1554,238
55079008100,1238,887,351
55079008400,951,641,310
55079008500,1159,777,382
55079008600,1131,733,398
55079008700,1174,786,388
55079008800,1826,1242,584
55079008900,1271,865,406
55079009000,2396,1481,915
55079009100,2218,1360,858
55079009200,1638,1184,454
55079009300,2368,1839,529
55079009400,2421,1998,423
55079009500,1995,1531,464
55079009600,2187,1336,851
55079009700,1785,1080,705
55079009800,1575,970,605
55079009900,1162,780,382
55079010600,1114,838,276
55079010700,2341,2092,249
55079010800,2660,2552,108
55079011000,3418,3317,101
55079011100,1641,1567,74
55079011200,2711,2588,123
55079011300,2941,2886,55
55079011400,1500,1349,151
55079012200,2149,1329,820
55079012300,1047,795,252
55079012400,2478,1965,513
55079012500,1904,1563,341
55079012600,2213,1828,385
55079012700,1307,1123,184
55079012800,3052,2619,433
55079012900,3002,2291,711
55079013000,1804,1370,434
55079013300,1002,765,237
55079013400,2313,1650,663
55079013500,1901,1554,347
55079013600,2033,1665,368
55079013700,1459,1120,339
55079014100,2103,1437,666
55079014300,2549,2491,58
55079014400,3282,3169,113
55079014600,3257,3025,232
55079014700,3694,3377,317
55079014800,2484,2136,348
55079014900,1418,1233,185
55079015700,2943,1942,1001
55079015800,2631,1750,881
55079015900,3590,2534,1056
55079016000,3084,2077,1007
55079016100,3169,2150,1019
55079016200,3296,2283,1013
55079016300,4779,3130,1649
55079016400,4220,2795,1425
55079016500,2362,1614,748
55079016600,1757,1231,526
55079016700,3114,2144,970
55079016800,3025,1939,1086
55079016900,3823,2596,1227
55079017000,5697,3849,1848
55079017100,2780,1889,891
55079017200,2589,1780,809
55079017300,3706,2492,1214
55079017400,2878,1903,975
55079017500,4034,2653,1381
55079017600,2798,1856,942
55079017900,2879,2412,467
55079018000,2726,2396,330
55079018100,1589,1384,205
55079018200,1563,1326,237
55079018300,2260,1886,374
55079018400,1300,1066,234
55079018500,1661,1306,355
55079018600,2672,1741,931
55079018700,3597,2430,1167
55079018800,2023,1326,697
55079018900,1696,1158,538
55079019000,4758,3573,1185
55079019100,3685,2839,846
55079019200,3455,2673,782
55079019300,2806,2164,642
55079019400,3679,3021,658
55079019500,3243,2476,767
55079019600,3602,2896,706
55079019700,5644,4355,1289
55079019800,5158,4072,1086
55079019900,3802,2872,930
55079020000,3658,2636,1022
55079020100,3807,2777,1030
55079020200,3483,2439,1044
55079020300,4156,2908,1248
55079020400,3266,2243,1023
55079020500,3074,2144,930
55079020600,3325,2752,573
55079020700,4145,3415,730
55079020800,2920,2480,440
55079020900,2559,2014,545
55079021000,2122,1671,451
55079021100,1385,1096,289
55079021200,2093,1701,392
55079021300,1670,1263,407
55079021400,3432,2429,1003
55079021500,2969,2201,768
55079021600,4686,3309,1377
55079021700,6241,4822,1419
55079021800,2187,1663,524
55079030100,4378,3413,965
55079035100,2306,1741,565
55079035200,4628,3679,949
55079040100,1602,1251,351
55079050101,6061,4784,1277
55079050103,3509,2810,699
55079050104,2937,2352,585
55079060101,4106,3393,713
55079060102,3262,2649,613
55079060200,5989,4856,1133
55079070100,4666,3250,1416
55079070200,5389,3694,1695
55079070300,4899,3601,1298
55079080100,2781,2260,521
55079080200,3745,2973,772
55079080300,3900,2888,1012
55079080400,3433,2971,462
55079090100,4118,3255,863
55079090200,2249,1837,412
55079090300,3613,2816,797
55079090600,4647,3779,868
55079090700,3234,2410,824
55079090800,2351,1836,515
55079090900,3674,2927,747
55079091000,4402,3372,1030
55079091100,4252,3154,1098
55079091200,5371,4579,792
55079091300,3703,2825,878
55079091400,2124,1662,462
55079100100,3852,2856,996
55079100200,3821,3041,780
55079100300,2884,2280,604
55079100400,2718,2217,501
55079100500,3476,2759,717
55079100600,2033,1621,412
55079100700,2857,2292,565
55079100800,2914,2382,532
55079100900,3744,3055,689
55079101000,5161,4109,1052
55079101100,1779,1491,288
55079101200,3040,2531,509
55079101300,3096,2499,597
55079101400,3686,2910,776
55079101500,4511,3455,1056
55079101600,4603,3696,907
55079101700,3468,2689,779
55079101800,2682,2207,475
55079110100,4114,3195,919
55079120101,4482,3671,811
55079120102,3930,3391,539
55079120201,3666,3123,543
55079120202,3234,2643,591
55079120203,3916,3252,664
55079120300,2134,1573,561
55079120400,6760,5421,1339
55079120501,4076,3213,863
55079120502,5350,4561,789
55079130100,4865,3861,1004
55079130200,2855,2290,565
55079140100,3197,2547,650
55079140201,5694,4446,1248
55079140202,5963,4502,1461
55079150100,9519,7464,2055
55079150301,6039,4804,1235
55079150303,5010,4083,927
55079150304,3991,3270,721
55079160101,4344,3427,917
55079160102,2595,2167,428
55079160202,7596,5888,1708
55079160203,6654,5188,1466
55079160205,3368,2758,610
55079160206,1942,1591,351
55079160301,5523,4123,1400
55079160302,4475,3363,1112
55079170100,2595,2121,474
55079170200,3750,3033,717
55079170300,2713,2107,606
55079170400,3200,2588,612
55079170500,2420,1941,479
55079170600,3513,2692,821
55079170700,2604,2004,600
55079180100,2970,2427,543
55079180200,4503,3572,931
55079180300,3534,2666,868
55079180400,2704,2245,459
55079180500,4493,3693,800
55079185100,4438,3903,535
55079185200,4723,3959,764
55079185300,4649,3924,725
55079185400,1271,851,420
55079185500,1420,1026,394
55079185600,1636,1257,379
55079185700,2158,1495,663
55079185800,1410,933,477
55079185900,1031,715,316
55079186000,1711,1302,409
55079186100,2021,1278,743
55079186200,1382,955,427
55079186300,3749,3566,183
55079186400,1423,1391,32
55079186500,2217,1789,428
55079186600,2310,1635,675
55079186800,1736,1420,316
55079186900,2502,2430,72
55079187000,3895,3766,129
55079187200,5724,4715,1009
55079187300,6533,4975,1558
55079187400,3976,3842,134
55081950100,4533,3513,1020
55081950200,5237,3997,1240
55081950300,6693,4934,1759
55081950400,4506,3441,1065
55081950500,6309,4805,1504
55081950600,4227,3274,953
55081950700,4608,3346,1262
55081950800,4385,3122,1263
55081950900,5776,4242,1534
55083100300,2938,2678,260
55083100500,2301,1988,313
55083100600,2770,2240,530
55083100700,2803,2269,534
55083100800,2559,1966,593
55083100900,2887,2262,625
55083101000,4113,3241,872
55083101100,4691,3737,954
55083101200,4204,3252,952
55083101301,5329,3933,1396
55083101302,4370,3443,927
55085970101,1804,1572,232
55085970103,1065,942,123
55085970104,2540,2154,386
55085970400,2944,2472,472
55085970500,1788,1501,287
55085970601,1983,1622,361
55085970603,1985,1605,380
55085970604,1842,1566,276
55085970800,2389,2029,360
55085970900,2582,2190,392
55085971001,1320,1129,191
55085971002,2693,2225,468
55085971100,2013,1724,289
55085971300,2077,1786,291
55085971400,3980,3111,869
55085971500,4840,3833,1007
55087010100,2814,2325,489
55087010200,4175,3141,1034
55087010300,2467,1987,480
55087010501,2505,1911,594
55087010502,1943,1836,107
55087010601,3623,2794,829
55087010602,4081,3121,960
55087010700,4713,3614,1099
55087010800,1446,1118,328
55087010900,2240,1669,571
55087011001,2744,2215,529
55087011002,2763,2048,715
55087011101,4921,3799,1122
55087011103,3524,2813,711
55087011104,3859,3085,774
55087011200,2987,2273,714
55087011300,3129,2421,708
55087011400,5454,4337,1117
55087011501,3348,2576,772
55087011502,4565,3531,1034
55087011600,7390,5639,1751
55087011700,2696,2031,665
55087011800,1945,1489,456
55087011901,3138,2394,744
55087011902,4614,3609,1005
55087012000,6669,5031,1638
55087012101,4192,3308,884
55087012102,4239,3243,996
55087012200,1965,1533,432
55087012300,1616,1201,415
55087012400,3091,2319,772
55087012503,3836,2739,1097
55087012504,4094,3149,945
55087012505,5511,4389,1122
55087012506,4464,3723,741
55087012602,5308,3968,1340
55087012603,5489,3905,1584
55087012604,4759,3397,1362
55087012700,6648,4965,1683
55087012800,7874,5959,1915
55087012902,3764,2950,814
55087012903,3455,2546,909
55087012904,3077,2299,778
55087013100,5937,4557,1380
55087013200,3807,2976,831
55087013300,9247,6865,2382
55087940000,4579,3388,1191
55089610101,4357,3406,951
55089610102,3871,3056,815
55089620100,5796,4601,1195
55089630100,2664,2150,514
55089630201,4565,3672,893
55089630202,6055,4666,1389
55089640101,3141,2638,503
55089640102,2909,2291,618
55089640201,2460,1806,654
55089640202,6357,4896,1461
55089650102,2721,2123,598
55089650103,2269,1828,441
55089650104,4369,3297,1072
55089650200,5128,4041,1087
55089650300,6305,4724,1581
55089660100,3290,2670,620
55089660201,4511,3318,1193
55089660202,6658,5538,1120
55089660301,5787,4593,1194
55089660303,5133,4143,990
55089660304,3157,2386,771
55091950100,3973,2972,1001
55091950200,3345,2733,612
55093960100,2837,2224,613
55093960200,6174,4746,1428
55093960300,5707,5092,615
55093960400,5964,4646,1318
55093960500,7977,6083,1894
55093960600,4988,3955,1033
55093960700,4873,3706,1167
55093960800,3692,2929,763
55095960100,3741,2976,765
55095960200,3812,3038,774
55095960301,1935,1498,437
55095960302,2246,1849,397
55095960303,1217,1007,210
55095960500,2832,2268,564
55095960600,2218,1857,361
55095960701,3821,3031,790
55095960702,2109,1611,498
55095960800,6858,5280,1578
55095960901,3065,2467,598
55095960902,2397,1883,514
55095961000,4852,3839,1013
55095961100,3874,2963,911
55097960100,4619,3624,995
55097960200,4758,3710,1048
55097960300,4059,3356,703
55097960400,6595,5957,638
55097960500,7185,5677,1508
55097960600,5497,4222,1275
55097960701,5502,4230,1272
55097960702,3484,2816,668
55097960800,5246,4186,1060
55097960900,3135,2517,618
55097961000,2268,1922,346
55097961101,3904,3050,854
55097961102,2984,2512,472
55097961200,6257,4946,1311
55097961300,4884,3800,1084
55099970100,2652,2289,363
55099970200,2679,2161,518
55099970400,1843,1565,278
55099970500,2171,1745,426
55099970600,2246,1861,385
55099970700,2463,1945,518
55101000200,4902,3582,1320
55101000400,3804,2590,1214
55101000500,4825,3305,1520
55101000600,5640,4061,1579
55101000700,5662,4150,1512
55101000800,4526,3481,1045
55101000901,3714,2925,789
55101000903,4150,3339,811
55101000904,5283,4229,1054
55101001001,2736,2078,658
55101001002,2687,2064,623
55101001003,3847,2725,1122
55101001101,3916,2977,939
55101001102,2434,1928,506
55101001201,3689,2831,858
55101001202,6758,5039,1719
55101001301,3728,2764,964
55101001302,4021,2963,1058
55101001401,3606,2712,894
55101001402,3396,2651,745
55101001501,3790,2968,822
55101001504,3062,2335,727
55101001505,4282,3394,888
55101001506,4122,3344,778
55101001507,2854,2258,596
55101001601,6193,5019,1174
55101001602,3129,2452,677
55101001701,3715,2960,755
55101001702,6998,5800,1198
55101001703,4578,3571,1007
55101001705,5828,4658,1170
55101001706,3916,3263,653
55101001801,5076,3967,1109
55101001802,2976,2288,688
55101001900,3926,3161,765
55101002001,2934,2340,594
55101002002,4982,3930,1052
55101002100,3343,2660,683
55101002401,5964,4600,1364
55101002402,5320,4114,1206
55101002600,5810,4688,1122
55101002701,3932,3097,835
55101002702,6305,4966,1339
55101002800,6022,4744,1278
55101002900,4407,3154,1253
55101980000,939,926,13
55103970100,2763,2094,669
55103970200,4572,3525,1047
55103970300,2468,1836,632
55103970400,3454,2700,754
55103970500,4047,3214,833
55105000100,899,727,172
55105000200,2851,2193,658
55105000300,2854,2047,807
55105000400,3700,2741,959
55105000500,4347,3405,942
55105000600,3364,2656,708
55105000700,3939,3134,805
55105000800,3928,3074,854
55105000900,2878,2311,567
55105001000,3380,2555,825
55105001100,5423,4227,1196
55105001201,5709,4454,1255
55105001202,6280,4962,1318
55105001302,6499,5245,1254
55105001303,4990,3697,1293
55105001305,3560,2720,840
55105001306,5142,4029,1113
55105001400,5871,4592,1279
55105001500,2321,2088,233
55105001600,4694,3253,1441
55105001700,5096,3612,1484
55105001800,4249,2924,1325
55105001900,2688,1948,740
55105002000,3837,2857,980
55105002100,3766,2883,883
55105002200,2296,1833,463
55105002300,1870,1431,439
55105002400,3663,2942,721
55105002500,2646,2125,521
55105002601,5470,4331,1139
55105002602,4175,3358,817
55105002700,2490,2029,461
55105002800,5164,4056,1108
55105002901,3762,2832,930
55105002902,4972,3742,1230
55105003001,5323,4087,1236
55105003002,5692,4470,1222
55105003101,2786,2216,570
55105003102,4953,3796,1157
55105003200,2577,2015,562
55105003300,3583,2685,898
55107960100,3496,2841,655
55107960200,1993,1655,338
55107960300,2287,1879,408
55107960400,2905,2146,759
55107960500,3507,2781,726
55109120100,2038,1572,466
55109120201,6018,4690,1328
55109120202,5344,3925,1419
55109120300,5777,4555,1222
55109120401,7148,5326,1822
55109120402,4340,3338,1002
55109120501,6382,4759,1623
55109120502,6338,4747,1591
55109120601,2866,1993,873
55109120602,5533,4168,1365
55109120700,4766,3570,1196
55109120801,3733,2818,915
55109120802,5150,3810,1340
55109120901,4582,3604,978
55109120904,4443,3304,1139
55109120905,7179,5426,1753
55109120906,3966,2974,992
55109121000,7933,5768,2165
55111000101,1458,1149,309
55111000102,1759,1492,267
55111000103,2776,2148,628
55111000104,1530,1183,347
55111000200,5169,4044,1125
55111000301,3629,2838,791
55111000302,1400,1066,334
55111000303,2358,1916,442
55111000401,5572,4385,1187
55111000402,3252,2564,688
55111000500,3645,2825,820
55111000601,1577,1259,318
55111000602,1958,1509,449
55111000603,3368,2594,774
55111000700,2874,2249,625
55111000800,3929,3176,753
55111000901,2250,1708,542
55111000902,1414,1129,285
55111000903,1291,932,359
55111001002,3094,2332,762
55111001003,2086,1529,557
55111001004,3042,2426,616
55111001005,2095,1584,511
55111001100,4237,3160,1077
55113100300,4925,3862,1063
55113100400,2557,2128,429
55113100501,1647,1500,147
55113100502,2204,1882,322
55113100700,1767,1436,331
55113100800,1753,1552,201
55113940001,2045,1407,638
55113940002,1176,957,219
55115100100,2784,2185,599
55115100200,1776,1561,215
55115100300,3697,3074,623
55115100400,4407,3426,981
55115100500,5100,3875,1225
55115100600,4162,3239,923
55115100700,3074,2459,615
55115100800,4567,3583,984
55115100900,3732,3017,715
55115101000,3674,2749,925
55115101100,3908,2989,919
55117000100,3650,2733,917
55117000201,2908,2063,845
55117000202,4415,3312,1103
55117000300,7248,5626,1622
55117000400,4344,3435,909
55117000500,3627,2704,923
55117000800,5299,3866,1433
55117000900,5538,4352,1186
55117001000,7545,5794,1751
55117001100,3750,2845,905
55117010100,1429,1150,279
55117010200,4718,3784,934
55117010300,3080,2621,459
55117010400,2989,2477,512
55117010502,3798,3054,744
55117010503,3526,2778,748
55117010504,4440,3500,940
55117010601,5517,4408,1109
55117010602,4373,3588,785
55117010700,9192,7054,2138
55117010800,3676,2919,757
55117010900,3100,2396,704
55117011000,2715,2170,545
55117011100,3664,3102,562
55117011200,3511,2865,646
55117011301,4409,3384,1025
55117011302,3024,2329,695
55117011400,2549,2125,424
55119960100,4190,3183,1007
55119960200,1990,1561,429
55119960300,2873,2120,753
55119960400,4602,3608,994
55119960500,2926,2235,691
55119960600,3332,2419,913
55121100100,3423,2593,830
55121100200,3346,2541,805
55121100300,2555,1931,624
55121100400,4050,3126,924
55121100500,3038,2265,773
55121100600,4858,3278,1580
55121100700,5599,4365,1234
55121100800,3891,3051,840
55123960100,4399,3040,1359
55123960200,4319,2912,1407
55123960300,4509,3373,1136
55123960400,5017,3964,1053
55123960500,3583,2644,939
55123960600,4800,3552,1248
55123960700,4087,3249,838
55125940000,3573,2669,904
55125950201,2952,2522,430
55125950202,1481,1306,175
55125950501,3060,2585,475
55125950502,3191,2638,553
55125950601,2693,2418,275
55125950602,1738,1601,137
55125950700,4359,3714,645
55127000102,2633,2129,504
55127000103,2758,2140,618
55127000104,3510,2744,766
55127000201,3681,2968,713
55127000202,2888,2304,584
55127000301,3038,2542,496
55127000303,3457,2743,714
55127000304,2864,2243,621
55127000400,4007,3176,831
55127000501,4092,3921,171
55127000502,3771,3168,603
55127000600,5496,4294,1202
55127000701,4200,3108,1092
55127000702,4652,3599,1053
55127000801,1810,1464,346
55127000802,2707,2293,414
55127000901,6115,4599,1516
55127000902,3587,2667,920
55127001000,5036,3985,1051
55127001501,3485,2880,605
55127001503,2369,1884,485
55127001504,3044,2445,599
55127001603,2923,2288,635
55127001605,4180,3368,812
55127001606,2462,2054,408
55127001607,3656,3307,349
55127001608,2819,2184,635
55127001701,5918,4539,1379
55127001702,5320,3934,1386
55129950100,2116,1821,295
55129950200,1870,1621,249
55129950300,2925,2431,494
55129950501,2753,2144,609
55129950502,2292,1924,368
55129950600,4667,3671,996
55131400102,3691,2983,708
55131400103,3645,2954,691
55131400104,5949,4643,1306
55131410100,5427,4192,1235
55131420104,5177,4239,938
55131420105,4544,3464,1080
55131420106,3490,2674,816
55131420107,3412,2788,624
55131420108,2435,2029,406
55131420200,5545,4321,1224
55131420300,5765,4388,1377
55131420401,2417,1930,487
55131420402,2085,1724,361
55131430100,5646,4423,1223
55131440103,5181,3939,1242
55131440104,6507,4990,1517
55131440105,3843,2944,899
55131440106,3825,3040,785
55131440200,3856,2976,880
55131450103,5477,4309,1168
55131450105,3014,2333,681
55131450106,6144,4639,1505
55131450107,3587,2853,734
55131450108,3202,2498,704
55131460101,6320,5031,1289
55131460102,5419,4234,1185
55131470100,5790,4499,1291
55131470202,6124,4868,1256
55131470203,5028,4007,1021
55131470204,4216,3118,1098
55133200101,4513,3487,1026
55133200102,5440,4408,1032
55133200103,3017,2369,648
55133200201,3639,3150,489
55133200202,4493,3674,819
55133200300,5288,3893,1395
55133200400,7375,5676,1699
55133200500,6069,4514,1555
55133200600,1787,1424,363
55133200700,4168,3193,975
55133200801,5308,3921,1387
55133200803,4806,3676,1130
55133200804,4192,3237,955
55133200901,4364,3386,978
55133200902,4326,3145,1181
55133201001,2557,2031,526
55133201002,4057,2872,1185
55133201101,5233,3935,1298
55133201102,3167,2516,651
55133201201,2064,1626,438
55133201203,3485,2755,730
55133201204,2736,2279,457
55133201205,4313,3316,997
55133201300,4821,3896,925
55133201402,4760,3952,808
55133201403,4308,3467,841
55133201404,3850,3148,702
55133201504,6084,4820,1264
55133201505,2820,2234,586
55133201506,5564,4471,1093
55133201507,3455,2755,700
55133201508,2976,2437,539
55133201600,5466,4264,1202
55133201701,4597,3670,927
55133201703,5666,4459,1207
55133201704,5307,4028,1279
55133201800,1540,1251,289
55133201900,6402,4773,1629
55133202001,5291,4142,1149
55133202002,4077,3238,839
55133202101,4211,3165,1046
55133202102,4799,3698,1101
55133202103,3388,2680,708
55133202201,4211,3158,1053
55133202203,2230,1725,505
55133202204,3437,2752,685
55133202301,4576,3495,1081
55133202303,3398,2402,996
55133202304,3134,2427,707
55133202400,5018,3925,1093
55133202500,4088,3265,823
55133202600,2887,2383,504
55133202700,1844,1666,178
55133202800,3827,3026,801
55133202901,4250,3438,812
55133202902,3420,2986,434
55133203000,2298,1956,342
55133203103,4516,3575,941
55133203104,3164,2547,617
55133203105,3385,2634,751
55133203106,3554,2860,694
55133203107,3892,3067,825
55133203200,4210,3371,839
55133203303,3712,3009,703
55133203304,5588,4032,1556
55133203305,4685,3693,992
55133203307,3068,2522,546
55133203308,3342,2832,510
55133203402,3941,3082,859
55133203403,5770,4377,1393
55133203404,3587,2793,794
55133203405,4252,2993,1259
55133203406,6885,5248,1637
55133203501,3921,3123,798
55133203502,2676,2044,632
55133203601,4072,3266,806
55133203602,5940,4426,1514
55133203702,4796,3814,982
55133203703,3430,2593,837
55133203704,4766,3749,1017
55133203802,6125,4649,1476
55133203803,4033,3137,896
55133203805,4996,3850,1146
55133203806,2834,2304,530
55133203901,4884,3720,1164
55133203902,4345,3366,979
55133204002,5545,4342,1203
55133204003,3894,3076,818
55133204004,4227,3437,790
55133204100,5365,4220,1145
55133204201,2896,2301,595
55133204202,4294,3144,1150
55133204301,6697,5124,1573
55133204302,4030,3185,845
55133204400,2242,1836,406
55133204501,2664,2037,627
55133204503,3466,2869,597
55133204504,2892,2311,581
55135100100,3719,2971,748
55135100200,2758,2132,626
55135100300,3741,3048,693
55135100400,4516,3533,983
55135100500,2841,2443,398
55135100600,4989,4035,954
55135100700,3375,2655,720
55135100800,4720,3855,865
55135100900,6051,4716,1335
55135101000,6349,4999,1350
55135101100,5028,3943,1085
55135101200,3725,3038,687
55137960100,2959,2404,555
55137960201,1207,1069,138
55137960202,2666,2227,439
55137960300,3331,2599,732
55137960400,3490,2762,728
55137960600,2027,1775,252
55137960700,4425,3739,686
55137960800,4415,3485,930
55139000100,2895,2199,696
55139000200,2612,2083,529
55139000300,4120,3164,956
55139000400,3047,2385,662
55139000501,2838,2614,224
55139000502,3424,2619,805
55139000700,4777,4466,311
55139000800,3131,2550,581
55139000900,3389,2662,727
55139001000,2620,2180,440
55139001100,4255,3392,863
55139001200,2054,1595,459
55139001300,2699,2107,592
55139001400,3866,3184,682
55139001500,3092,2387,705
55139001600,4154,3611,543
55139001700,5336,4568,768
55139001801,5446,4147,1299
55139001803,6075,5035,1040
55139001804,4725,3600,1125
55139001900,5332,4372,960
55139002001,3105,2388,717
55139002002,4204,3243,961
55139002100,3608,2836,772
55139002201,5134,4042,1092
55139002202,2997,2442,555
55139002300,5691,4359,1332
55139002401,5045,4086,959
55139002402,5657,4358,1299
55139002500,4876,3818,1058
55139002601,3918,3190,728
55139002602,4585,3599,986
55139002700,2426,1883,543
55139002800,4569,3599,970
55139002900,2212,1747,465
55139003000,1641,1239,402
55139003100,2046,1577,469
55139003200,2353,1737,616
55139003300,2608,2017,591
55139003400,4259,3258,1001
55139003500,2871,2272,599
55139003600,4191,3107,1084
55139003701,3813,2896,917
55139003703,6371,4764,1607
55139003704,3663,2825,838
55141010100,4552,3470,1082
55141010200,4800,3902,898
55141010300,2878,2264,614
55141010400,3459,2725,734
55141010500,3236,2574,662
55141010600,4527,3610,917
55141010700,5085,3994,1091
55141010800,2744,2176,568
55141010900,3951,3113,838
55141011000,5695,4494,1201
55141011100,3536,2690,846
55141011200,3964,3007,957
55141011300,4477,3595,882
55141011400,5754,4678,1076
55141011500,5975,4710,1265
55141011600,5037,4068,969
55141011700,4537,3474,1063
56001962700,3371,2685,686
56001962800,3169,2448,721
56001962900,1705,1351,354
56001963000,2219,1921,298
56001963101,3599,2719,880
56001963102,3790,3188,602
56001963400,3100,2811,289
56001963500,2515,2432,83
56001963600,4319,3680,639
56001963700,7122,5758,1364
56001963900,2157,1859,298
56003962600,2487,2017,470
56003962700,3372,2528,844
56003962800,5662,4082,1580
56005000101,1779,1377,402
56005000102,5829,4014,1815
56005000103,2126,1598,528
56005000200,7786,5460,2326
56005000300,5089,3750,1339
56005000400,3901,2927,974
56005000500,6961,4851,2110
56005000600,5219,3889,1330
56005000701,1723,1278,445
56005000702,6613,4703,1910
56007967600,2076,1678,398
56007967700,3939,2835,1104
56007967800,3888,2977,911
56007968000,3229,2632,597
56007968100,1405,1099,306
56009956400,4769,3713,1056
56009956500,3277,2281,996
56009956600,3102,2332,770
56009956700,2603,2005,598
56011950200,4628,3384,1244
56011950300,2553,2048,505
56013000100,3976,3028,948
56013000200,3620,2779,841
56013000301,2653,2136,517
56013000302,1621,1283,338
56013000400,1783,1541,242
56013940100,3529,2391,1138
56013940201,4079,3139,940
56013940202,4648,3202,1446
56013940301,1859,1348,511
56013940302,3322,2552,770
56013940400,5783,4385,1398
56013940500,2361,1813,548
56015957700,1715,1395,320
56015957800,3415,2716,699
56015957900,4580,3684,896
56015958000,2788,2210,578
56017967800,2695,2127,568
56017967900,1926,1526,400
56019955100,2578,2059,519
56019955201,2263,1765,498
56019955202,3606,2856,750
56021000200,4584,3679,905
56021000300,4012,2787,1225
56021000401,4959,3716,1243
56021000403,3530,2576,954
56021000404,2650,2024,626
56021000502,3111,2267,844
56021000503,4875,3509,1366
56021000601,2594,2069,525
56021000602,3382,2791,591
56021000701,2894,2391,503
56021000702,1274,1153,121
56021000800,1738,1383,355
56021000900,2757,2255,502
56021001000,2842,2354,488
56021001100,2863,1955,908
56021001200,5142,4104,1038
56021001301,3031,2396,635
56021001302,5532,4203,1329
56021001401,3841,2938,903
56021001402,2655,2104,551
56021001501,5735,4410,1325
56021001502,5360,4133,1227
56021001901,5582,4321,1261
56021001902,4862,3806,1056
56021002001,4571,3421,1150
56021002002,6124,4383,1741
56023978001,3938,2994,944
56023978002,4460,3523,937
56023978100,6419,4466,1953
56023978200,1722,1212,510
56023978400,3042,2265,777
56025000200,3730,2979,751
56025000300,3882,3158,724
56025000400,4106,3173,933
56025000501,6087,4629,1458
56025000502,2647,1957,690
56025000601,2778,1998,780
56025000602,4715,3521,1194
56025000700,2637,2040,597
56025000800,3623,2823,800
56025000901,5077,3764,1313
56025000902,3719,2956,763
56025001000,4584,3441,1143
56025001100,3153,2385,768
56025001200,1804,1411,393
56025001401,6195,4414,1781
56025001602,7661,5594,2067
56025001603,3797,2799,998
56025001700,5044,3664,1380
56025001801,2328,1786,542
56025001802,2388,1945,443
56027957200,2467,2033,434
56029965100,5292,4146,1146
56029965200,6408,4954,1454
56029965301,3401,2847,554
56029965302,4053,3353,700
56029965401,2586,2040,546
56029965402,3701,2887,814
56029965500,4183,3314,869
56031959100,2176,1751,425
56031959401,4633,3707,926
56031959402,1796,1431,365
56033000100,5763,4603,1160
56033000200,3231,2588,643
56033000300,3775,3004,771
56033000400,5369,4202,1167
56033000501,3078,2498,580
56033000502,4102,3268,834
56033000600,5603,4140,1463
56035000101,2978,2268,710
56035000103,2688,2071,617
56035000104,3062,2270,792
56037970500,2354,1802,552
56037970601,3862,2804,1058
56037970602,3247,2305,942
56037970700,3816,2738,1078
56037970800,5202,3776,1426
56037970902,5060,3611,1449
56037970903,2582,1971,611
56037970904,2469,1881,588
56037970905,5308,3664,1644
56037971000,1757,1379,378
56037971100,2772,2146,626
56037971200,2421,1844,577
56037971600,1422,1149,273
56039967601,2458,1984,474
56039967602,2621,2203,418
56039967701,2289,1812,477
56039967703,2074,1729,345
56039967704,4505,3693,812
56039967801,3650,2994,656
56039967802,5734,4340,1394
56041975201,2713,1861,852
56041975202,3807,2637,1170
56041975301,2750,2039,711
56041975302,5004,3442,1562
56041975401,2798,2087,711
56041975402,3378,2561,817
56043000200,3139,2394,745
56043000301,2339,1740,599
56043000302,2207,1712,495
56045951100,3336,2730,606
56045951300,3502,2658,844
